0 0.416015625 0.072265625 0.01416015625 0.03759765625
0 0.986328125 0.20703125 0.0107421875 0.04541015625
0 0.97021484375 0.17138671875 0.00927734375 0.0390625
0 0.91064453125 0.12744140625 0.01123046875 0.04052734375
0 0.8994140625 0.029296875 0.009765625 0.0361328125
0 0.8359375 0.07958984375 0.01025390625 0.04150390625
0 0.88232421875 0.0517578125 0.01123046875 0.04296875
0 0.80517578125 0.01708984375 0.0126953125 0.03369140625
0 0.9228515625 0.1064453125 0.0126953125 0.0400390625
0 0.943359375 0.052734375 0.01171875 0.03466796875
0 0.81982421875 0.07080078125 0.01171875 0.0400390625