0 0.81787109375 0.958984375 0.01123046875 0.03271484375
0 0.87841796875 0.91162109375 0.009765625 0.02587890625
0 0.78662109375 0.935546875 0.01220703125 0.02978515625
0 0.93896484375 0.90625 0.00927734375 0.0185546875
0 0.9775390625 0.9541015625 0.00927734375 0.0224609375
0 0.64453125 0.921875 0.01123046875 0.03125
0 0.6865234375 0.890625 0.01220703125 0.0234375
0 0.92041015625 0.84228515625 0.013671875 0.025390625
0 0.61279296875 0.9833984375 0.01171875 0.0322265625
0 0.89892578125 0.93310546875 0.0234375 0.0234375
0 0.7880859375 0.99365234375 0.01025390625 0.01220703125
0 0.98681640625 0.91845703125 0.0166015625 0.03125
0 0.82373046875 0.99267578125 0.01318359375 0.0146484375
0 0.9560546875 0.75537109375 0.01123046875 0.0224609375
0 0.65625 0.80322265625 0.01220703125 0.0234375
0 0.822265625 0.9072265625 0.01171875 0.017578125
0 0.67919921875 0.9912109375 0.0205078125 0.0166015625
0 0.765625 0.77880859375 0.01953125 0.02587890625
0 0.7314453125 0.78466796875 0.009765625 0.01904296875
0 0.85205078125 0.97119140625 0.01904296875 0.03125
0 0.66064453125 0.98095703125 0.01953125 0.01904296875
0 0.7900390625 0.880859375 0.01416015625 0.02490234375
0 0.9365234375 0.837890625 0.02001953125 0.02978515625
0 0.7626953125 0.896484375 0.02197265625 0.0205078125
0 0.50341796875 0.955078125 0.0107421875 0.029296875
0 0.90087890625 0.7451171875 0.01318359375 0.0185546875
0 0.59765625 0.8408203125 0.0087890625 0.0224609375
0 0.66943359375 0.921875 0.01806640625 0.0302734375
0 0.962890625 0.8681640625 0.01904296875 0.0263671875
0 0.80419921875 0.8994140625 0.021484375 0.02978515625
0 0.7158203125 0.8623046875 0.015625 0.0263671875
0 0.478515625 0.92724609375 0.02197265625 0.02099609375
0 0.984375 0.78564453125 0.0166015625 0.021484375
0 0.904296875 0.9443359375 0.025390625 0.03125
0 0.677734375 0.96630859375 0.01953125 0.0322265625
0 0.978515625 0.70068359375 0.01220703125 0.0205078125
0 0.5166015625 0.9921875 0.015625 0.015625
0 0.9521484375 0.927734375 0.02587890625 0.03271484375
0 0.97705078125 0.98095703125 0.0205078125 0.0322265625
0 0.697265625 0.99560546875 0.01806640625 0.0087890625
0 0.93212890625 0.9833984375 0.0224609375 0.01953125
0 0.70751953125 0.94091796875 0.0146484375 0.02783203125
0 0.99609375 0.85791015625 0.00732421875 0.01318359375
0 0.47314453125 0.970703125 0.01025390625 0.0283203125
0 0.62158203125 0.7822265625 0.0107421875 0.02392578125
0 0.7919921875 0.9677734375 0.01806640625 0.01953125
0 0.3251953125 0.9892578125 0.0166015625 0.02099609375
0 0.51318359375 0.83251953125 0.0185546875 0.0224609375
0 0.59619140625 0.94091796875 0.01611328125 0.0322265625
0 0.96533203125 0.61572265625 0.01318359375 0.01806640625
0 0.4609375 0.8779296875 0.00927734375 0.01171875
0 0.767578125 0.908203125 0.0224609375 0.0166015625
0 0.9951171875 0.9345703125 0.009765625 0.01953125
0 0.42822265625 0.966796875 0.01416015625 0.017578125
0 0.86474609375 0.98974609375 0.01123046875 0.0166015625
0 0.63330078125 0.9970703125 0.0087890625 0.00537109375
0 0.9951171875 0.90625 0.009765625 0.0234375
0 0.99462890625 0.99365234375 0.0107421875 0.0126953125
0 0.82421875 0.97314453125 0.01611328125 0.025390625