0 0.27685546875 0.81494140625 0.0390625 0.060546875
0 0.2685546875 0.7744140625 0.0205078125 0.048828125
0 0.13525390625 0.5546875 0.025390625 0.05322265625
0 0.751953125 0.447265625 0.0341796875 0.06005859375
0 0.21630859375 0.283203125 0.0263671875 0.07861328125
0 0.94091796875 0.076171875 0.02587890625 0.0654296875
0 0.849609375 0.0888671875 0.0322265625 0.08642578125
0 0.65234375 0.3369140625 0.029296875 0.07470703125
0 0.7958984375 0.21142578125 0.02490234375 0.080078125
0 0.91455078125 0.87255859375 0.02294921875 0.07470703125
0 0.60205078125 0.91748046875 0.041015625 0.05029296875
0 0.12841796875 0.2080078125 0.03564453125 0.03662109375
0 0.49658203125 0.505859375 0.0263671875 0.078125
0 0.28173828125 0.2548828125 0.0302734375 0.06982421875
0 0.76904296875 0.04248046875 0.0224609375 0.05615234375
0 0.12841796875 0.6845703125 0.0263671875 0.064453125
0 0.05126953125 0.5595703125 0.03125 0.04638671875
0 0.966796875 0.29638671875 0.0419921875 0.04833984375
0 0.27294921875 0.02734375 0.01806640625 0.05322265625
0 0.560546875 0.70654296875 0.03369140625 0.05712890625
0 0.2646484375 0.39892578125 0.025390625 0.0556640625
0 0.2548828125 0.44189453125 0.03955078125 0.04736328125
0 0.92138671875 0.763671875 0.03759765625 0.04736328125
0 0.5537109375 0.837890625 0.03466796875 0.048828125
0 0.83544921875 0.919921875 0.02978515625 0.0830078125
0 0.76220703125 0.951171875 0.02685546875 0.05859375
0 0.38623046875 0.60595703125 0.02978515625 0.06640625
0 0.822265625 0.97314453125 0.0341796875 0.052734375
0 0.24609375 0.72998046875 0.0419921875 0.04345703125
0 0.69140625 0.9365234375 0.0380859375 0.03662109375
0 0.1650390625 0.9384765625 0.0341796875 0.06396484375
0 0.4228515625 0.80615234375 0.03955078125 0.07177734375
0 0.724609375 0.90380859375 0.02685546875 0.07177734375
0 0.0361328125 0.76171875 0.01513671875 0.05419921875
0 0.33837890625 0.36328125 0.03759765625 0.04296875
0 0.61328125 0.6669921875 0.03173828125 0.06787109375
0 0.22314453125 0.685546875 0.03564453125 0.04248046875
0 0.5478515625 0.68798828125 0.0107421875 0.01953125
0 0.7392578125 0.79736328125 0.03857421875 0.0625
0 0.123046875 0.765625 0.02197265625 0.06689453125
0 0.6953125 0.95556640625 0.04443359375 0.02490234375
0 0.06494140625 0.9833984375 0.0322265625 0.033203125
0 0.3759765625 0.580078125 0.0087890625 0.01904296875
0 0.73681640625 0.744140625 0.04248046875 0.046875