0 0.57373046875 0.390625 0.0419921875 0.0546875
0 0.16162109375 0.75634765625 0.029296875 0.0634765625
0 0.53369140625 0.46484375 0.03515625 0.068359375
0 0.400390625 0.455078125 0.0302734375 0.0693359375
0 0.15478515625 0.509765625 0.0380859375 0.0458984375
0 0.71533203125 0.232421875 0.0458984375 0.05078125
0 0.00830078125 0.52587890625 0.0166015625 0.0400390625
0 0.0234375 0.486328125 0.03515625 0.0263671875
0 0.72119140625 0.2626953125 0.033203125 0.0615234375
0 0.69921875 0.32568359375 0.0380859375 0.0673828125
0 0.2021484375 0.6865234375 0.033203125 0.05078125