0 0.0986328125 0.81103515625 0.03125 0.0341796875
0 0.16357421875 0.8349609375 0.037109375 0.041015625
0 0.185546875 0.72509765625 0.021484375 0.0234375
0 0.1337890625 0.94140625 0.0400390625 0.0419921875
0 0.14453125 0.74365234375 0.0263671875 0.0302734375
0 0.3828125 0.7265625 0.0283203125 0.0322265625
0 0.50537109375 0.85107421875 0.0302734375 0.03515625
0 0.27783203125 0.75390625 0.0166015625 0.01953125
0 0.171875 0.80322265625 0.029296875 0.0322265625
0 0.37548828125 0.8623046875 0.02734375 0.0380859375
0 0.0908203125 0.73583984375 0.021484375 0.02734375
0 0.119140625 0.84033203125 0.021484375 0.03515625
0 0.302734375 0.75537109375 0.0205078125 0.015625
0 0.4111328125 0.87255859375 0.0341796875 0.0341796875
0 0.3427734375 0.71533203125 0.0302734375 0.0283203125
0 0.13916015625 0.80322265625 0.0244140625 0.02734375
0 0.09228515625 0.77587890625 0.0244140625 0.0283203125
0 0.58740234375 0.740234375 0.021484375 0.0283203125
0 0.90576171875 0.88037109375 0.0263671875 0.0380859375
0 0.4462890625 0.94287109375 0.03125 0.0458984375
0 0.4501953125 0.7021484375 0.0283203125 0.0322265625
0 0.24609375 0.98046875 0.03125 0.0390625
0 0.44384765625 0.9697265625 0.0478515625 0.052734375
0 0.810546875 0.8173828125 0.0244140625 0.0400390625
0 0.341796875 0.69677734375 0.01953125 0.0185546875
0 0.44091796875 0.85205078125 0.029296875 0.033203125
0 0.10595703125 0.76513671875 0.0234375 0.0283203125
0 0.125 0.751953125 0.017578125 0.02734375
0 0.46875 0.841796875 0.0205078125 0.0263671875
0 0.66943359375 0.69384765625 0.0244140625 0.02734375
0 0.66162109375 0.83154296875 0.0322265625 0.0283203125
0 0.4189453125 0.767578125 0.0341796875 0.0361328125
0 0.65283203125 0.84814453125 0.0224609375 0.0234375
0 0.79931640625 0.88818359375 0.048828125 0.0546875
0 0.42919921875 0.76416015625 0.0166015625 0.025390625
0 0.0947265625 0.98095703125 0.015625 0.0380859375
0 0.79931640625 0.8359375 0.0146484375 0.0185546875
0 0.0771484375 0.8935546875 0.015625 0.0341796875
0 0.6591796875 0.693359375 0.0244140625 0.03125