0 0.18310546875 0.736328125 0.01513671875 0.0302734375
0 0.18994140625 0.71337890625 0.017578125 0.03125
0 0.076171875 0.56591796875 0.01416015625 0.02978515625
0 0.259765625 0.9765625 0.01416015625 0.0322265625
0 0.13818359375 0.81201171875 0.0107421875 0.03076171875
0 0.1552734375 0.75390625 0.00927734375 0.02978515625
0 0.04638671875 0.802734375 0.01708984375 0.02392578125
0 0.08349609375 0.755859375 0.01416015625 0.029296875
0 0.1083984375 0.650390625 0.0166015625 0.017578125
0 0.2353515625 0.97412109375 0.01611328125 0.02490234375
0 0.02099609375 0.83203125 0.01220703125 0.0283203125
0 0.005859375 0.79541015625 0.0107421875 0.02734375
0 0.046875 0.5517578125 0.0166015625 0.01953125
0 0.095703125 0.8896484375 0.01708984375 0.015625