0 0.40673828125 0.53173828125 0.01171875 0.013671875
0 0.41162109375 0.5263671875 0.0107421875 0.0146484375
0 0.2822265625 0.68798828125 0.015625 0.01953125
0 0.27294921875 0.68408203125 0.015625 0.025390625
0 0.12451171875 0.65234375 0.017578125 0.0166015625
0 0.13037109375 0.64208984375 0.0126953125 0.013671875
0 0.15087890625 0.62890625 0.015625 0.021484375
0 0.14208984375 0.64306640625 0.015625 0.01953125
0 0.34423828125 0.5830078125 0.0146484375 0.015625
0 0.34326171875 0.5927734375 0.015625 0.0126953125
0 0.42236328125 0.5478515625 0.015625 0.0166015625
0 0.333984375 0.56201171875 0.013671875 0.0146484375
0 0.3232421875 0.68359375 0.0146484375 0.0166015625
0 0.5634765625 0.65234375 0.017578125 0.0205078125
0 0.109375 0.80078125 0.015625 0.0244140625
0 0.58349609375 0.5498046875 0.013671875 0.01953125
0 0.46142578125 0.61572265625 0.01171875 0.0166015625
0 0.50439453125 0.5166015625 0.013671875 0.0166015625
0 0.232421875 0.55810546875 0.013671875 0.021484375
0 0.498046875 0.57373046875 0.01171875 0.0146484375
0 0.1171875 0.6796875 0.01171875 0.013671875
0 0.36083984375 0.615234375 0.017578125 0.015625
0 0.49365234375 0.5244140625 0.013671875 0.017578125
0 0.4892578125 0.6044921875 0.0126953125 0.0166015625
0 0.92822265625 0.79931640625 0.01953125 0.021484375
0 0.50048828125 0.626953125 0.013671875 0.015625
0 0.44482421875 0.5986328125 0.0107421875 0.0166015625
0 0.18994140625 0.59033203125 0.0146484375 0.017578125
0 0.53076171875 0.54052734375 0.0107421875 0.015625
0 0.3193359375 0.69921875 0.01953125 0.0224609375
0 0.478515625 0.55859375 0.0107421875 0.0146484375
0 0.2060546875 0.7705078125 0.0126953125 0.0185546875
0 0.76123046875 0.7578125 0.017578125 0.01953125
0 0.7646484375 0.78271484375 0.017578125 0.0224609375
0 0.5927734375 0.67138671875 0.01171875 0.017578125
0 0.890625 0.787109375 0.0205078125 0.021484375
0 0.5693359375 0.65625 0.0068359375 0.009765625
0 0.677734375 0.7099609375 0.01171875 0.01953125