0 0.12158203125 0.2216796875 0.0791015625 0.091796875
0 0.537109375 0.1416015625 0.0634765625 0.0732421875
0 0.4609375 0.1015625 0.0537109375 0.0732421875
0 0.53466796875 0.31396484375 0.0966796875 0.1025390625
0 0.2451171875 0.19970703125 0.08984375 0.08984375
0 0.421875 0.26904296875 0.0498046875 0.1103515625
0 0.36962890625 0.083984375 0.0703125 0.0771484375
0 0.3349609375 0.52880859375 0.1103515625 0.1142578125
0 0.55029296875 0.24951171875 0.0380859375 0.06640625
0 0.7255859375 0.05029296875 0.0341796875 0.0400390625
0 0.7841796875 0.07666015625 0.0478515625 0.033203125
0 0.927734375 0.08056640625 0.04296875 0.0302734375