0 0.22705078125 0.8359375 0.033203125 0.0380859375
0 0.15380859375 0.75634765625 0.0244140625 0.0263671875
0 0.1240234375 0.841796875 0.0361328125 0.041015625
0 0.30712890625 0.78466796875 0.0224609375 0.03515625
0 0.19677734375 0.84912109375 0.0244140625 0.041015625
0 0.12890625 0.7763671875 0.025390625 0.02734375
0 0.1328125 0.74609375 0.0244140625 0.025390625
0 0.61376953125 0.72998046875 0.033203125 0.0419921875
0 0.07763671875 0.81396484375 0.0283203125 0.03515625
0 0.78076171875 0.69921875 0.021484375 0.0224609375
0 0.13671875 0.734375 0.01171875 0.013671875
0 0.06640625 0.802734375 0.0244140625 0.0166015625