0 0.44189453125 0.9140625 0.0263671875 0.0224609375
0 0.58642578125 0.90185546875 0.0126953125 0.03125
0 0.5771484375 0.8857421875 0.0205078125 0.017578125
0 0.951171875 0.75439453125 0.0166015625 0.0185546875
0 0.93896484375 0.75830078125 0.017578125 0.021484375
0 0.86572265625 0.75927734375 0.0126953125 0.0244140625
0 0.53955078125 0.8916015625 0.0224609375 0.025390625
0 0.7236328125 0.7998046875 0.0185546875 0.0263671875
0 0.796875 0.765625 0.0126953125 0.0234375
0 0.609375 0.8779296875 0.0234375 0.0263671875
0 0.78515625 0.76953125 0.013671875 0.0224609375
0 0.560546875 0.8642578125 0.0185546875 0.02734375
0 0.72705078125 0.830078125 0.01171875 0.02734375
0 0.78857421875 0.9169921875 0.015625 0.0302734375
0 0.73046875 0.919921875 0.02734375 0.029296875
0 0.78466796875 0.99658203125 0.0263671875 0.0068359375
0 0.42724609375 0.9169921875 0.0146484375 0.03125
0 0.48291015625 0.89306640625 0.0205078125 0.0380859375
0 0.4189453125 0.96240234375 0.01953125 0.0205078125
0 0.654296875 0.8349609375 0.0185546875 0.0166015625