0 0.09814453125 0.5986328125 0.0224609375 0.0263671875
0 0.10205078125 0.5732421875 0.0146484375 0.0322265625
0 0.23876953125 0.79296875 0.01953125 0.0244140625
0 0.09912109375 0.783203125 0.0185546875 0.025390625
0 0.33740234375 0.4521484375 0.0166015625 0.03125
0 0.216796875 0.58984375 0.017578125 0.0322265625
0 0.19873046875 0.60302734375 0.0185546875 0.02734375
0 0.4931640625 0.8330078125 0.0205078125 0.0322265625
0 0.16748046875 0.623046875 0.01953125 0.0302734375
0 0.19580078125 0.9912109375 0.0185546875 0.017578125
0 0.44384765625 0.84326171875 0.01953125 0.0302734375
0 0.3173828125 0.45703125 0.0205078125 0.021484375
0 0.25390625 0.81689453125 0.0185546875 0.021484375
0 0.3583984375 0.54736328125 0.0146484375 0.0234375
0 0.17431640625 0.57763671875 0.013671875 0.0302734375
0 0.29931640625 0.73828125 0.015625 0.03125
0 0.66650390625 0.68701171875 0.0166015625 0.0283203125
0 0.44189453125 0.38037109375 0.01953125 0.03125
0 0.61376953125 0.96728515625 0.0146484375 0.025390625
0 0.59326171875 0.85693359375 0.015625 0.0283203125
0 0.27783203125 0.78125 0.0166015625 0.017578125
0 0.85546875 0.82373046875 0.015625 0.017578125
0 0.73828125 0.79443359375 0.0166015625 0.0263671875