0 0.552734375 0.4814453125 0.00927734375 0.02099609375
0 0.55908203125 0.48486328125 0.00927734375 0.02783203125
0 0.54052734375 0.6171875 0.01806640625 0.0283203125
0 0.4765625 0.7314453125 0.0185546875 0.0341796875
0 0.53271484375 0.64013671875 0.01123046875 0.0341796875
0 0.7509765625 0.6318359375 0.009765625 0.03369140625
0 0.57470703125 0.322265625 0.005859375 0.01708984375
0 0.91162109375 0.20361328125 0.01318359375 0.0146484375
0 0.52001953125 0.58642578125 0.01220703125 0.02783203125
0 0.81884765625 0.689453125 0.00927734375 0.03125
0 0.66064453125 0.2822265625 0.0087890625 0.0185546875
0 0.88525390625 0.1982421875 0.0107421875 0.0146484375
0 0.82666015625 0.39697265625 0.0126953125 0.021484375
0 0.64501953125 0.37158203125 0.01318359375 0.02197265625
0 0.70263671875 0.423828125 0.01123046875 0.0224609375
0 0.60888671875 0.52490234375 0.01171875 0.029296875
0 0.96728515625 0.615234375 0.0166015625 0.0283203125
0 0.92822265625 0.3056640625 0.00830078125 0.0185546875
0 0.806640625 0.24072265625 0.0078125 0.01513671875
0 0.9013671875 0.19384765625 0.00927734375 0.01220703125
0 0.57421875 0.296875 0.005859375 0.01708984375
0 0.82568359375 0.21826171875 0.01123046875 0.015625
0 0.591796875 0.27880859375 0.0078125 0.0166015625
0 0.90478515625 0.7294921875 0.0263671875 0.03271484375
0 0.662109375 0.9853515625 0.03173828125 0.029296875
0 0.82421875 0.58837890625 0.01953125 0.02734375
0 0.7333984375 0.2236328125 0.009765625 0.01513671875
0 0.6171875 0.26513671875 0.00927734375 0.01708984375
0 0.82861328125 0.52978515625 0.0185546875 0.025390625
0 0.99609375 0.64794921875 0.0078125 0.029296875
0 0.76025390625 0.21044921875 0.0107421875 0.0146484375
0 0.69384765625 0.94091796875 0.01806640625 0.03955078125
0 0.6435546875 0.26513671875 0.0068359375 0.017578125
0 0.80322265625 0.60302734375 0.01171875 0.02978515625
0 0.69873046875 0.3486328125 0.009765625 0.0205078125
0 0.90185546875 0.212890625 0.0107421875 0.01513671875
0 0.46630859375 0.58740234375 0.01708984375 0.03515625
0 0.72607421875 0.26025390625 0.0078125 0.01708984375
0 0.93701171875 0.572265625 0.02294921875 0.02978515625
0 0.5146484375 0.45947265625 0.0185546875 0.02734375
0 0.6376953125 0.35888671875 0.0068359375 0.01025390625
0 0.46630859375 0.77783203125 0.02587890625 0.04248046875
0 0.998046875 0.9609375 0.00390625 0.0361328125
0 0.39404296875 0.98291015625 0.02197265625 0.03369140625