0 0.23193359375 0.072265625 0.02880859375 0.04638671875
0 0.29638671875 0.3876953125 0.02685546875 0.05322265625
0 0.19580078125 0.06787109375 0.01904296875 0.0537109375
0 0.4755859375 0.62841796875 0.0146484375 0.0458984375
0 0.18115234375 0.021484375 0.017578125 0.04296875
0 0.44580078125 0.525390625 0.03173828125 0.03271484375
0 0.4541015625 0.63720703125 0.01708984375 0.04150390625
0 0.53125 0.6767578125 0.0126953125 0.04833984375
0 0.8486328125 0.58203125 0.01904296875 0.04345703125
0 0.74609375 0.94775390625 0.0166015625 0.046875
0 0.60546875 0.58935546875 0.02392578125 0.05859375
0 0.8291015625 0.6611328125 0.01904296875 0.0400390625
0 0.580078125 0.67919921875 0.0146484375 0.05712890625
0 0.20849609375 0.06640625 0.01513671875 0.0458984375
0 0.8193359375 0.59619140625 0.01953125 0.0400390625
0 0.58740234375 0.6015625 0.02783203125 0.02197265625
0 0.15087890625 0.10498046875 0.0263671875 0.05419921875
0 0.69677734375 0.8115234375 0.013671875 0.064453125
0 0.13134765625 0.109375 0.015625 0.029296875