0 0.9326171875 0.26513671875 0.0244140625 0.06494140625
0 0.6474609375 0.41455078125 0.03125 0.05322265625
0 0.77490234375 0.642578125 0.03662109375 0.03955078125
0 0.85302734375 0.7216796875 0.03369140625 0.0556640625
0 0.818359375 0.8994140625 0.04345703125 0.05712890625
0 0.7978515625 0.7353515625 0.03662109375 0.0439453125
0 0.267578125 0.60205078125 0.02490234375 0.0556640625
0 0.4541015625 0.39794921875 0.041015625 0.048828125
0 0.65087890625 0.673828125 0.021484375 0.03662109375
0 0.369140625 0.91162109375 0.0419921875 0.04736328125
0 0.3232421875 0.3486328125 0.0224609375 0.041015625
0 0.63427734375 0.833984375 0.01611328125 0.0693359375
0 0.61328125 0.82568359375 0.02099609375 0.0712890625
0 0.50927734375 0.01416015625 0.02197265625 0.02783203125
0 0.81591796875 0.61376953125 0.03369140625 0.05859375
0 0.88037109375 0.7099609375 0.0234375 0.07666015625