0 0.2919921875 0.46240234375 0.02978515625 0.05517578125
0 0.9755859375 0.732421875 0.044921875 0.05322265625
0 0.47265625 0.18359375 0.03955078125 0.1064453125
0 0.97509765625 0.53271484375 0.0302734375 0.07421875
0 0.49609375 0.06103515625 0.02978515625 0.05810546875
0 0.2119140625 0.4541015625 0.021484375 0.06982421875
0 0.869140625 0.80224609375 0.0263671875 0.08349609375
0 0.4580078125 0.830078125 0.044921875 0.05615234375
0 0.34326171875 0.3134765625 0.02197265625 0.0537109375
0 0.5205078125 0.9052734375 0.02294921875 0.04296875
0 0.3876953125 0.3125 0.041015625 0.04541015625
0 0.837890625 0.236328125 0.02978515625 0.0439453125
0 0.7060546875 0.7509765625 0.03076171875 0.05126953125
0 0.783203125 0.17236328125 0.0283203125 0.06787109375
0 0.298828125 0.1533203125 0.02783203125 0.05810546875
0 0.9111328125 0.3046875 0.03125 0.0625
0 0.66845703125 0.7314453125 0.03515625 0.0546875
0 0.44921875 0.46337890625 0.0439453125 0.04296875
0 0.4169921875 0.64453125 0.03173828125 0.064453125
0 0.71484375 0.0400390625 0.0361328125 0.0341796875
0 0.36376953125 0.4873046875 0.03515625 0.0654296875
0 0.49365234375 0.392578125 0.0361328125 0.0595703125
0 0.9140625 0.04931640625 0.0341796875 0.046875
0 0.90771484375 0.61279296875 0.01708984375 0.0771484375
0 0.34228515625 0.01806640625 0.0244140625 0.03564453125
0 0.80712890625 0.23046875 0.033203125 0.03955078125
0 0.919921875 0.78564453125 0.0166015625 0.064453125
0 0.8720703125 0.0693359375 0.01708984375 0.0537109375
0 0.48486328125 0.09765625 0.01708984375 0.06689453125