0 0.451171875 0.7392578125 0.02587890625 0.03271484375
0 0.88427734375 0.77001953125 0.03564453125 0.0390625
0 0.12646484375 0.80615234375 0.033203125 0.02978515625
0 0.29296875 0.677734375 0.0234375 0.02392578125
0 0.4658203125 0.8115234375 0.02880859375 0.0341796875
0 0.9736328125 0.87158203125 0.044921875 0.04443359375
0 0.0244140625 0.8583984375 0.0380859375 0.0361328125
0 0.06884765625 0.904296875 0.0390625 0.04150390625
0 0.830078125 0.78466796875 0.0400390625 0.04150390625
0 0.517578125 0.681640625 0.0263671875 0.0263671875
0 0.89013671875 0.84423828125 0.046875 0.04296875
0 0.388671875 0.87158203125 0.04150390625 0.03662109375
0 0.6474609375 0.71533203125 0.03369140625 0.03125
0 0.19140625 0.875 0.0419921875 0.0390625
0 0.01611328125 0.97412109375 0.02734375 0.02685546875
0 0.4111328125 0.8974609375 0.0419921875 0.03857421875
0 0.61083984375 0.748046875 0.025390625 0.02978515625
0 0.2841796875 0.720703125 0.02587890625 0.02783203125
0 0.693359375 0.748046875 0.0283203125 0.03466796875
0 0.7099609375 0.81298828125 0.03857421875 0.03662109375
0 0.34375 0.771484375 0.03076171875 0.03271484375
0 0.7158203125 0.77392578125 0.03857421875 0.03271484375
0 0.1171875 0.90185546875 0.04150390625 0.04150390625
0 0.1279296875 0.626953125 0.0205078125 0.02099609375
0 0.177734375 0.845703125 0.0361328125 0.029296875
0 0.7890625 0.765625 0.03759765625 0.037109375
0 0.02734375 0.6845703125 0.0224609375 0.0234375
0 0.0107421875 0.71337890625 0.02099609375 0.02392578125
0 0.8447265625 0.841796875 0.044921875 0.041015625
0 0.646484375 0.951171875 0.05615234375 0.04833984375
0 0.33447265625 0.986328125 0.0478515625 0.02685546875
0 0.03466796875 0.78515625 0.0263671875 0.03076171875
0 0.212890625 0.8916015625 0.03466796875 0.021484375
0 0.892578125 0.88232421875 0.04296875 0.044921875
0 0.3212890625 0.70703125 0.01806640625 0.02490234375
0 0.80517578125 0.95654296875 0.05517578125 0.04638671875
0 0.7822265625 0.93310546875 0.0576171875 0.04931640625
0 0.85986328125 0.88134765625 0.0458984375 0.0419921875
0 0.33984375 0.6943359375 0.021484375 0.0283203125
0 0.6875 0.91064453125 0.02490234375 0.056640625
0 0.31005859375 0.763671875 0.033203125 0.02880859375
0 0.02734375 0.62744140625 0.017578125 0.01904296875
0 0.6806640625 0.8740234375 0.05224609375 0.0439453125
0 0.17919921875 0.64599609375 0.01953125 0.01904296875
0 0.263671875 0.83740234375 0.0234375 0.03369140625
0 0.10888671875 0.7509765625 0.02099609375 0.02978515625
0 0.58984375 0.884765625 0.037109375 0.0390625
0 0.103515625 0.6484375 0.02197265625 0.02001953125
0 0.611328125 0.86474609375 0.044921875 0.04345703125
0 0.52978515625 0.73486328125 0.0263671875 0.0234375
0 0.11376953125 0.70751953125 0.0205078125 0.0224609375
0 0.3515625 0.884765625 0.03125 0.02783203125
0 0.033203125 0.650390625 0.021484375 0.02392578125
0 0.59326171875 0.82373046875 0.033203125 0.03173828125
0 0.77294921875 0.8232421875 0.044921875 0.041015625
0 0.05810546875 0.6884765625 0.02001953125 0.02001953125
0 0.07861328125 0.66162109375 0.01611328125 0.01171875
0 0.150390625 0.673828125 0.01806640625 0.015625
0 0.140625 0.97705078125 0.033203125 0.0458984375
0 0.2001953125 0.658203125 0.01513671875 0.02099609375
0 0.61181640625 0.8369140625 0.0400390625 0.033203125
0 0.177734375 0.66259765625 0.02392578125 0.02392578125
0 0.64697265625 0.83056640625 0.03173828125 0.02978515625
0 0.53173828125 0.75 0.02099609375 0.0263671875
0 0.09814453125 0.703125 0.015625 0.02587890625
0 0.048828125 0.63720703125 0.017578125 0.02001953125
0 0.3310546875 0.75537109375 0.02392578125 0.03076171875
0 0.1650390625 0.9697265625 0.03369140625 0.02783203125
0 0.65966796875 0.85791015625 0.04052734375 0.033203125
0 0.1083984375 0.6591796875 0.0166015625 0.02099609375
0 0.9443359375 0.8623046875 0.01708984375 0.048828125
0 0.12109375 0.6650390625 0.01220703125 0.02197265625
0 0.58544921875 0.69970703125 0.013671875 0.02490234375
0 0.0537109375 0.76806640625 0.017578125 0.02978515625
0 0.52978515625 0.99462890625 0.03173828125 0.01025390625
0 0.158203125 0.64111328125 0.013671875 0.00732421875
0 0.0048828125 0.9443359375 0.00927734375 0.037109375
0 0.9921875 0.83544921875 0.01123046875 0.041015625
0 0.81787109375 0.779296875 0.01708984375 0.03076171875
0 0.169921875 0.65380859375 0.01025390625 0.01318359375
0 0.0869140625 0.57275390625 0.01416015625 0.0166015625
0 0.51953125 0.7333984375 0.01025390625 0.01708984375