0 0.7626953125 0.517578125 0.02734375 0.046875
0 0.705078125 0.23876953125 0.0302734375 0.0498046875
0 0.78662109375 0.73291015625 0.021484375 0.0400390625
0 0.76025390625 0.90869140625 0.025390625 0.0546875
0 0.71337890625 0.173828125 0.0283203125 0.037109375
0 0.859375 0.94482421875 0.01953125 0.0302734375
0 0.90673828125 0.93212890625 0.021484375 0.044921875
0 0.6611328125 0.81103515625 0.015625 0.0302734375
0 0.8369140625 0.7109375 0.029296875 0.046875
0 0.78759765625 0.865234375 0.025390625 0.0478515625
0 0.71484375 0.7392578125 0.0302734375 0.0654296875
0 0.62109375 0.60205078125 0.0244140625 0.046875
0 0.67333984375 0.68505859375 0.0166015625 0.0390625
0 0.61767578125 0.91748046875 0.0205078125 0.05078125
0 0.6552734375 0.6845703125 0.02734375 0.0498046875
0 0.8271484375 0.927734375 0.0283203125 0.0478515625
0 0.67138671875 0.41650390625 0.0224609375 0.0458984375
0 0.67236328125 0.556640625 0.03125 0.064453125
0 0.669921875 0.595703125 0.0205078125 0.0400390625
0 0.64111328125 0.12744140625 0.02734375 0.0595703125
0 0.75390625 0.71142578125 0.0224609375 0.0380859375
0 0.52392578125 0.34228515625 0.02734375 0.0625
0 0.48095703125 0.03173828125 0.025390625 0.056640625
0 0.73583984375 0.54296875 0.01953125 0.0361328125
0 0.8857421875 0.080078125 0.0224609375 0.0498046875
0 0.6640625 0.541015625 0.0166015625 0.0341796875
0 0.65283203125 0.62939453125 0.0185546875 0.04296875
0 0.46826171875 0.05810546875 0.0302734375 0.044921875