0 0.53857421875 0.8779296875 0.017578125 0.048828125
0 0.37109375 0.328125 0.017578125 0.0478515625
0 0.51416015625 0.5986328125 0.01953125 0.0400390625
0 0.35009765625 0.103515625 0.0205078125 0.0302734375
0 0.53125 0.51025390625 0.0166015625 0.044921875
0 0.3681640625 0.490234375 0.01953125 0.041015625
0 0.146484375 0.5517578125 0.021484375 0.029296875
0 0.32275390625 0.57568359375 0.021484375 0.0419921875
0 0.35693359375 0.2412109375 0.017578125 0.046875
0 0.3232421875 0.22314453125 0.0166015625 0.0458984375
0 0.2529296875 0.56787109375 0.0166015625 0.046875
0 0.4140625 0.37158203125 0.0224609375 0.029296875
0 0.2724609375 0.8408203125 0.0166015625 0.044921875
0 0.2392578125 0.85546875 0.021484375 0.0498046875
0 0.0439453125 0.75146484375 0.021484375 0.0283203125
0 0.12646484375 0.271484375 0.0166015625 0.03515625
0 0.537109375 0.53662109375 0.0146484375 0.0419921875
0 0.22216796875 0.03857421875 0.01953125 0.0263671875
0 0.23193359375 0.9873046875 0.0244140625 0.025390625
0 0.32666015625 0.33349609375 0.0146484375 0.037109375
0 0.07373046875 0.1865234375 0.0166015625 0.03515625
0 0.2861328125 0.2890625 0.0146484375 0.0390625
0 0.4921875 0.66064453125 0.017578125 0.0517578125
0 0.39599609375 0.34375 0.0146484375 0.0390625
0 0.34716796875 0.1943359375 0.017578125 0.0419921875
0 0.2314453125 0.5732421875 0.0166015625 0.0458984375
0 0.20263671875 0.1416015625 0.015625 0.0361328125
0 0.3408203125 0.74267578125 0.01953125 0.0419921875
0 0.02978515625 0.70068359375 0.021484375 0.0390625
0 0.1826171875 0.6455078125 0.0205078125 0.048828125
0 0.31982421875 0.40087890625 0.0205078125 0.037109375
0 0.24560546875 0.5322265625 0.0205078125 0.048828125
0 0.02099609375 0.54931640625 0.0185546875 0.0400390625
0 0.03955078125 0.06298828125 0.017578125 0.03515625
0 0.05615234375 0.36572265625 0.0224609375 0.0341796875
0 0.27001953125 0.50244140625 0.015625 0.0419921875
0 0.12109375 0.619140625 0.0205078125 0.0478515625
0 0.2470703125 0.39453125 0.0185546875 0.0390625
0 0.05419921875 0.0791015625 0.0146484375 0.033203125
0 0.21875 0.1572265625 0.0146484375 0.033203125
0 0.3662109375 0.67431640625 0.0205078125 0.0478515625
0 0.53564453125 0.9892578125 0.0205078125 0.0205078125
0 0.20068359375 0.22705078125 0.0205078125 0.0400390625
0 0.43994140625 0.6494140625 0.017578125 0.0419921875
0 0.34814453125 0.6708984375 0.0166015625 0.044921875
0 0.06640625 0.52197265625 0.017578125 0.0380859375
0 0.04541015625 0.50244140625 0.017578125 0.0341796875
0 0.00537109375 0.2880859375 0.0107421875 0.05078125
0 0.06103515625 0.2919921875 0.0205078125 0.0400390625
0 0.03173828125 0.29541015625 0.0234375 0.044921875
0 0.17578125 0.0439453125 0.0126953125 0.0263671875
0 0.1748046875 0.255859375 0.01953125 0.0419921875
0 0.0673828125 0.72509765625 0.0224609375 0.048828125
0 0.64404296875 0.9716796875 0.0244140625 0.0341796875
0 0.18212890625 0.10888671875 0.01953125 0.0419921875
0 0.08203125 0.36572265625 0.021484375 0.033203125
0 0.15673828125 0.6943359375 0.0146484375 0.0390625
0 0.1572265625 0.2548828125 0.017578125 0.0380859375
0 0.62255859375 0.2255859375 0.015625 0.029296875
0 0.14990234375 0.05615234375 0.01953125 0.041015625
0 0.55419921875 0.76806640625 0.0322265625 0.0380859375
0 0.13330078125 0.71484375 0.01953125 0.0390625
0 0.1435546875 0.123046875 0.01171875 0.0244140625
0 0.5068359375 0.208984375 0.0205078125 0.0419921875
0 0.20458984375 0.63671875 0.009765625 0.0185546875
0 0.3916015625 0.99755859375 0.015625 0.0048828125
0 0.1611328125 0.04736328125 0.0107421875 0.029296875