0 0.83642578125 0.14697265625 0.0810546875 0.0986328125
0 0.54248046875 0.107421875 0.037109375 0.0478515625
0 0.4267578125 0.18994140625 0.044921875 0.0654296875
0 0.90283203125 0.072265625 0.0263671875 0.0439453125
0 0.9892578125 0.0859375 0.021484375 0.046875
0 0.50048828125 0.04541015625 0.029296875 0.056640625
0 0.43798828125 0.02294921875 0.0400390625 0.0458984375
0 0.40625 0.02392578125 0.080078125 0.0478515625
0 0.70361328125 0.189453125 0.0732421875 0.0830078125
0 0.71630859375 0.54833984375 0.0771484375 0.17578125
0 0.10498046875 0.11328125 0.04296875 0.111328125
0 0.3603515625 0.0966796875 0.0751953125 0.1240234375
0 0.72314453125 0.498046875 0.0380859375 0.068359375
0 0.71337890625 0.04296875 0.0341796875 0.0390625
0 0.5859375 0.029296875 0.0390625 0.0478515625
0 0.85205078125 0.46923828125 0.076171875 0.091796875
0 0.9404296875 0.810546875 0.056640625 0.125
0 0.64208984375 0.30908203125 0.0322265625 0.0771484375
0 0.7490234375 0.04541015625 0.0263671875 0.033203125
0 0.95849609375 0.22021484375 0.0283203125 0.06640625
0 0.37255859375 0.10205078125 0.0380859375 0.072265625
0 0.24072265625 0.1943359375 0.0302734375 0.0830078125
0 0.53515625 0.43017578125 0.05859375 0.080078125
0 0.98046875 0.34228515625 0.0390625 0.0595703125
0 0.67333984375 0.2998046875 0.044921875 0.0556640625
0 0.36767578125 0.06005859375 0.0234375 0.0400390625
0 0.62255859375 0.1201171875 0.05078125 0.0498046875
0 0.8515625 0.173828125 0.0341796875 0.0400390625
0 0.88671875 0.0615234375 0.0205078125 0.0263671875
0 0.70751953125 0.16162109375 0.0380859375 0.0234375
0 0.24267578125 0.16943359375 0.01953125 0.03125
0 0.11279296875 0.0908203125 0.0234375 0.044921875
0 0.6572265625 0.03369140625 0.0478515625 0.0380859375
0 0.53173828125 0.40771484375 0.021484375 0.033203125
0 0.8330078125 0.11962890625 0.01953125 0.02734375
0 0.439453125 0.005859375 0.025390625 0.01171875
0 0.8154296875 0.11376953125 0.0224609375 0.0283203125
0 0.39501953125 0.00341796875 0.0361328125 0.0068359375
0 0.673828125 0.03369140625 0.017578125 0.0302734375