0 0.13232421875 0.29931640625 0.017578125 0.017578125
0 0.14599609375 0.6796875 0.01953125 0.0185546875
0 0.06884765625 0.5888671875 0.0185546875 0.01953125
0 0.01318359375 0.57470703125 0.01953125 0.017578125
0 0.12255859375 0.0966796875 0.0166015625 0.01953125
0 0.037109375 0.6650390625 0.0205078125 0.017578125
0 0.23828125 0.84033203125 0.0234375 0.0224609375
0 0.0087890625 0.4853515625 0.017578125 0.017578125
0 0.17236328125 0.39208984375 0.0166015625 0.0166015625
0 0.2392578125 0.5126953125 0.01953125 0.0185546875
0 0.16748046875 0.63916015625 0.017578125 0.0166015625
0 0.08154296875 0.189453125 0.0126953125 0.0166015625
0 0.00341796875 0.705078125 0.0068359375 0.017578125
0 0.22314453125 0.3935546875 0.017578125 0.015625
0 0.10693359375 0.10107421875 0.0166015625 0.0146484375
0 0.20263671875 0.3056640625 0.0146484375 0.0146484375
0 0.1669921875 0.419921875 0.015625 0.0166015625
0 0.0400390625 0.4208984375 0.0185546875 0.0205078125
0 0.1728515625 0.29150390625 0.0185546875 0.0185546875
0 0.140625 0.34716796875 0.017578125 0.017578125
0 0.08642578125 0.10888671875 0.013671875 0.0126953125
0 0.26171875 0.77197265625 0.01953125 0.0283203125
0 0.20361328125 0.8896484375 0.025390625 0.0283203125
0 0.07373046875 0.35302734375 0.0185546875 0.017578125
0 0.16943359375 0.27001953125 0.015625 0.015625
0 0.0673828125 0.560546875 0.01953125 0.0185546875
0 0.2109375 0.50927734375 0.0185546875 0.017578125
0 0.0419921875 0.33203125 0.015625 0.013671875
0 0.06591796875 0.11962890625 0.0146484375 0.0146484375
0 0.0859375 0.30126953125 0.017578125 0.017578125
0 0.1552734375 0.23974609375 0.013671875 0.015625
0 0.12451171875 0.22021484375 0.01171875 0.013671875
0 0.22607421875 0.951171875 0.0205078125 0.01953125
0 0.251953125 0.37890625 0.01953125 0.0185546875
0 0.0791015625 0.38427734375 0.0244140625 0.021484375
0 0.0419921875 0.2568359375 0.0146484375 0.0166015625
0 0.2451171875 0.4873046875 0.021484375 0.01953125
0 0.1005859375 0.27978515625 0.0146484375 0.0166015625
0 0.07958984375 0.23681640625 0.0146484375 0.017578125
0 0.09228515625 0.26220703125 0.013671875 0.017578125
0 0.2578125 0.34228515625 0.013671875 0.0126953125
0 0.0634765625 0.20703125 0.015625 0.0224609375
0 0.18896484375 0.21728515625 0.0126953125 0.0166015625
0 0.10205078125 0.3935546875 0.0185546875 0.0146484375
0 0.107421875 0.23681640625 0.0166015625 0.017578125
0 0.11669921875 0.140625 0.0146484375 0.0166015625
0 0.154296875 0.185546875 0.0146484375 0.013671875
0 0.0703125 0.70654296875 0.01953125 0.0205078125
0 0.12353515625 0.1689453125 0.01171875 0.0126953125
0 0.0732421875 0.16064453125 0.013671875 0.01953125
0 0.27490234375 0.48486328125 0.0146484375 0.0166015625
0 0.064453125 0.2783203125 0.01953125 0.0166015625
0 0.0791015625 0.27734375 0.017578125 0.01953125
0 0.0947265625 0.31689453125 0.015625 0.0185546875
0 0.09716796875 0.130859375 0.0224609375 0.0234375
0 0.05517578125 0.24169921875 0.0126953125 0.01953125
0 0.01123046875 0.41455078125 0.009765625 0.013671875
0 0.09619140625 0.40087890625 0.017578125 0.017578125
0 0.19140625 0.26806640625 0.01171875 0.0126953125
0 0.06787109375 0.3935546875 0.013671875 0.0166015625
0 0.265625 0.48486328125 0.0146484375 0.015625
0 0.10400390625 0.22802734375 0.0185546875 0.0166015625
0 0.10400390625 0.12548828125 0.0107421875 0.0126953125
0 0.1181640625 0.03173828125 0.0126953125 0.0146484375
0 0.12890625 0.34912109375 0.01171875 0.0146484375