0 0.5595703125 0.587890625 0.009765625 0.02734375
0 0.55224609375 0.5908203125 0.01025390625 0.0185546875
0 0.486328125 0.7822265625 0.009765625 0.02099609375
0 0.537109375 0.95654296875 0.0068359375 0.0185546875
0 0.63916015625 0.5908203125 0.00634765625 0.01708984375
0 0.4453125 0.7607421875 0.00830078125 0.01953125
0 0.59130859375 0.72412109375 0.009765625 0.021484375
0 0.3984375 0.931640625 0.0078125 0.02001953125
0 0.57275390625 0.5595703125 0.00732421875 0.01904296875
0 0.54931640625 0.56884765625 0.009765625 0.017578125
0 0.388671875 0.935546875 0.009765625 0.0185546875
0 0.5009765625 0.962890625 0.00634765625 0.02099609375
0 0.46435546875 0.69580078125 0.01025390625 0.01904296875
0 0.3974609375 0.86376953125 0.00732421875 0.01953125
0 0.58203125 0.751953125 0.00732421875 0.02099609375
0 0.66357421875 0.544921875 0.00732421875 0.0185546875
0 0.43212890625 0.939453125 0.00830078125 0.01953125
0 0.79345703125 0.48583984375 0.01171875 0.02294921875
0 0.69775390625 0.49560546875 0.0078125 0.01611328125
0 0.5390625 0.9921875 0.0087890625 0.0146484375
0 0.357421875 0.97216796875 0.01220703125 0.01513671875
0 0.78076171875 0.4365234375 0.00927734375 0.0146484375
0 0.5 0.59521484375 0.0078125 0.01708984375
0 0.40869140625 0.91943359375 0.009765625 0.0205078125
0 0.806640625 0.4365234375 0.00830078125 0.01220703125
0 0.79833984375 0.47119140625 0.01123046875 0.013671875