0 0.6435546875 0.62890625 0.03125 0.0654296875
0 0.6015625 0.6669921875 0.02880859375 0.06103515625
0 0.78125 0.71728515625 0.02685546875 0.07861328125
0 0.53076171875 0.701171875 0.0458984375 0.0615234375
0 0.88134765625 0.50146484375 0.04052734375 0.0595703125
0 0.55078125 0.91650390625 0.0380859375 0.0791015625
0 0.3583984375 0.736328125 0.0439453125 0.0751953125
0 0.1533203125 0.470703125 0.03857421875 0.05029296875
0 0.39794921875 0.8466796875 0.06396484375 0.07568359375
0 0.86376953125 0.6220703125 0.03515625 0.06201171875
0 0.03564453125 0.63818359375 0.0390625 0.064453125
0 0.4345703125 0.896484375 0.05419921875 0.09423828125
0 0.3427734375 0.513671875 0.04736328125 0.048828125
0 0.4912109375 0.240234375 0.0244140625 0.04443359375
0 0.08544921875 0.81640625 0.025390625 0.0830078125
0 0.23193359375 0.697265625 0.0234375 0.0751953125
0 0.396484375 0.7060546875 0.056640625 0.04736328125
0 0.265625 0.72119140625 0.0537109375 0.04052734375
0 0.0498046875 0.46484375 0.01611328125 0.04931640625
0 0.69140625 0.42236328125 0.0244140625 0.05078125
0 0.31005859375 0.365234375 0.015625 0.04296875
0 0.21875 0.5263671875 0.03857421875 0.0595703125
0 0.40087890625 0.384765625 0.041015625 0.044921875
0 0.97314453125 0.37255859375 0.0341796875 0.04833984375
0 0.09228515625 0.578125 0.046875 0.0556640625
0 0.0771484375 0.56298828125 0.03369140625 0.0537109375
0 0.5908203125 0.767578125 0.0302734375 0.03955078125
0 0.44287109375 0.544921875 0.0576171875 0.05517578125
0 0.625 0.28857421875 0.03173828125 0.0458984375
0 0.02685546875 0.79931640625 0.0263671875 0.0966796875
0 0.52392578125 0.529296875 0.03564453125 0.05224609375
0 0.43994140625 0.26220703125 0.021484375 0.03857421875
0 0.65576171875 0.2744140625 0.01904296875 0.044921875
0 0.791015625 0.33251953125 0.02392578125 0.0439453125
0 0.27783203125 0.61328125 0.0458984375 0.07421875
0 0.78515625 0.6533203125 0.033203125 0.0361328125
0 0.5107421875 0.576171875 0.0341796875 0.06005859375
0 0.7578125 0.81689453125 0.04248046875 0.0595703125
0 0.68408203125 0.7490234375 0.0224609375 0.03466796875
0 0.6953125 0.56005859375 0.03173828125 0.0263671875
0 0.2314453125 0.564453125 0.04150390625 0.05615234375
0 0.50537109375 0.32763671875 0.0263671875 0.0234375
0 0.15478515625 0.37255859375 0.01806640625 0.05078125
0 0.84814453125 0.3330078125 0.04248046875 0.05126953125
0 0.2021484375 0.44580078125 0.01953125 0.0546875
0 0.16845703125 0.419921875 0.0302734375 0.025390625
0 0.0234375 0.3388671875 0.01318359375 0.03271484375
0 0.10888671875 0.625 0.02587890625 0.03173828125
0 0.75634765625 0.541015625 0.02685546875 0.05224609375
0 0.7294921875 0.4853515625 0.0498046875 0.05322265625
0 0.69287109375 0.470703125 0.0478515625 0.0400390625
0 0.2490234375 0.3193359375 0.02197265625 0.03759765625
0 0.75341796875 0.861328125 0.0400390625 0.05029296875
0 0.892578125 0.34814453125 0.0478515625 0.05419921875
0 0.8388671875 0.3876953125 0.01806640625 0.0546875
0 0.81494140625 0.43115234375 0.02392578125 0.05029296875
0 0.36279296875 0.29931640625 0.025390625 0.044921875
0 0.14599609375 0.3505859375 0.0263671875 0.01806640625
0 0.9541015625 0.740234375 0.03564453125 0.080078125
0 0.6259765625 0.47412109375 0.05078125 0.0615234375
0 0.2431640625 0.3369140625 0.0126953125 0.0439453125
0 0.0986328125 0.98681640625 0.03369140625 0.0263671875
0 0.04345703125 0.71337890625 0.0498046875 0.06396484375
0 0.48681640625 0.572265625 0.0283203125 0.06201171875
0 0.369140625 0.45751953125 0.02099609375 0.0234375
0 0.4521484375 0.28466796875 0.0224609375 0.03955078125
0 0.39404296875 0.31640625 0.017578125 0.04345703125
0 0.55419921875 0.44921875 0.0166015625 0.0556640625
0 0.0078125 0.52587890625 0.01513671875 0.046875
0 0.05859375 0.5087890625 0.03564453125 0.02880859375
0 0.251953125 0.53662109375 0.0244140625 0.0224609375
0 0.00634765625 0.4052734375 0.0126953125 0.0380859375
0 0.419921875 0.93017578125 0.09033203125 0.0927734375
0 0.81787109375 0.40283203125 0.05517578125 0.0498046875