0 0.96533203125 0.76904296875 0.02587890625 0.02587890625
0 0.72021484375 0.6650390625 0.02099609375 0.0244140625
0 0.96875 0.67919921875 0.02294921875 0.0224609375
0 0.74560546875 0.82421875 0.0302734375 0.03271484375
0 0.87841796875 0.6318359375 0.0146484375 0.0166015625
0 0.703125 0.69970703125 0.0234375 0.0234375
0 0.82568359375 0.85791015625 0.03515625 0.0400390625
0 0.92041015625 0.7060546875 0.0263671875 0.0263671875
0 0.6640625 0.76513671875 0.02001953125 0.02392578125
0 0.76416015625 0.75537109375 0.01611328125 0.02587890625
0 0.908203125 0.68505859375 0.02001953125 0.02294921875
0 0.81103515625 0.66943359375 0.01025390625 0.013671875
0 0.73828125 0.76611328125 0.0224609375 0.0234375
0 0.91357421875 0.638671875 0.02490234375 0.021484375
0 0.94580078125 0.900390625 0.0302734375 0.0439453125
0 0.5927734375 0.8994140625 0.03125 0.04052734375
0 0.74462890625 0.64990234375 0.0205078125 0.0205078125
0 0.390625 0.83544921875 0.01513671875 0.025390625
0 0.89013671875 0.80908203125 0.01806640625 0.03173828125
0 0.96826171875 0.654296875 0.017578125 0.02099609375
0 0.93310546875 0.6806640625 0.015625 0.01953125
0 0.95751953125 0.70166015625 0.013671875 0.025390625
0 0.65869140625 0.65771484375 0.01904296875 0.021484375
0 0.9599609375 0.62451171875 0.01513671875 0.02001953125
0 0.791015625 0.673828125 0.01416015625 0.00927734375
0 0.466796875 0.82275390625 0.02685546875 0.03759765625
0 0.5625 0.705078125 0.01171875 0.0185546875
0 0.56494140625 0.9130859375 0.03271484375 0.04052734375
0 0.5947265625 0.9921875 0.03759765625 0.0146484375
0 0.427734375 0.787109375 0.01171875 0.0302734375
0 0.95263671875 0.6484375 0.01611328125 0.01953125
0 0.71630859375 0.75732421875 0.01513671875 0.02392578125
0 0.7353515625 0.81298828125 0.0185546875 0.0322265625
0 0.96728515625 0.92724609375 0.033203125 0.0419921875
0 0.68701171875 0.7568359375 0.0126953125 0.0146484375
0 0.74267578125 0.63671875 0.0146484375 0.01220703125
0 0.93408203125 0.642578125 0.01025390625 0.02001953125
0 0.5390625 0.77734375 0.021484375 0.02001953125
0 0.552734375 0.78564453125 0.013671875 0.01513671875
0 0.4794921875 0.685546875 0.01513671875 0.0205078125
0 0.9970703125 0.7294921875 0.00537109375 0.02099609375