0 0.9140625 0.13623046875 0.0263671875 0.0771484375
0 0.63330078125 0.52197265625 0.03466796875 0.0517578125
0 0.82958984375 0.5673828125 0.0302734375 0.046875
0 0.54638671875 0.89990234375 0.03125 0.05029296875
0 0.79296875 0.74365234375 0.03564453125 0.06591796875
0 0.70166015625 0.88330078125 0.0361328125 0.0380859375
0 0.61572265625 0.67333984375 0.01806640625 0.080078125
0 0.4287109375 0.25634765625 0.025390625 0.05810546875
0 0.77587890625 0.59033203125 0.0390625 0.04052734375
0 0.2470703125 0.4384765625 0.02587890625 0.05810546875
0 0.34814453125 0.748046875 0.044921875 0.048828125
0 0.58984375 0.6650390625 0.01904296875 0.07470703125
0 0.7548828125 0.50048828125 0.0400390625 0.04052734375
0 0.6806640625 0.9814453125 0.02197265625 0.03662109375
0 0.41796875 0.8974609375 0.03076171875 0.0751953125
0 0.62255859375 0.25244140625 0.02001953125 0.04638671875
0 0.3037109375 0.18359375 0.02197265625 0.05224609375
0 0.8544921875 0.9306640625 0.0341796875 0.06103515625
0 0.3232421875 0.9677734375 0.029296875 0.0556640625
0 0.79541015625 0.46728515625 0.03466796875 0.0654296875
0 0.861328125 0.564453125 0.0224609375 0.072265625