0 0.32470703125 0.806640625 0.01025390625 0.0341796875
0 0.11474609375 0.78564453125 0.01025390625 0.03466796875
0 0.462890625 0.443359375 0.01611328125 0.0224609375
0 0.21142578125 0.31396484375 0.01904296875 0.01513671875
0 0.75390625 0.50830078125 0.0205078125 0.0234375
0 0.90625 0.7158203125 0.01513671875 0.03076171875
0 0.78076171875 0.50927734375 0.01123046875 0.0302734375
0 0.65087890625 0.85302734375 0.01513671875 0.03271484375
0 0.423828125 0.38818359375 0.01171875 0.02978515625
0 0.81982421875 0.6064453125 0.01416015625 0.0341796875
0 0.17578125 0.40283203125 0.013671875 0.0283203125
0 0.345703125 0.44677734375 0.01318359375 0.03173828125
0 0.80224609375 0.62109375 0.0126953125 0.029296875
0 0.57861328125 0.607421875 0.01025390625 0.037109375
0 0.1015625 0.81396484375 0.00830078125 0.03564453125
0 0.08984375 0.66650390625 0.01171875 0.03515625
0 0.3671875 0.59130859375 0.01220703125 0.033203125
0 0.09228515625 0.7548828125 0.0087890625 0.03759765625
0 0.173828125 0.79638671875 0.0078125 0.0322265625
0 0.02001953125 0.65234375 0.009765625 0.03662109375
0 0.41943359375 0.7353515625 0.009765625 0.03564453125
0 0.22216796875 0.421875 0.01123046875 0.03369140625
0 0.455078125 0.9453125 0.0107421875 0.029296875
0 0.25341796875 0.697265625 0.00927734375 0.0322265625
0 0.6181640625 0.783203125 0.01318359375 0.0380859375
0 0.5556640625 0.7041015625 0.01220703125 0.037109375
0 0.00927734375 0.46875 0.013671875 0.0283203125
0 0.24560546875 0.5830078125 0.009765625 0.03662109375
0 0.185546875 0.6376953125 0.00927734375 0.037109375
0 0.09619140625 0.642578125 0.02294921875 0.05517578125
0 0.14306640625 0.7421875 0.01123046875 0.02734375
0 0.95361328125 0.76513671875 0.02001953125 0.02587890625
0 0.21435546875 0.81298828125 0.00830078125 0.037109375
0 0.04931640625 0.5546875 0.01416015625 0.03271484375
0 0.3671875 0.5068359375 0.0107421875 0.0361328125
0 0.3291015625 0.41357421875 0.01123046875 0.03466796875
0 0.27880859375 0.693359375 0.00927734375 0.03759765625
0 0.2373046875 0.724609375 0.0126953125 0.03076171875
0 0.947265625 0.689453125 0.01025390625 0.02880859375
0 0.64453125 0.68896484375 0.013671875 0.0400390625
0 0.57958984375 0.4248046875 0.009765625 0.0341796875
0 0.32373046875 0.75439453125 0.01171875 0.0322265625
0 0.02001953125 0.533203125 0.01513671875 0.03076171875
0 0.1787109375 0.91943359375 0.0146484375 0.03662109375
0 0.8798828125 0.98876953125 0.021484375 0.01953125
0 0.7666015625 0.78564453125 0.01123046875 0.03271484375
0 0.3828125 0.79345703125 0.01171875 0.0361328125
0 0.31591796875 0.81396484375 0.01025390625 0.0361328125
0 0.453125 0.7236328125 0.0126953125 0.0341796875
0 0.130859375 0.505859375 0.01025390625 0.037109375
0 0.46533203125 0.5703125 0.0087890625 0.0390625
0 0.03515625 0.92431640625 0.01513671875 0.03662109375
0 0.1455078125 0.685546875 0.03759765625 0.044921875
0 0.26220703125 0.845703125 0.01025390625 0.02880859375
0 0.32373046875 0.9677734375 0.0107421875 0.02685546875
0 0.1328125 0.689453125 0.01220703125 0.029296875
0 0.42919921875 0.70947265625 0.01171875 0.03271484375
0 0.009765625 0.80712890625 0.013671875 0.03857421875
0 0.18505859375 0.8017578125 0.01025390625 0.0341796875
0 0.0751953125 0.76611328125 0.01171875 0.03662109375
0 0.06005859375 0.69775390625 0.0107421875 0.0361328125
0 0.12890625 0.830078125 0.01220703125 0.03759765625
0 0.017578125 0.51025390625 0.0087890625 0.03173828125
0 0.369140625 0.890625 0.0126953125 0.0390625
0 0.12841796875 0.771484375 0.01416015625 0.02783203125
0 0.17431640625 0.98681640625 0.013671875 0.02490234375
0 0.2080078125 0.8984375 0.0146484375 0.02978515625
0 0.03076171875 0.53759765625 0.01611328125 0.0263671875
0 0.19580078125 0.91064453125 0.04443359375 0.05078125
0 0.95361328125 0.74169921875 0.0126953125 0.02099609375
0 0.08935546875 0.6220703125 0.01123046875 0.03076171875
0 0.00634765625 0.92529296875 0.01220703125 0.0185546875
0 0.001953125 0.65576171875 0.00341796875 0.02294921875
0 0.0068359375 0.8251953125 0.013671875 0.03662109375
0 0.947265625 0.7099609375 0.0107421875 0.02587890625
0 0.08251953125 0.99560546875 0.01123046875 0.00732421875
0 0.09619140625 0.62451171875 0.01171875 0.03369140625
0 0.0625 0.96142578125 0.02001953125 0.03515625
0 0.03515625 0.953125 0.02099609375 0.0322265625
0 0.04736328125 0.98876953125 0.01904296875 0.0224609375