0 0.35888671875 0.04931640625 0.0126953125 0.0322265625
0 0.2763671875 0.69091796875 0.02197265625 0.021484375
0 0.09814453125 0.84765625 0.01953125 0.02734375
0 0.18994140625 0.12744140625 0.00830078125 0.0322265625
0 0.220703125 0.19140625 0.0107421875 0.033203125
0 0.34375 0.1650390625 0.01025390625 0.02978515625
0 0.32470703125 0.3115234375 0.01513671875 0.03271484375
0 0.3701171875 0.345703125 0.01220703125 0.0439453125
0 0.28466796875 0.3330078125 0.0107421875 0.033203125
0 0.1865234375 0.17333984375 0.00927734375 0.03369140625
0 0.271484375 0.2138671875 0.00732421875 0.03662109375
0 0.27734375 0.595703125 0.009765625 0.037109375
0 0.35009765625 0.3779296875 0.01171875 0.0380859375
0 0.216796875 0.32861328125 0.01611328125 0.02734375
0 0.21875 0.73291015625 0.01318359375 0.037109375
0 0.29296875 0.62841796875 0.01123046875 0.0322265625
0 0.15185546875 0.68017578125 0.0146484375 0.02734375
0 0.07275390625 0.79736328125 0.0205078125 0.03076171875
0 0.341796875 0.005859375 0.0087890625 0.01171875