0 0.3271484375 0.83349609375 0.01513671875 0.02783203125
0 0.33203125 0.93310546875 0.0185546875 0.01806640625
0 0.3330078125 0.689453125 0.015625 0.02001953125
0 0.67138671875 0.86181640625 0.02001953125 0.02099609375
0 0.41796875 0.744140625 0.01806640625 0.0244140625
0 0.3935546875 0.63916015625 0.0146484375 0.0146484375
0 0.51953125 0.619140625 0.01416015625 0.02294921875
0 0.119140625 0.8896484375 0.01708984375 0.0283203125
0 0.40283203125 0.66064453125 0.015625 0.02099609375
0 0.6025390625 0.787109375 0.01416015625 0.02392578125
0 0.2255859375 0.609375 0.02099609375 0.0234375
0 0.4755859375 0.9306640625 0.0166015625 0.025390625
0 0.3408203125 0.78271484375 0.01806640625 0.01611328125
0 0.47802734375 0.80859375 0.01611328125 0.029296875
0 0.421875 0.833984375 0.01708984375 0.02392578125
0 0.3525390625 0.98193359375 0.017578125 0.02099609375
0 0.43701171875 0.60302734375 0.013671875 0.02001953125
0 0.4287109375 0.55908203125 0.01416015625 0.0185546875
0 0.19580078125 0.90869140625 0.02001953125 0.0224609375
0 0.4365234375 0.68798828125 0.01416015625 0.01953125
0 0.2939453125 0.75048828125 0.01171875 0.0283203125
0 0.57421875 0.6328125 0.01806640625 0.021484375
0 0.52880859375 0.56640625 0.00927734375 0.02001953125
0 0.22119140625 0.634765625 0.0126953125 0.0244140625
0 0.4287109375 0.943359375 0.01513671875 0.02001953125
0 0.9794921875 0.61572265625 0.013671875 0.02490234375
0 0.39501953125 0.701171875 0.015625 0.02197265625
0 0.484375 0.701171875 0.0166015625 0.02685546875
0 0.5068359375 0.76220703125 0.01171875 0.021484375
0 0.44677734375 0.70166015625 0.0146484375 0.0166015625
0 0.26123046875 0.6416015625 0.01220703125 0.0234375
0 0.34228515625 0.7099609375 0.02294921875 0.0234375
0 0.4873046875 0.5869140625 0.0146484375 0.02001953125
0 0.126953125 0.931640625 0.02001953125 0.03564453125
0 0.86376953125 0.66943359375 0.0126953125 0.029296875
0 0.4638671875 0.67724609375 0.01513671875 0.02099609375
0 0.17578125 0.6923828125 0.0166015625 0.0244140625
0 0.50927734375 0.58935546875 0.01513671875 0.0224609375
0 0.2646484375 0.6591796875 0.01123046875 0.02392578125
0 0.2724609375 0.80859375 0.01806640625 0.02197265625
0 0.1953125 0.751953125 0.01611328125 0.021484375
0 0.56982421875 0.64453125 0.01513671875 0.0224609375
0 0.1416015625 0.70947265625 0.015625 0.025390625
0 0.546875 0.93212890625 0.01416015625 0.02685546875
0 0.58837890625 0.85400390625 0.013671875 0.0263671875
0 0.1259765625 0.72021484375 0.01708984375 0.02001953125
0 0.91845703125 0.7626953125 0.009765625 0.02734375
0 0.9755859375 0.947265625 0.01513671875 0.0302734375
0 0.57861328125 0.71630859375 0.0126953125 0.0283203125
0 0.76806640625 0.5673828125 0.0146484375 0.0244140625
0 0.279296875 0.68994140625 0.0126953125 0.0224609375
0 0.744140625 0.548828125 0.01318359375 0.0185546875
0 0.54541015625 0.7255859375 0.013671875 0.03125
0 0.65283203125 0.611328125 0.0107421875 0.0185546875
0 0.63818359375 0.5595703125 0.01123046875 0.02392578125
0 0.3447265625 0.74072265625 0.01416015625 0.017578125
0 0.3203125 0.76611328125 0.0087890625 0.01904296875
0 0.1396484375 0.94775390625 0.017578125 0.03759765625
0 0.21826171875 0.66259765625 0.0146484375 0.02197265625
0 0.22265625 0.69091796875 0.00927734375 0.0224609375
0 0.587890625 0.517578125 0.01123046875 0.0146484375
0 0.251953125 0.86279296875 0.01220703125 0.02783203125
0 0.51318359375 0.89404296875 0.01513671875 0.03076171875
0 0.74853515625 0.603515625 0.0126953125 0.01806640625
0 0.57470703125 0.89599609375 0.013671875 0.0322265625
0 0.3251953125 0.6279296875 0.01318359375 0.01220703125
0 0.73388671875 0.869140625 0.01806640625 0.01953125
0 0.7373046875 0.5693359375 0.01171875 0.0234375
0 0.50927734375 0.8544921875 0.017578125 0.0185546875
0 0.55908203125 0.8203125 0.0126953125 0.02490234375
0 0.45556640625 0.83056640625 0.0107421875 0.0341796875
0 0.57421875 0.85595703125 0.013671875 0.0224609375
0 0.15283203125 0.7958984375 0.01220703125 0.029296875
0 0.552734375 0.86181640625 0.0234375 0.0234375
0 0.369140625 0.8134765625 0.01513671875 0.0166015625
0 0.625 0.533203125 0.0126953125 0.02685546875
0 0.599609375 0.7001953125 0.0107421875 0.02392578125
0 0.90185546875 0.689453125 0.01123046875 0.029296875
0 0.41552734375 0.66552734375 0.0107421875 0.02001953125
0 0.59423828125 0.89306640625 0.01318359375 0.02197265625
0 0.2890625 0.79638671875 0.0146484375 0.0185546875
0 0.8798828125 0.751953125 0.0126953125 0.02978515625
0 0.4521484375 0.7197265625 0.01953125 0.041015625
0 0.48095703125 0.9833984375 0.0146484375 0.0322265625
0 0.6806640625 0.8916015625 0.0146484375 0.02783203125
0 0.80126953125 0.76708984375 0.01318359375 0.0244140625
0 0.6806640625 0.82373046875 0.013671875 0.02734375
0 0.7734375 0.763671875 0.0126953125 0.02880859375
0 0.59033203125 0.74267578125 0.01318359375 0.01611328125
0 0.15234375 0.90380859375 0.0166015625 0.0224609375
0 0.45849609375 0.7080078125 0.01123046875 0.0283203125
0 0.51318359375 0.6826171875 0.00830078125 0.02001953125
0 0.904296875 0.85693359375 0.01220703125 0.02783203125
0 0.75537109375 0.8779296875 0.0126953125 0.02880859375
0 0.81494140625 0.87890625 0.0146484375 0.02734375
0 0.373046875 0.8759765625 0.01123046875 0.0185546875
0 0.59765625 0.81787109375 0.01416015625 0.02783203125
0 0.23974609375 0.87548828125 0.01220703125 0.03125
0 0.40771484375 0.7216796875 0.01220703125 0.01953125
0 0.2431640625 0.85986328125 0.009765625 0.02294921875
0 0.89404296875 0.9384765625 0.01318359375 0.0263671875
0 0.443359375 0.845703125 0.01220703125 0.02294921875
0 0.83203125 0.87744140625 0.013671875 0.0322265625
0 0.28369140625 0.62646484375 0.01025390625 0.02294921875
0 0.7783203125 0.888671875 0.01025390625 0.02734375
0 0.392578125 0.6689453125 0.01708984375 0.02001953125
0 0.3681640625 0.59130859375 0.0126953125 0.02001953125
0 0.8642578125 0.9521484375 0.009765625 0.02783203125
0 0.65087890625 0.94775390625 0.00927734375 0.0205078125
0 0.6064453125 0.640625 0.009765625 0.021484375
0 0.6328125 0.9619140625 0.0107421875 0.03271484375
0 0.77685546875 0.830078125 0.013671875 0.03369140625
0 0.86865234375 0.94189453125 0.01416015625 0.0361328125
0 0.91259765625 0.943359375 0.0107421875 0.025390625
0 0.841796875 0.931640625 0.02099609375 0.03466796875
0 0.8486328125 0.9541015625 0.0146484375 0.02783203125
0 0.60888671875 0.703125 0.00927734375 0.02099609375
0 0.21240234375 0.74365234375 0.01611328125 0.02099609375
0 0.3330078125 0.79443359375 0.01220703125 0.01904296875
0 0.283203125 0.8046875 0.01953125 0.02392578125
0 0.646484375 0.857421875 0.00830078125 0.01806640625
0 0.6357421875 0.953125 0.00830078125 0.02099609375
0 0.50927734375 0.69287109375 0.01123046875 0.021484375
0 0.4814453125 0.56982421875 0.009765625 0.01611328125
0 0.9970703125 0.94970703125 0.005859375 0.03564453125
0 0.646484375 0.958984375 0.013671875 0.02978515625
0 0.328125 0.947265625 0.015625 0.01806640625
0 0.58349609375 0.734375 0.01318359375 0.02587890625
0 0.1455078125 0.81103515625 0.015625 0.02587890625
0 0.99658203125 0.9833984375 0.00634765625 0.02978515625