0 0.35595703125 0.01123046875 0.0205078125 0.0224609375
0 0.10693359375 0.35888671875 0.0224609375 0.029296875
0 0.1689453125 0.1240234375 0.0234375 0.0224609375
0 0.1015625 0.5791015625 0.025390625 0.041015625
0 0.13525390625 0.470703125 0.01953125 0.029296875
0 0.341796875 0.02783203125 0.0185546875 0.025390625
0 0.3515625 0.078125 0.0205078125 0.03125
0 0.24755859375 0.4130859375 0.0234375 0.037109375
0 0.23779296875 0.00341796875 0.0205078125 0.0068359375
0 0.05224609375 0.466796875 0.0244140625 0.033203125
0 0.18017578125 0.1630859375 0.021484375 0.02734375
0 0.10693359375 0.4814453125 0.0185546875 0.0283203125
0 0.11962890625 0.74169921875 0.0244140625 0.0400390625
0 0.14990234375 0.3544921875 0.0185546875 0.0263671875
0 0.1904296875 0.0078125 0.01953125 0.015625
0 0.2138671875 0.56103515625 0.015625 0.0224609375
0 0.06103515625 0.849609375 0.0302734375 0.046875
0 0.12255859375 0.63427734375 0.0224609375 0.0400390625
0 0.2060546875 0.40576171875 0.021484375 0.041015625
0 0.16552734375 0.49658203125 0.0244140625 0.0439453125
0 0.20458984375 0.46435546875 0.013671875 0.0283203125
0 0.24853515625 0.76171875 0.025390625 0.0400390625
0 0.015625 0.67431640625 0.0244140625 0.0390625
0 0.203125 0.2841796875 0.0224609375 0.0341796875
0 0.2001953125 0.38330078125 0.0205078125 0.03515625
0 0.2158203125 0.4677734375 0.0205078125 0.029296875
0 0.35888671875 0.09130859375 0.01953125 0.0224609375
0 0.0458984375 0.646484375 0.0234375 0.0439453125
0 0.32470703125 0.2529296875 0.01953125 0.0380859375
0 0.2509765625 0.65380859375 0.01953125 0.04296875
0 0.22216796875 0.42724609375 0.015625 0.03125
0 0.251953125 0.06982421875 0.021484375 0.03125