0 0.31298828125 0.73486328125 0.0224609375 0.03125
0 0.08984375 0.87939453125 0.0205078125 0.0234375
0 0.404296875 0.90771484375 0.017578125 0.03125
0 0.353515625 0.78857421875 0.021484375 0.0361328125
0 0.4287109375 0.8955078125 0.025390625 0.0380859375
0 0.423828125 0.97265625 0.0224609375 0.0390625
0 0.45751953125 0.8525390625 0.0185546875 0.0390625
0 0.25537109375 0.716796875 0.017578125 0.029296875
0 0.36669921875 0.93505859375 0.01953125 0.0380859375
0 0.111328125 0.6865234375 0.0224609375 0.033203125
0 0.3310546875 0.76171875 0.0166015625 0.03515625
0 0.0791015625 0.85595703125 0.0244140625 0.033203125
0 0.228515625 0.953125 0.021484375 0.0390625
0 0.2373046875 0.67626953125 0.0205078125 0.0234375
0 0.11767578125 0.74072265625 0.0224609375 0.03515625
0 0.50830078125 0.994140625 0.0146484375 0.01171875
0 0.01953125 0.5556640625 0.0205078125 0.0283203125
0 0.03125 0.546875 0.01953125 0.0283203125
0 0.17578125 0.78125 0.021484375 0.0224609375
0 0.40185546875 0.88134765625 0.017578125 0.029296875