0 0.4169921875 0.326171875 0.06689453125 0.08544921875
0 0.35546875 0.69091796875 0.1171875 0.107421875
0 0.6943359375 0.939453125 0.10498046875 0.1201171875
0 0.19775390625 0.2119140625 0.04736328125 0.0693359375
0 0.595703125 0.6611328125 0.1103515625 0.11865234375
0 0.42578125 0.7705078125 0.115234375 0.0830078125
0 0.7646484375 0.05419921875 0.0361328125 0.03466796875
0 0.5498046875 0.126953125 0.033203125 0.06201171875
0 0.63134765625 0.544921875 0.0625 0.10986328125
0 0.59912109375 0.1201171875 0.03564453125 0.05810546875
0 0.5263671875 0.26416015625 0.03173828125 0.06689453125
0 0.44091796875 0.05419921875 0.04296875 0.05029296875
0 0.86181640625 0.21630859375 0.0654296875 0.076171875
0 0.59033203125 0.0166015625 0.04833984375 0.0322265625
0 0.47607421875 0.01904296875 0.0361328125 0.0380859375
0 0.95751953125 0.03173828125 0.044921875 0.04541015625
0 0.03369140625 0.47119140625 0.06689453125 0.08984375
0 0.80615234375 0.05322265625 0.04638671875 0.052734375
0 0.8642578125 0.60693359375 0.08251953125 0.091796875
0 0.859375 0.4189453125 0.0478515625 0.08984375
0 0.9423828125 0.98681640625 0.0634765625 0.0263671875
0 0.66162109375 0.08447265625 0.01953125 0.0693359375
0 0.912109375 0.185546875 0.04541015625 0.06494140625
0 0.7958984375 0.25732421875 0.05810546875 0.08447265625
0 0.4697265625 0.58203125 0.0751953125 0.12060546875
0 0.95458984375 0.2880859375 0.06298828125 0.07666015625
0 0.0068359375 0.25146484375 0.01318359375 0.05224609375
0 0.99560546875 0.0673828125 0.00830078125 0.02490234375
0 0.24560546875 0.88720703125 0.05078125 0.17431640625
0 0.9921875 0.06396484375 0.0126953125 0.02734375