0 0.49853515625 0.734375 0.005859375 0.01953125
0 0.533203125 0.8544921875 0.0087890625 0.0234375
0 0.580078125 0.76708984375 0.01171875 0.02294921875
0 0.7587890625 0.7529296875 0.01025390625 0.03369140625
0 0.53271484375 0.951171875 0.01025390625 0.02392578125
0 0.505859375 0.9443359375 0.009765625 0.02734375
0 0.54931640625 0.8466796875 0.0126953125 0.02197265625
0 0.5693359375 0.861328125 0.00830078125 0.02001953125
0 0.54248046875 0.90087890625 0.013671875 0.02880859375
0 0.56640625 0.90869140625 0.0078125 0.0205078125
0 0.62841796875 0.9287109375 0.01025390625 0.02392578125
0 0.51318359375 0.74560546875 0.00927734375 0.02197265625
0 0.6552734375 0.93408203125 0.009765625 0.0283203125
0 0.58056640625 0.8544921875 0.01123046875 0.0263671875
0 0.62939453125 0.87744140625 0.00830078125 0.02392578125
0 0.65966796875 0.9833984375 0.0107421875 0.02294921875
0 0.5869140625 0.8154296875 0.01123046875 0.02392578125
0 0.60693359375 0.88427734375 0.0078125 0.02197265625
0 0.6044921875 0.9638671875 0.00830078125 0.02587890625
0 0.75390625 0.86328125 0.00732421875 0.0244140625
0 0.587890625 0.97119140625 0.00830078125 0.02001953125
0 0.65380859375 0.8525390625 0.00927734375 0.02197265625
0 0.64794921875 0.921875 0.00927734375 0.029296875
0 0.6318359375 0.98974609375 0.00927734375 0.01953125
0 0.5947265625 0.95654296875 0.0107421875 0.0302734375
0 0.61279296875 0.916015625 0.0068359375 0.0205078125
0 0.58740234375 0.8984375 0.0078125 0.01953125
0 0.7646484375 0.97900390625 0.0078125 0.02392578125
0 0.67724609375 0.97900390625 0.009765625 0.01904296875
0 0.7265625 0.837890625 0.0068359375 0.02197265625
0 0.68017578125 0.90625 0.009765625 0.02490234375
0 0.68701171875 0.755859375 0.0078125 0.02099609375
0 0.51611328125 0.7705078125 0.013671875 0.03515625
0 0.642578125 0.86962890625 0.009765625 0.0263671875
0 0.693359375 0.80224609375 0.00830078125 0.0224609375
0 0.72900390625 0.8974609375 0.00732421875 0.02197265625
0 0.720703125 0.78857421875 0.009765625 0.02001953125
0 0.59375 0.9296875 0.013671875 0.03125
0 0.779296875 0.830078125 0.01220703125 0.03173828125
0 0.73779296875 0.828125 0.00830078125 0.02197265625
0 0.61767578125 0.94384765625 0.01513671875 0.02392578125
0 0.72412109375 0.81494140625 0.009765625 0.017578125
0 0.7216796875 0.9228515625 0.00732421875 0.0234375
0 0.6962890625 0.953125 0.0078125 0.0244140625
0 0.72412109375 0.98876953125 0.0078125 0.0205078125
0 0.65234375 0.89404296875 0.0087890625 0.0224609375
0 0.5693359375 0.97216796875 0.0078125 0.017578125
0 0.62158203125 0.837890625 0.005859375 0.0205078125
0 0.7529296875 0.98779296875 0.0087890625 0.0205078125
0 0.5859375 0.9921875 0.00830078125 0.01513671875
0 0.7607421875 0.908203125 0.00830078125 0.02392578125
0 0.7158203125 0.857421875 0.01123046875 0.02197265625
0 0.896484375 0.943359375 0.0107421875 0.029296875
0 0.98291015625 0.92529296875 0.0068359375 0.01611328125
0 0.70849609375 0.91943359375 0.00927734375 0.02001953125
0 0.85107421875 0.89306640625 0.0087890625 0.02197265625
0 0.8359375 0.98876953125 0.00830078125 0.01953125
0 0.65283203125 0.9931640625 0.009765625 0.01220703125
0 0.59814453125 0.9931640625 0.0068359375 0.013671875
0 0.86669921875 0.96875 0.01123046875 0.01416015625
0 0.4912109375 0.984375 0.013671875 0.0302734375
0 0.94873046875 0.974609375 0.01025390625 0.01416015625
0 0.4833984375 0.97900390625 0.00830078125 0.02197265625
0 0.9931640625 0.96044921875 0.01318359375 0.01904296875
0 0.57177734375 0.755859375 0.00927734375 0.01611328125
0 0.88720703125 0.955078125 0.01025390625 0.013671875
0 0.73681640625 0.9677734375 0.01123046875 0.0205078125
0 0.75341796875 0.93994140625 0.0078125 0.017578125
0 0.953125 0.9931640625 0.00732421875 0.01318359375
0 0.7421875 0.94775390625 0.009765625 0.0126953125
0 0.95703125 0.953125 0.0078125 0.0126953125
0 0.56201171875 0.9443359375 0.01904296875 0.03076171875
0 0.603515625 0.9775390625 0.01123046875 0.0166015625
0 0.474609375 0.9853515625 0.01220703125 0.0244140625
0 0.53515625 0.6748046875 0.0087890625 0.015625
0 0.87744140625 0.98388671875 0.01318359375 0.02587890625
0 0.6923828125 0.7861328125 0.00927734375 0.017578125
0 0.5517578125 0.86376953125 0.01171875 0.01904296875
0 0.6240234375 0.9541015625 0.0126953125 0.01806640625
0 0.59619140625 0.81884765625 0.01171875 0.02392578125
0 0.6103515625 0.96337890625 0.01171875 0.021484375