0 0.6201171875 0.14501953125 0.06298828125 0.02783203125
0 0.62255859375 0.2666015625 0.0390625 0.0390625
0 0.1220703125 0.15771484375 0.0615234375 0.0302734375
0 0.435546875 0.24462890625 0.0439453125 0.052734375
0 0.11279296875 0.19482421875 0.0380859375 0.0361328125
0 0.68603515625 0.0205078125 0.0419921875 0.041015625
0 0.1689453125 0.2724609375 0.0361328125 0.04443359375
0 0.2177734375 0.30908203125 0.0234375 0.07421875
0 0.1494140625 0.31494140625 0.04345703125 0.078125
0 0.1904296875 0.3193359375 0.0244140625 0.08251953125
0 0.12060546875 0.26416015625 0.03173828125 0.04833984375