0 0.83056640625 0.54638671875 0.0498046875 0.0634765625
0 0.37255859375 0.349609375 0.0517578125 0.056640625
0 0.25634765625 0.35400390625 0.052734375 0.0341796875
0 0.94384765625 0.14892578125 0.03125 0.037109375
0 0.5654296875 0.68115234375 0.087890625 0.0927734375
0 0.9501953125 0.25634765625 0.0419921875 0.044921875
0 0.15087890625 0.26513671875 0.0556640625 0.05859375
0 0.96044921875 0.423828125 0.0556640625 0.0673828125
0 0.9013671875 0.4111328125 0.0322265625 0.04296875
0 0.666015625 0.33203125 0.0341796875 0.0263671875
0 0.68359375 0.5078125 0.0634765625 0.068359375
0 0.42041015625 0.5009765625 0.07421875 0.07421875
0 0.53662109375 0.40087890625 0.060546875 0.064453125
0 0.1552734375 0.14013671875 0.0400390625 0.0419921875
0 0.3173828125 0.3232421875 0.0595703125 0.0625
0 0.078125 0.15771484375 0.0498046875 0.0458984375
0 0.56103515625 0.04638671875 0.0205078125 0.0341796875
0 0.984375 0.11376953125 0.03125 0.0380859375
0 0.5107421875 0.330078125 0.033203125 0.037109375
0 0.6318359375 0.17919921875 0.0283203125 0.0205078125
0 0.28173828125 0.53466796875 0.078125 0.0927734375
0 0.55224609375 0.201171875 0.03515625 0.044921875
0 0.6962890625 0.43603515625 0.056640625 0.0654296875
0 0.720703125 0.9716796875 0.11328125 0.056640625
0 0.201171875 0.29638671875 0.0556640625 0.0654296875
0 0.73193359375 0.4404296875 0.0439453125 0.0439453125
0 0.27880859375 0.21044921875 0.03515625 0.0478515625
0 0.0517578125 0.06787109375 0.01953125 0.0185546875
0 0.32568359375 0.111328125 0.0361328125 0.03515625
0 0.45654296875 0.22216796875 0.0625 0.0595703125
0 0.3603515625 0.265625 0.0517578125 0.0576171875
0 0.73486328125 0.2490234375 0.046875 0.0517578125
0 0.35498046875 0.48291015625 0.0654296875 0.0712890625
0 0.220703125 0.19189453125 0.0458984375 0.05078125
0 0.31982421875 0.01318359375 0.0263671875 0.0263671875
0 0.18701171875 0.2724609375 0.046875 0.0546875
0 0.9267578125 0.06640625 0.0283203125 0.0322265625
0 0.919921875 0.1181640625 0.025390625 0.0224609375
0 0.3203125 0.044921875 0.029296875 0.0341796875
0 0.80859375 0.26953125 0.0400390625 0.0498046875
0 0.21240234375 0.875 0.103515625 0.103515625
0 0.904296875 0.17041015625 0.0361328125 0.0419921875
0 0.646484375 0.2880859375 0.0390625 0.05859375
0 0.4033203125 0.03564453125 0.0322265625 0.0302734375
0 0.6845703125 0.19189453125 0.025390625 0.017578125
0 0.95361328125 0.3828125 0.0322265625 0.0458984375
0 0.79052734375 0.23095703125 0.0390625 0.0546875
0 0.37158203125 0.0556640625 0.02734375 0.0380859375
0 0.791015625 0.14599609375 0.0263671875 0.0244140625
0 0.615234375 0.36767578125 0.0478515625 0.03125
0 0.84033203125 0.0986328125 0.029296875 0.0341796875
0 0.98583984375 0.0859375 0.021484375 0.0302734375
0 0.44677734375 0.025390625 0.0244140625 0.0185546875
0 0.82861328125 0.24267578125 0.0380859375 0.0517578125
0 0.3857421875 0.0908203125 0.0390625 0.041015625
0 0.55859375 0.1552734375 0.0322265625 0.021484375
0 0.8486328125 0.236328125 0.0400390625 0.0517578125
0 0.69091796875 0.052734375 0.015625 0.033203125
0 0.5537109375 0.10888671875 0.03515625 0.037109375
0 0.6796875 0.15625 0.0380859375 0.0439453125
0 0.81201171875 0.12841796875 0.033203125 0.0390625
0 0.7314453125 0.07177734375 0.0166015625 0.03125
0 0.6494140625 0.1298828125 0.02734375 0.037109375
0 0.60009765625 0.109375 0.03125 0.0224609375
0 0.72998046875 0.16357421875 0.03125 0.0390625
0 0.70947265625 0.0869140625 0.041015625 0.0390625
0 0.5869140625 0.0380859375 0.0263671875 0.0283203125
0 0.873046875 0.1689453125 0.0302734375 0.0390625
0 0.5283203125 0.17236328125 0.029296875 0.048828125
0 0.47900390625 0.0263671875 0.0234375 0.017578125
0 0.4658203125 0.14306640625 0.037109375 0.0400390625
0 0.8505859375 0.14990234375 0.0322265625 0.0419921875
0 0.5283203125 0.02001953125 0.0263671875 0.0361328125
0 0.51416015625 0.07568359375 0.0361328125 0.0361328125
0 0.7353515625 0.138671875 0.033203125 0.0390625
0 0.22265625 0.0576171875 0.0263671875 0.021484375
0 0.49267578125 0.05908203125 0.033203125 0.0341796875
0 0.70263671875 0.17919921875 0.033203125 0.0419921875
0 0.63623046875 0.04736328125 0.0234375 0.033203125
0 0.2236328125 0.0732421875 0.0419921875 0.0439453125
0 0.44189453125 0.1318359375 0.0263671875 0.025390625
0 0.625 0.1044921875 0.03515625 0.0400390625
0 0.419921875 0.10693359375 0.0283203125 0.0390625
0 0.73388671875 0.0478515625 0.021484375 0.0263671875
0 0.4794921875 0.125 0.037109375 0.0283203125
0 0.537109375 0.0654296875 0.015625 0.01953125
0 0.84228515625 0.07958984375 0.0263671875 0.0205078125
0 0.76171875 0.13037109375 0.0205078125 0.0263671875
0 0.310546875 0.03466796875 0.06640625 0.0693359375
0 0.71240234375 0.0322265625 0.0302734375 0.0283203125
0 0.6044921875 0.0732421875 0.0302734375 0.0361328125
0 0.41162109375 0.1396484375 0.03515625 0.037109375
0 0.72412109375 0.09521484375 0.01953125 0.0146484375
0 0.63037109375 0.03076171875 0.0283203125 0.03125
0 0.49462890625 0.1455078125 0.02734375 0.0302734375
0 0.75439453125 0.03271484375 0.02734375 0.01953125
0 0.6162109375 0.0849609375 0.0302734375 0.03515625
0 0.50390625 0.04345703125 0.0244140625 0.015625
0 0.8017578125 0.04052734375 0.041015625 0.02734375
0 0.8056640625 0.10400390625 0.013671875 0.02734375
0 0.38623046875 0.0703125 0.0263671875 0.0205078125
0 0.85498046875 0.16796875 0.0244140625 0.0361328125
0 0.61474609375 0.02587890625 0.0205078125 0.0185546875
0 0.5244140625 0.009765625 0.021484375 0.01953125
0 0.03564453125 0.2265625 0.0166015625 0.0283203125
0 0.39892578125 0.0947265625 0.01953125 0.0302734375
0 0.46044921875 0.00244140625 0.0146484375 0.0048828125
0 0.8173828125 0.04248046875 0.0185546875 0.0244140625
0 0.59521484375 0.39404296875 0.064453125 0.056640625
0 0.64306640625 0.0556640625 0.01953125 0.021484375
0 0.326171875 0.01708984375 0.01171875 0.015625
0 0.51953125 0.322265625 0.0146484375 0.01953125