0 0.92822265625 0.67626953125 0.11279296875 0.109375
0 0.62939453125 0.310546875 0.06787109375 0.06982421875
0 0.5302734375 0.18798828125 0.048828125 0.04833984375
0 0.2880859375 0.23046875 0.05615234375 0.060546875
0 0.09814453125 0.529296875 0.05224609375 0.07666015625
0 0.52587890625 0.681640625 0.076171875 0.0830078125
0 0.69189453125 0.94091796875 0.11279296875 0.1083984375
0 0.1005859375 0.7236328125 0.08935546875 0.10546875
0 0.95556640625 0.470703125 0.08203125 0.06982421875
0 0.2509765625 0.44384765625 0.068359375 0.0830078125
0 0.35107421875 0.28564453125 0.05517578125 0.0693359375
0 0.7451171875 0.38427734375 0.06103515625 0.15380859375
0 0.90673828125 0.29150390625 0.06103515625 0.0615234375
0 0.9072265625 0.146484375 0.0390625 0.04541015625
0 0.62158203125 0.26318359375 0.04833984375 0.0517578125
0 0.66162109375 0.287109375 0.0478515625 0.05517578125
0 0.94091796875 0.25634765625 0.0654296875 0.06201171875
0 0.2373046875 0.14599609375 0.02783203125 0.052734375
0 0.4716796875 0.521484375 0.0625 0.04443359375
0 0.9541015625 0.38330078125 0.07568359375 0.06591796875
0 0.89013671875 0.23828125 0.05810546875 0.05908203125
0 0.29150390625 0.73779296875 0.064453125 0.08935546875
0 0.52490234375 0.3427734375 0.04296875 0.06689453125
0 0.56005859375 0.37060546875 0.06787109375 0.072265625
0 0.97216796875 0.13623046875 0.05419921875 0.05615234375
0 0.65380859375 0.763671875 0.046875 0.13134765625
0 0.12158203125 0.162109375 0.046875 0.0576171875
0 0.87646484375 0.4736328125 0.046875 0.09765625
0 0.79443359375 0.556640625 0.03076171875 0.09375
0 0.60302734375 0.23828125 0.0322265625 0.05224609375
0 0.54931640625 0.3046875 0.03759765625 0.0439453125
0 0.85205078125 0.67333984375 0.06201171875 0.0634765625
0 0.8115234375 0.17138671875 0.0205078125 0.06298828125
0 0.95068359375 0.34326171875 0.06494140625 0.02978515625
0 0.84912109375 0.22802734375 0.0478515625 0.060546875
0 0.8359375 0.16552734375 0.04150390625 0.02783203125
0 0.0751953125 0.18017578125 0.02490234375 0.06494140625
0 0.75830078125 0.3310546875 0.02587890625 0.0498046875
0 0.291015625 0.1904296875 0.02099609375 0.0283203125
0 0.912109375 0.20751953125 0.03515625 0.0322265625
0 0.84619140625 0.943359375 0.05517578125 0.11279296875
0 0.986328125 0.439453125 0.02734375 0.05859375
0 0.0068359375 0.1767578125 0.01318359375 0.0576171875
0 0.6064453125 0.3056640625 0.02294921875 0.05908203125
0 0.07080078125 0.1630859375 0.0146484375 0.03076171875
0 0.76611328125 0.36962890625 0.01904296875 0.0361328125
0 0.4560546875 0.5263671875 0.02490234375 0.0322265625