0 0.7177734375 0.39453125 0.04296875 0.0751953125
0 0.90869140625 0.2099609375 0.05078125 0.0625
0 0.4990234375 0.11572265625 0.02783203125 0.08056640625
0 0.923828125 0.63232421875 0.04345703125 0.0791015625
0 0.31005859375 0.0869140625 0.044921875 0.09423828125
0 0.65625 0.9716796875 0.0400390625 0.056640625
0 0.298828125 0.044921875 0.0380859375 0.08935546875
0 0.123046875 0.2529296875 0.0302734375 0.06494140625
0 0.2861328125 0.5654296875 0.03515625 0.06640625
0 0.1484375 0.4150390625 0.0390625 0.0693359375
0 0.1533203125 0.97119140625 0.029296875 0.0576171875
0 0.7939453125 0.0185546875 0.044921875 0.0361328125
0 0.1240234375 0.4228515625 0.0576171875 0.03173828125
0 0.4912109375 0.08837890625 0.021484375 0.07763671875
0 0.58837890625 0.46630859375 0.033203125 0.041015625
0 0.109375 0.02587890625 0.0458984375 0.05078125
0 0.10107421875 0.427734375 0.04541015625 0.025390625
0 0.6279296875 0.4384765625 0.0361328125 0.083984375
0 0.92626953125 0.1474609375 0.02490234375 0.0654296875
0 0.2978515625 0.02587890625 0.025390625 0.0517578125