0 0.2197265625 0.1513671875 0.0224609375 0.01953125
0 0.08984375 0.0390625 0.0205078125 0.0224609375
0 0.27099609375 0.0107421875 0.0185546875 0.021484375
0 0.30859375 0.11083984375 0.0146484375 0.025390625
0 0.3076171875 0.044921875 0.01953125 0.021484375
0 0.19189453125 0.17529296875 0.0244140625 0.0322265625
0 0.16064453125 0.150390625 0.0185546875 0.0263671875
0 0.29931640625 0.08203125 0.025390625 0.0224609375
0 0.2060546875 0.23486328125 0.017578125 0.029296875
0 0.11083984375 0.26904296875 0.0234375 0.01953125
0 0.12939453125 0.0576171875 0.021484375 0.0205078125
0 0.03271484375 0.31103515625 0.0283203125 0.0205078125
0 0.16748046875 0.29345703125 0.0205078125 0.029296875
0 0.1162109375 0.09716796875 0.0234375 0.0224609375
0 0.13037109375 0.32373046875 0.02734375 0.03125
0 0.10498046875 0.12451171875 0.029296875 0.029296875
0 0.09228515625 0.1455078125 0.0185546875 0.0263671875
0 0.10400390625 0.2158203125 0.025390625 0.025390625
0 0.1787109375 0.24560546875 0.0146484375 0.029296875
0 0.21044921875 0.21337890625 0.0205078125 0.0224609375
0 0.1875 0.25439453125 0.017578125 0.0224609375
0 0.0048828125 0.42822265625 0.0078125 0.0205078125
0 0.31787109375 0.05224609375 0.021484375 0.0146484375