0 0.9013671875 0.94287109375 0.02490234375 0.04052734375
0 0.771484375 0.7880859375 0.025390625 0.03466796875
0 0.90283203125 0.677734375 0.02392578125 0.03173828125
0 0.90087890625 0.47998046875 0.02099609375 0.02587890625
0 0.65185546875 0.96435546875 0.0302734375 0.04345703125
0 0.681640625 0.97119140625 0.033203125 0.044921875
0 0.6357421875 0.908203125 0.0263671875 0.04150390625
0 0.92041015625 0.4140625 0.013671875 0.02392578125
0 0.55712890625 0.943359375 0.0166015625 0.041015625
0 0.83837890625 0.943359375 0.0234375 0.04443359375
0 0.98095703125 0.859375 0.01904296875 0.03662109375
0 0.40234375 0.91748046875 0.01611328125 0.0419921875
0 0.97705078125 0.9541015625 0.03369140625 0.0380859375
0 0.94775390625 0.60107421875 0.01611328125 0.0263671875
0 0.52685546875 0.98828125 0.0166015625 0.0234375
0 0.765625 0.849609375 0.01904296875 0.04052734375
0 0.578125 0.84033203125 0.02294921875 0.03955078125
0 0.826171875 0.8916015625 0.01806640625 0.04541015625
0 0.828125 0.54931640625 0.01513671875 0.02294921875
0 0.94140625 0.83154296875 0.02197265625 0.03662109375
0 0.853515625 0.970703125 0.03466796875 0.0341796875
0 0.95556640625 0.72021484375 0.021484375 0.02978515625
0 0.8828125 0.98291015625 0.021484375 0.03369140625
0 0.61865234375 0.787109375 0.0166015625 0.03076171875
0 0.986328125 0.69921875 0.0234375 0.0205078125
0 0.498046875 0.630859375 0.015625 0.03271484375
0 0.8525390625 0.365234375 0.01220703125 0.021484375
0 0.38671875 0.71923828125 0.01953125 0.02685546875
0 0.71435546875 0.783203125 0.0283203125 0.0244140625
0 0.974609375 0.29345703125 0.01123046875 0.013671875
0 0.9658203125 0.81640625 0.029296875 0.03466796875
0 0.89990234375 0.28515625 0.01220703125 0.0146484375
0 0.63818359375 0.7353515625 0.01611328125 0.0302734375
0 0.55322265625 0.90185546875 0.025390625 0.04296875
0 0.97119140625 0.59619140625 0.0107421875 0.02587890625
0 0.96875 0.35595703125 0.009765625 0.01904296875
0 0.67333984375 0.611328125 0.0166015625 0.02734375
0 0.3193359375 0.79345703125 0.01513671875 0.01806640625
0 0.8955078125 0.55322265625 0.009765625 0.02880859375
0 0.7275390625 0.8037109375 0.02685546875 0.0185546875
0 0.74658203125 0.7607421875 0.01953125 0.033203125
0 0.9599609375 0.8994140625 0.02490234375 0.02587890625
0 0.427734375 0.98291015625 0.021484375 0.0341796875
0 0.67333984375 0.86572265625 0.01708984375 0.03271484375
0 0.79345703125 0.794921875 0.01513671875 0.02294921875
0 0.48681640625 0.7216796875 0.01025390625 0.025390625
0 0.92919921875 0.3720703125 0.0146484375 0.01953125
0 0.61767578125 0.9296875 0.02197265625 0.02783203125
0 0.3681640625 0.95068359375 0.01953125 0.04833984375
0 0.84375 0.98974609375 0.029296875 0.0205078125
0 0.7802734375 0.8916015625 0.0244140625 0.029296875
0 0.63623046875 0.62060546875 0.01171875 0.02392578125
0 0.93603515625 0.78125 0.013671875 0.02392578125
0 0.595703125 0.828125 0.01416015625 0.03515625
0 0.54833984375 0.65625 0.013671875 0.03271484375
0 0.359375 0.87158203125 0.03125 0.02783203125
0 0.98876953125 0.822265625 0.02197265625 0.03759765625
0 0.412109375 0.939453125 0.0224609375 0.02978515625
0 0.79248046875 0.9931640625 0.0302734375 0.013671875
0 0.583984375 0.98046875 0.029296875 0.0390625
0 0.98388671875 0.35986328125 0.00830078125 0.01708984375
0 0.9892578125 0.771484375 0.01416015625 0.025390625
0 0.30126953125 0.94287109375 0.01953125 0.021484375