0 0.46484375 0.40625 0.0107421875 0.02294921875
0 0.5185546875 0.45947265625 0.02001953125 0.03564453125
0 0.95458984375 0.0673828125 0.01708984375 0.02294921875
0 0.71923828125 0.2275390625 0.01611328125 0.03125
0 0.95263671875 0.046875 0.015625 0.02783203125
0 0.86376953125 0.03076171875 0.01513671875 0.03076171875
0 0.58349609375 0.142578125 0.0166015625 0.04638671875
0 0.94873046875 0.01708984375 0.01611328125 0.0244140625
0 0.4365234375 0.341796875 0.01513671875 0.02392578125
0 0.77734375 0.25927734375 0.013671875 0.029296875
0 0.98828125 0.306640625 0.0146484375 0.03076171875
0 0.3505859375 0.01416015625 0.01611328125 0.02734375
0 0.88818359375 0.1943359375 0.01220703125 0.029296875
0 0.82666015625 0.20361328125 0.01513671875 0.0302734375
0 0.84130859375 0.10546875 0.013671875 0.03271484375
0 0.3525390625 0.171875 0.01318359375 0.0263671875
0 0.8017578125 0.158203125 0.015625 0.0302734375
0 0.359375 0.04052734375 0.01513671875 0.03173828125
0 0.41650390625 0.2578125 0.0126953125 0.0263671875
0 0.5859375 0.12646484375 0.01220703125 0.01708984375
0 0.4521484375 0.203125 0.015625 0.02783203125
0 0.453125 0.404296875 0.013671875 0.0244140625
0 0.44970703125 0.32080078125 0.01513671875 0.029296875
0 0.5634765625 0.0107421875 0.01171875 0.01611328125
0 0.56884765625 0.13818359375 0.01416015625 0.0283203125
0 0.35595703125 0.04833984375 0.00830078125 0.01611328125
0 0.861328125 0.21630859375 0.01220703125 0.01611328125
0 0.30615234375 0.03857421875 0.0068359375 0.01611328125