0 0.8046875 0.4931640625 0.021484375 0.0244140625
0 0.72900390625 0.091796875 0.01953125 0.0361328125
0 0.95068359375 0.4140625 0.015625 0.0361328125
0 0.779296875 0.49072265625 0.0166015625 0.0322265625
0 0.75390625 0.0966796875 0.0205078125 0.0400390625
0 0.9892578125 0.44873046875 0.021484375 0.0400390625
0 0.8818359375 0.216796875 0.0205078125 0.0400390625
0 0.4619140625 0.0693359375 0.017578125 0.03515625
0 0.77978515625 0.37646484375 0.0166015625 0.03515625
0 0.92236328125 0.1845703125 0.0263671875 0.029296875
0 0.642578125 0.50341796875 0.017578125 0.03125
0 0.97802734375 0.41455078125 0.021484375 0.0390625