0 0.9150390625 0.72900390625 0.0302734375 0.03515625
0 0.1181640625 0.93701171875 0.06640625 0.056640625
0 0.7666015625 0.8173828125 0.0439453125 0.0478515625
0 0.69482421875 0.8720703125 0.041015625 0.0400390625
0 0.81005859375 0.93115234375 0.0537109375 0.0556640625
0 0.81982421875 0.8798828125 0.044921875 0.0478515625
0 0.8359375 0.6357421875 0.0263671875 0.03125
0 0.5263671875 0.93115234375 0.04296875 0.060546875
0 0.7705078125 0.8994140625 0.046875 0.0439453125
0 0.50732421875 0.62060546875 0.03125 0.0341796875
0 0.3828125 0.93359375 0.044921875 0.0498046875
0 0.9130859375 0.78125 0.041015625 0.041015625
0 0.64794921875 0.65869140625 0.01953125 0.02734375
0 0.79443359375 0.72705078125 0.0263671875 0.0302734375
0 0.58447265625 0.751953125 0.0380859375 0.0419921875
0 0.8251953125 0.66943359375 0.037109375 0.03125
0 0.251953125 0.95556640625 0.0634765625 0.0478515625
0 0.54736328125 0.98828125 0.0458984375 0.0234375
0 0.869140625 0.93505859375 0.0458984375 0.05078125
0 0.75341796875 0.61962890625 0.0322265625 0.03125
0 0.849609375 0.8447265625 0.0224609375 0.041015625
0 0.517578125 0.716796875 0.01953125 0.0380859375
0 0.79248046875 0.61474609375 0.02734375 0.03125
0 0.90234375 0.921875 0.0244140625 0.05078125
0 0.8271484375 0.98681640625 0.0546875 0.0263671875
0 0.93408203125 0.65576171875 0.021484375 0.0146484375
0 0.95849609375 0.65234375 0.0166015625 0.017578125
0 0.53369140625 0.62744140625 0.03125 0.0322265625
0 0.8603515625 0.732421875 0.0302734375 0.03125
0 0.89501953125 0.7744140625 0.029296875 0.0361328125
0 0.65869140625 0.73291015625 0.0234375 0.021484375
0 0.88134765625 0.7373046875 0.03125 0.029296875
0 0.64501953125 0.7236328125 0.0263671875 0.021484375
0 0.81787109375 0.7236328125 0.017578125 0.0146484375
0 0.8388671875 0.97021484375 0.0439453125 0.0400390625
0 0.77392578125 0.60791015625 0.0302734375 0.0341796875