0 0.78662109375 0.296875 0.0185546875 0.02587890625
0 0.84716796875 0.12109375 0.01171875 0.03125
0 0.814453125 0.06396484375 0.01171875 0.0341796875
0 0.89208984375 0.13525390625 0.0166015625 0.0283203125
0 0.63037109375 0.03515625 0.01953125 0.0244140625
0 0.6982421875 0.28857421875 0.013671875 0.02978515625
0 0.65869140625 0.48193359375 0.01904296875 0.02099609375
0 0.66015625 0.240234375 0.01123046875 0.03466796875
0 0.6669921875 0.4013671875 0.021484375 0.0302734375
0 0.57177734375 0.03515625 0.01025390625 0.03369140625
0 0.697265625 0.2421875 0.01171875 0.02978515625
0 0.54931640625 0.29833984375 0.01025390625 0.0341796875
0 0.52392578125 0.095703125 0.01123046875 0.03125
0 0.2646484375 0.064453125 0.01416015625 0.0302734375
0 0.1044921875 0.4140625 0.00732421875 0.02734375
0 0.02001953125 0.4443359375 0.01416015625 0.04150390625
0 0.05419921875 0.47314453125 0.01708984375 0.02490234375
0 0.11767578125 0.052734375 0.00927734375 0.033203125
0 0.4150390625 0.15087890625 0.0107421875 0.03564453125
0 0.1552734375 0.1796875 0.0087890625 0.03125
0 0.4560546875 0.10498046875 0.0166015625 0.02490234375
0 0.48046875 0.08203125 0.0087890625 0.03564453125
0 0.3115234375 0.19775390625 0.00732421875 0.029296875
0 0.31103515625 0.14306640625 0.01416015625 0.02880859375
0 0.1259765625 0.11572265625 0.01513671875 0.0341796875
0 0.08740234375 0.0888671875 0.01025390625 0.03515625
0 0.26123046875 0.31201171875 0.015625 0.03857421875
0 0.56982421875 0.265625 0.01318359375 0.03515625
0 0.119140625 0.0888671875 0.00927734375 0.0322265625
0 0.056640625 0.08642578125 0.013671875 0.03466796875
0 0.3037109375 0.0244140625 0.017578125 0.03515625
0 0.1025390625 0.1376953125 0.01220703125 0.029296875
0 0.158203125 0.12646484375 0.00830078125 0.037109375
0 0.35498046875 0.11181640625 0.01171875 0.0302734375
0 0.1826171875 0.0771484375 0.00927734375 0.03369140625
0 0.078125 0.2021484375 0.01171875 0.03125
0 0.1416015625 0.0751953125 0.0185546875 0.02587890625
0 0.025390625 0.02294921875 0.01513671875 0.03125
0 0.09326171875 0.04296875 0.01123046875 0.02880859375
0 0.00390625 0.10888671875 0.0068359375 0.03076171875
0 0.08154296875 0.0068359375 0.0107421875 0.01318359375
0 0.56591796875 0.00634765625 0.0078125 0.01220703125