0 0.94873046875 0.10986328125 0.02734375 0.041015625
0 0.9033203125 0.8310546875 0.0361328125 0.0634765625
0 0.9501953125 0.720703125 0.0322265625 0.044921875
0 0.93603515625 0.689453125 0.046875 0.0595703125
0 0.6435546875 0.99072265625 0.046875 0.0185546875
0 0.703125 0.6748046875 0.041015625 0.0498046875
0 0.93115234375 0.5888671875 0.0458984375 0.06640625
0 0.6826171875 0.638671875 0.0419921875 0.05859375
0 0.697265625 0.46337890625 0.0400390625 0.060546875
0 0.517578125 0.8359375 0.033203125 0.0625
0 0.4453125 0.68115234375 0.041015625 0.0703125
0 0.671875 0.484375 0.0400390625 0.0654296875
0 0.5986328125 0.53662109375 0.0380859375 0.06640625
0 0.36767578125 0.80078125 0.0361328125 0.0615234375
0 0.14501953125 0.60595703125 0.0439453125 0.0380859375
0 0.43505859375 0.84130859375 0.0185546875 0.0234375
0 0.34033203125 0.70263671875 0.041015625 0.0732421875
0 0.84765625 0.24560546875 0.048828125 0.0625
0 0.92236328125 0.10009765625 0.0322265625 0.03515625
0 0.61328125 0.63623046875 0.04296875 0.0634765625
0 0.400390625 0.42333984375 0.0361328125 0.0625
0 0.86865234375 0.0947265625 0.041015625 0.0458984375
0 0.4501953125 0.6591796875 0.021484375 0.0302734375
0 0.57275390625 0.3583984375 0.0478515625 0.076171875
0 0.94775390625 0.75634765625 0.0205078125 0.0439453125
0 0.44482421875 0.31689453125 0.0478515625 0.0830078125
0 0.5126953125 0.91650390625 0.03125 0.0673828125
0 0.5634765625 0.6513671875 0.03515625 0.0517578125
0 0.68798828125 0.45166015625 0.02734375 0.0458984375
0 0.47412109375 0.740234375 0.0419921875 0.05078125
0 0.8642578125 0.4501953125 0.0458984375 0.0625
0 0.4404296875 0.85302734375 0.04296875 0.0498046875
0 0.66796875 0.11279296875 0.0283203125 0.0595703125
0 0.650390625 0.7978515625 0.0458984375 0.0478515625
0 0.201171875 0.8818359375 0.046875 0.068359375
0 0.68896484375 0.1396484375 0.0341796875 0.078125
0 0.6005859375 0.921875 0.0400390625 0.0517578125
0 0.62841796875 0.9638671875 0.037109375 0.06640625
0 0.900390625 0.81298828125 0.01953125 0.03125
0 0.724609375 0.37255859375 0.046875 0.0556640625
0 0.857421875 0.431640625 0.0166015625 0.0263671875
0 0.1513671875 0.6259765625 0.0458984375 0.046875
0 0.4091796875 0.154296875 0.05078125 0.05078125
0 0.3330078125 0.35009765625 0.0224609375 0.03125
0 0.66064453125 0.4970703125 0.0185546875 0.0361328125
0 0.92822265625 0.56982421875 0.0244140625 0.0322265625
0 0.67724609375 0.15576171875 0.02734375 0.0498046875
0 0.4658203125 0.43505859375 0.0283203125 0.033203125
0 0.85107421875 0.08837890625 0.015625 0.0185546875
0 0.4150390625 0.4521484375 0.02734375 0.0498046875
0 0.33837890625 0.3642578125 0.0400390625 0.0576171875
0 0.572265625 0.33642578125 0.0263671875 0.03515625
0 0.45166015625 0.3564453125 0.03515625 0.0537109375
0 0.4013671875 0.40185546875 0.0166015625 0.0234375
0 0.63720703125 0.78515625 0.0146484375 0.029296875
0 0.74072265625 0.388671875 0.0341796875 0.0654296875