0 0.544921875 0.3125 0.0830078125 0.09765625
0 0.68115234375 0.65673828125 0.13671875 0.1298828125
0 0.40087890625 0.9501953125 0.1279296875 0.099609375
0 0.73583984375 0.1552734375 0.060546875 0.078125
0 0.43994140625 0.677734375 0.1328125 0.138671875
0 0.62890625 0.7490234375 0.1298828125 0.10546875
0 0.1484375 0.119140625 0.04296875 0.041015625
0 0.37353515625 0.1455078125 0.044921875 0.0673828125
0 0.380859375 0.5712890625 0.083984375 0.1201171875
0 0.32421875 0.14892578125 0.046875 0.064453125
0 0.42529296875 0.27490234375 0.044921875 0.072265625
0 0.46533203125 0.0517578125 0.052734375 0.05859375
0 0.0869140625 0.2978515625 0.080078125 0.087890625
0 0.31103515625 0.0458984375 0.0537109375 0.0419921875
0 0.42333984375 0.0244140625 0.04296875 0.044921875
0 0.9501953125 0.375 0.083984375 0.1015625
0 0.107421875 0.12646484375 0.056640625 0.0615234375
0 0.166015625 0.68017578125 0.099609375 0.107421875
0 0.1318359375 0.49560546875 0.0654296875 0.09765625
0 0.25537109375 0.126953125 0.033203125 0.072265625
0 0.03173828125 0.2783203125 0.0576171875 0.0732421875
0 0.16015625 0.32421875 0.07421875 0.0947265625
0 0.546875 0.57373046875 0.0986328125 0.1337890625
0 0.02490234375 0.38671875 0.0498046875 0.087890625
0 0.9306640625 0.154296875 0.0234375 0.0537109375
0 0.8291015625 0.82568359375 0.0859375 0.1806640625