0 0.69921875 0.49609375 0.0966796875 0.13671875
0 0.27099609375 0.3759765625 0.1005859375 0.10791015625
0 0.27099609375 0.48583984375 0.07763671875 0.0966796875
0 0.4599609375 0.18359375 0.0390625 0.091796875
0 0.2392578125 0.64306640625 0.0810546875 0.11279296875
0 0.15673828125 0.21728515625 0.08251953125 0.06982421875
0 0.6513671875 0.2958984375 0.06298828125 0.0810546875
0 0.49853515625 0.783203125 0.1396484375 0.15380859375
0 0.18212890625 0.333984375 0.0537109375 0.1103515625
0 0.93701171875 0.82568359375 0.1201171875 0.17041015625
0 0.27783203125 0.26220703125 0.03759765625 0.06494140625