0 0.09326171875 0.09619140625 0.04296875 0.06640625
0 0.7353515625 0.69091796875 0.064453125 0.1279296875
0 0.83935546875 0.720703125 0.056640625 0.150390625
0 0.59423828125 0.09423828125 0.046875 0.0712890625
0 0.85205078125 0.37158203125 0.056640625 0.0771484375
0 0.40673828125 0.4638671875 0.05859375 0.064453125
0 0.66552734375 0.35205078125 0.08203125 0.0751953125
0 0.93994140625 0.47216796875 0.0732421875 0.083984375
0 0.341796875 0.486328125 0.0771484375 0.107421875
0 0.12353515625 0.4140625 0.0732421875 0.0830078125
0 0.6640625 0.1171875 0.0419921875 0.0556640625
0 0.59912109375 0.57763671875 0.0439453125 0.1494140625
0 0.01806640625 0.5146484375 0.0361328125 0.060546875
0 0.064453125 0.15283203125 0.0498046875 0.0634765625
0 0.2578125 0.0224609375 0.05078125 0.044921875
0 0.01611328125 0.1259765625 0.0205078125 0.0654296875
0 0.19580078125 0.94873046875 0.0927734375 0.09375