0 0.3212890625 0.46923828125 0.0380859375 0.0361328125
0 0.376953125 0.43359375 0.0380859375 0.02490234375
0 0.30322265625 0.6181640625 0.0380859375 0.02783203125
0 0.56494140625 0.62451171875 0.02880859375 0.08056640625
0 0.1708984375 0.51904296875 0.03759765625 0.04833984375
0 0.13232421875 0.47119140625 0.04052734375 0.0400390625
0 0.025390625 0.6767578125 0.04052734375 0.04736328125
0 0.63671875 0.35009765625 0.0458984375 0.02734375
0 0.26025390625 0.45166015625 0.03662109375 0.04296875
0 0.3193359375 0.36767578125 0.03662109375 0.03271484375
0 0.10546875 0.71826171875 0.03955078125 0.0458984375
0 0.25341796875 0.68359375 0.029296875 0.068359375
0 0.220703125 0.83544921875 0.03564453125 0.05322265625
0 0.51611328125 0.90966796875 0.0478515625 0.05419921875
0 0.53955078125 0.3603515625 0.044921875 0.04150390625
0 0.2177734375 0.923828125 0.04150390625 0.04296875
0 0.59326171875 0.24609375 0.0458984375 0.02685546875
0 0.0400390625 0.8271484375 0.03466796875 0.06005859375
0 0.1474609375 0.97900390625 0.0380859375 0.04150390625
0 0.56005859375 0.12451171875 0.03369140625 0.0498046875
0 0.7236328125 0.17333984375 0.0263671875 0.068359375
0 0.41357421875 0.94091796875 0.02783203125 0.05908203125
0 0.1982421875 0.0244140625 0.03515625 0.04296875
0 0.67724609375 0.7861328125 0.041015625 0.05810546875
0 0.4267578125 0.02734375 0.03125 0.0546875
0 0.17041015625 0.1259765625 0.03466796875 0.03857421875
0 0.08642578125 0.453125 0.0322265625 0.04150390625
0 0.22119140625 0.4814453125 0.037109375 0.03955078125
0 0.06494140625 0.1455078125 0.0224609375 0.0615234375
0 0.20068359375 0.732421875 0.03759765625 0.044921875
0 0.0224609375 0.28564453125 0.03662109375 0.02880859375
0 0.005859375 0.51806640625 0.01171875 0.01953125