0 0.66552734375 0.294921875 0.01904296875 0.04345703125
0 0.66552734375 0.0234375 0.01123046875 0.03857421875
0 0.0693359375 0.58837890625 0.017578125 0.04345703125
0 0.30712890625 0.427734375 0.0205078125 0.03662109375
0 0.3779296875 0.40087890625 0.0224609375 0.03955078125
0 0.6435546875 0.171875 0.01123046875 0.03759765625
0 0.23193359375 0.494140625 0.01416015625 0.03662109375
0 0.44189453125 0.17724609375 0.02001953125 0.033203125
0 0.3623046875 0.548828125 0.02587890625 0.03759765625
0 0.1806640625 0.1064453125 0.01806640625 0.0458984375
0 0.3916015625 0.2265625 0.0234375 0.03173828125
0 0.4072265625 0.61376953125 0.0234375 0.03857421875
0 0.41552734375 0.1240234375 0.01806640625 0.03466796875
0 0.3994140625 0.12060546875 0.02099609375 0.02783203125
0 0.37060546875 0.162109375 0.02587890625 0.025390625
0 0.1416015625 0.05224609375 0.01611328125 0.02783203125
0 0.365234375 0.28125 0.0185546875 0.03662109375
0 0.17578125 0.29296875 0.02001953125 0.03759765625
0 0.3095703125 0.12744140625 0.01611328125 0.02685546875
0 0.3525390625 0.4765625 0.013671875 0.03369140625
0 0.435546875 0.09765625 0.013671875 0.03076171875
0 0.04833984375 0.13037109375 0.02392578125 0.02587890625
0 0.41650390625 0.06103515625 0.02001953125 0.03662109375
0 0.287109375 0.1884765625 0.02001953125 0.03271484375
0 0.53662109375 0.20947265625 0.02099609375 0.02734375
0 0.4326171875 0.3388671875 0.00927734375 0.041015625
0 0.17529296875 0.18115234375 0.021484375 0.02197265625
0 0.048828125 0.18896484375 0.0185546875 0.03955078125
0 0.20263671875 0.01513671875 0.0205078125 0.0302734375
0 0.23681640625 0.09765625 0.01708984375 0.02734375
0 0.47900390625 0.39501953125 0.0263671875 0.04833984375
0 0.4541015625 0.04541015625 0.01416015625 0.0283203125
0 0.5791015625 0.40087890625 0.0283203125 0.04345703125
0 0.0224609375 0.47509765625 0.0224609375 0.02392578125
0 0.39501953125 0.0234375 0.0224609375 0.03076171875
0 0.25244140625 0.236328125 0.017578125 0.03662109375
0 0.2646484375 0.12744140625 0.009765625 0.02880859375
0 0.0302734375 0.0966796875 0.01904296875 0.0283203125
0 0.09765625 0.0498046875 0.01171875 0.02880859375
0 0.48193359375 0.04541015625 0.02099609375 0.02783203125
0 0.37255859375 0.4833984375 0.015625 0.05029296875
0 0.05078125 0.68603515625 0.01953125 0.02734375
0 0.0791015625 0.27099609375 0.0166015625 0.02197265625
0 0.4326171875 0.0498046875 0.01123046875 0.03125
0 0.1474609375 0.32568359375 0.0087890625 0.0400390625
0 0.08203125 0.69482421875 0.02783203125 0.05517578125
0 0.4873046875 0.03076171875 0.01416015625 0.03076171875
0 0.0654296875 0.1455078125 0.0224609375 0.03125
0 0.2314453125 0.63330078125 0.0302734375 0.0322265625
0 0.427734375 0.0087890625 0.02001953125 0.01708984375
0 0.02294921875 0.498046875 0.02783203125 0.0322265625
0 0.11279296875 0.01123046875 0.0146484375 0.0224609375
0 0.3974609375 0.63916015625 0.013671875 0.0341796875
0 0.06787109375 0.744140625 0.0283203125 0.04248046875
0 0.31689453125 0.4453125 0.0166015625 0.02880859375
0 0.00830078125 0.767578125 0.0166015625 0.05712890625
0 0.38623046875 0.01171875 0.009765625 0.0234375
0 0.0068359375 0.33740234375 0.0126953125 0.03662109375
0 0.1044921875 0.06640625 0.01171875 0.02490234375
0 0.31982421875 0.123046875 0.01416015625 0.0302734375