0 0.44189453125 0.27392578125 0.05029296875 0.08154296875
0 0.58642578125 0.27490234375 0.06591796875 0.0927734375
0 0.5419921875 0.392578125 0.0849609375 0.0966796875
0 0.0859375 0.22119140625 0.04638671875 0.0546875
0 0.43994140625 0.3203125 0.0595703125 0.06298828125
0 0.54248046875 0.20263671875 0.0595703125 0.0830078125
0 0.5986328125 0.544921875 0.05712890625 0.1171875
0 0.4169921875 0.048828125 0.05615234375 0.05419921875
0 0.18359375 0.17919921875 0.0419921875 0.04931640625
0 0.63818359375 0.18798828125 0.068359375 0.0859375
0 0.2783203125 0.2119140625 0.0654296875 0.0703125
0 0.59716796875 0.19970703125 0.0654296875 0.08056640625
0 0.02734375 0.50732421875 0.052734375 0.10986328125
0 0.974609375 0.06640625 0.0498046875 0.05224609375
0 0.3544921875 0.7939453125 0.08984375 0.07958984375
0 0.09375 0.36328125 0.0703125 0.087890625
0 0.7734375 0.619140625 0.1142578125 0.123046875
0 0.53271484375 0.02099609375 0.041015625 0.04052734375
0 0.90380859375 0.1591796875 0.09130859375 0.07763671875
0 0.24853515625 0.02685546875 0.05810546875 0.0537109375
0 0.1884765625 0.2509765625 0.064453125 0.0810546875
0 0.2861328125 0.69482421875 0.10986328125 0.15380859375
0 0.82080078125 0.28125 0.05517578125 0.07666015625
0 0.21630859375 0.1806640625 0.0537109375 0.06494140625
0 0.37158203125 0.0283203125 0.0498046875 0.05419921875
0 0.33203125 0.0498046875 0.0576171875 0.06005859375
0 0.4365234375 0.935546875 0.0498046875 0.12890625
0 0.3291015625 0.02880859375 0.04638671875 0.02783203125
0 0.32861328125 0.00927734375 0.0400390625 0.0185546875
0 0.9912109375 0.56201171875 0.017578125 0.0634765625
0 0.822265625 0.05126953125 0.04052734375 0.06640625
0 0.009765625 0.70703125 0.01953125 0.11865234375
0 0.412109375 0.44970703125 0.0458984375 0.0615234375
0 0.00634765625 0.11669921875 0.01220703125 0.0654296875
0 0.5166015625 0.01904296875 0.01220703125 0.037109375
0 0.619140625 0.1572265625 0.0302734375 0.02490234375
0 0.99267578125 0.02197265625 0.01220703125 0.0439453125