0 0.1279296875 0.38623046875 0.0146484375 0.0205078125
0 0.07177734375 0.267578125 0.0126953125 0.013671875
0 0.27197265625 0.658203125 0.009765625 0.0224609375
0 0.326171875 0.6259765625 0.0107421875 0.0244140625
0 0.2783203125 0.8994140625 0.013671875 0.021484375
0 0.2802734375 0.7646484375 0.01171875 0.02734375
0 0.27880859375 0.623046875 0.0087890625 0.025390625
0 0.17578125 0.69287109375 0.009765625 0.0224609375
0 0.27099609375 0.51123046875 0.0107421875 0.021484375
0 0.107421875 0.45458984375 0.009765625 0.021484375
0 0.08056640625 0.28857421875 0.01171875 0.017578125
0 0.23193359375 0.58349609375 0.0078125 0.01953125
0 0.2509765625 0.4384765625 0.009765625 0.01953125
0 0.2236328125 0.64208984375 0.013671875 0.017578125
0 0.14013671875 0.9638671875 0.01171875 0.0185546875
0 0.29150390625 0.75830078125 0.0087890625 0.0205078125
0 0.29443359375 0.79833984375 0.009765625 0.0263671875
0 0.21484375 0.58056640625 0.0107421875 0.0185546875
0 0.1767578125 0.54736328125 0.009765625 0.017578125
0 0.27734375 0.48388671875 0.0087890625 0.015625
0 0.14453125 0.39892578125 0.0087890625 0.01953125
0 0.27490234375 0.8505859375 0.009765625 0.0234375
0 0.2060546875 0.57373046875 0.0126953125 0.02734375
0 0.04052734375 0.94921875 0.0146484375 0.0234375
0 0.29248046875 0.81640625 0.0146484375 0.0205078125