0 0.48828125 0.6884765625 0.0146484375 0.03515625
0 0.744140625 0.3720703125 0.015625 0.03125
0 0.92626953125 0.38134765625 0.015625 0.0322265625
0 0.5869140625 0.66064453125 0.0185546875 0.01953125
0 0.74609375 0.603515625 0.0185546875 0.0341796875
0 0.57666015625 0.6298828125 0.01953125 0.0380859375
0 0.60400390625 0.8642578125 0.0224609375 0.029296875
0 0.962890625 0.47412109375 0.021484375 0.025390625
0 0.6328125 0.6708984375 0.0185546875 0.0361328125
0 0.4716796875 0.75439453125 0.017578125 0.0361328125
0 0.55078125 0.77197265625 0.0185546875 0.0302734375
0 0.50732421875 0.97216796875 0.021484375 0.037109375
0 0.9765625 0.548828125 0.021484375 0.0263671875
0 0.62109375 0.95458984375 0.01171875 0.0244140625
0 0.96142578125 0.4287109375 0.0224609375 0.0302734375
0 0.51806640625 0.80322265625 0.0166015625 0.0322265625
0 0.68115234375 0.60546875 0.017578125 0.0341796875
0 0.44287109375 0.91455078125 0.01953125 0.0302734375
0 0.41650390625 0.91845703125 0.017578125 0.0244140625
0 0.98388671875 0.4345703125 0.0234375 0.029296875
0 0.77197265625 0.66650390625 0.0166015625 0.033203125
0 0.67236328125 0.77783203125 0.0166015625 0.02734375
0 0.69775390625 0.63330078125 0.017578125 0.025390625
0 0.71142578125 0.69189453125 0.015625 0.021484375
0 0.91015625 0.7626953125 0.021484375 0.03125
0 0.69091796875 0.6845703125 0.0185546875 0.033203125
0 0.68701171875 0.87109375 0.0224609375 0.0283203125
0 0.75830078125 0.6865234375 0.015625 0.03125
0 0.69580078125 0.7490234375 0.0126953125 0.0205078125
0 0.818359375 0.54345703125 0.021484375 0.029296875
0 0.92236328125 0.6884765625 0.0205078125 0.03125
0 0.65283203125 0.99072265625 0.0244140625 0.0185546875
0 0.88671875 0.60888671875 0.0185546875 0.0283203125
0 0.67041015625 0.984375 0.0224609375 0.03125
0 0.92041015625 0.89501953125 0.0166015625 0.0322265625
0 0.74658203125 0.91943359375 0.01953125 0.0322265625
0 0.85205078125 0.537109375 0.01953125 0.0283203125
0 0.89697265625 0.583984375 0.017578125 0.0283203125
0 0.72265625 0.8671875 0.0185546875 0.0322265625
0 0.93017578125 0.85595703125 0.015625 0.0341796875
0 0.68017578125 0.9892578125 0.0185546875 0.021484375
0 0.8779296875 0.81689453125 0.0185546875 0.0283203125
0 0.85986328125 0.99462890625 0.0166015625 0.0107421875
0 0.865234375 0.62353515625 0.021484375 0.0302734375
0 0.447265625 0.8349609375 0.0224609375 0.02734375
0 0.73876953125 0.83544921875 0.015625 0.0302734375
0 0.52783203125 0.9541015625 0.0224609375 0.029296875
0 0.74072265625 0.80322265625 0.0185546875 0.03515625
0 0.857421875 0.68408203125 0.0146484375 0.0224609375
0 0.7919921875 0.80517578125 0.0185546875 0.029296875
0 0.92041015625 0.64404296875 0.0205078125 0.0361328125
0 0.4423828125 0.87890625 0.0205078125 0.03125
0 0.8330078125 0.599609375 0.0234375 0.033203125
0 0.83203125 0.64453125 0.021484375 0.03515625
0 0.87255859375 0.94384765625 0.0244140625 0.0322265625
0 0.8056640625 0.7861328125 0.015625 0.0322265625
0 0.85498046875 0.80126953125 0.0205078125 0.03125
0 0.7861328125 0.5869140625 0.0205078125 0.03125
0 0.90673828125 0.703125 0.01953125 0.0283203125
0 0.88671875 0.90625 0.021484375 0.0380859375
0 0.775390625 0.97021484375 0.017578125 0.02734375
0 0.66162109375 0.99560546875 0.0166015625 0.0087890625
0 0.81201171875 0.61279296875 0.013671875 0.029296875
0 0.74365234375 0.7421875 0.0205078125 0.0478515625
0 0.8046875 0.9267578125 0.01953125 0.0283203125
0 0.548828125 0.56884765625 0.013671875 0.025390625
0 0.80029296875 0.962890625 0.021484375 0.0361328125
0 0.8310546875 0.625 0.0205078125 0.02734375
0 0.728515625 0.75830078125 0.0205078125 0.04296875
0 0.796875 0.99072265625 0.015625 0.0185546875
0 0.7978515625 0.60888671875 0.015625 0.02734375