0 0.6259765625 0.34228515625 0.01806640625 0.015625
0 0.61669921875 0.35205078125 0.015625 0.01806640625
0 0.59716796875 0.38818359375 0.02197265625 0.029296875
0 0.71533203125 0.05322265625 0.01220703125 0.01171875
0 0.72314453125 0.03564453125 0.01318359375 0.01611328125
0 0.63623046875 0.36083984375 0.0146484375 0.013671875
0 0.68212890625 0.3955078125 0.0146484375 0.0224609375
0 0.8037109375 0.36572265625 0.01318359375 0.0146484375
0 0.67529296875 0.189453125 0.0107421875 0.0185546875
0 0.763671875 0.32421875 0.015625 0.01611328125
0 0.66748046875 0.3896484375 0.0146484375 0.01904296875
0 0.83837890625 0.35009765625 0.013671875 0.0185546875
0 0.70751953125 0.37109375 0.0126953125 0.013671875
0 0.78564453125 0.0615234375 0.0107421875 0.01904296875
0 0.6767578125 0.31494140625 0.01318359375 0.01513671875
0 0.64306640625 0.36962890625 0.01513671875 0.015625
0 0.67138671875 0.1767578125 0.01220703125 0.0166015625
0 0.5361328125 0.0693359375 0.01220703125 0.01953125
0 0.69677734375 0.23388671875 0.01416015625 0.0185546875
0 0.7216796875 0.20751953125 0.01220703125 0.02294921875
0 0.70751953125 0.2841796875 0.013671875 0.015625
0 0.4677734375 0.1328125 0.01904296875 0.02880859375
0 0.77880859375 0.17333984375 0.015625 0.021484375
0 0.4541015625 0.2666015625 0.0166015625 0.01904296875
0 0.265625 0.08642578125 0.01123046875 0.02880859375
0 0.26318359375 0.05419921875 0.0126953125 0.02392578125
0 0.92041015625 0.0498046875 0.021484375 0.021484375
0 0.94287109375 0.10693359375 0.009765625 0.021484375
0 0.52099609375 0.0908203125 0.01171875 0.02197265625
0 0.63720703125 0.20361328125 0.009765625 0.02685546875
0 0.54443359375 0.05078125 0.01318359375 0.01318359375