0 0.1337890625 0.1025390625 0.0107421875 0.0146484375
0 0.1318359375 0.0830078125 0.009765625 0.0126953125
0 0.13671875 0.08447265625 0.0068359375 0.013671875
0 0.16796875 0.0791015625 0.0068359375 0.013671875
0 0.17333984375 0.08154296875 0.0068359375 0.0107421875
0 0.20703125 0.08349609375 0.0068359375 0.01171875
0 0.10693359375 0.07763671875 0.009765625 0.0146484375
0 0.1845703125 0.087890625 0.009765625 0.0146484375
0 0.19921875 0.06689453125 0.005859375 0.0107421875
0 0.099609375 0.078125 0.0078125 0.01171875
0 0.14501953125 0.083984375 0.005859375 0.0107421875
0 0.17919921875 0.07421875 0.0087890625 0.0146484375
0 0.1240234375 0.08349609375 0.0078125 0.01171875
0 0.185546875 0.0732421875 0.0068359375 0.013671875
0 0.19482421875 0.1123046875 0.0078125 0.0126953125
0 0.18017578125 0.9091796875 0.0224609375 0.02734375
0 0.111328125 0.0810546875 0.0078125 0.013671875
0 0.1787109375 0.08740234375 0.0087890625 0.017578125