0 0.04248046875 0.30224609375 0.02587890625 0.0166015625
0 0.75390625 0.78662109375 0.04833984375 0.09033203125
0 0.33642578125 0.45068359375 0.0380859375 0.04638671875
0 0.4443359375 0.712890625 0.052734375 0.056640625
0 0.353515625 0.57373046875 0.05419921875 0.05419921875
0 0.52099609375 0.376953125 0.03515625 0.0419921875
0 0.0888671875 0.564453125 0.048828125 0.05078125
0 0.29541015625 0.80078125 0.060546875 0.0654296875
0 0.43310546875 0.2841796875 0.03369140625 0.0341796875
0 0.2021484375 0.5576171875 0.046875 0.048828125
0 0.4033203125 0.48095703125 0.0390625 0.04443359375
0 0.142578125 0.37451171875 0.0400390625 0.0390625
0 0.20166015625 0.4677734375 0.03955078125 0.046875
0 0.53662109375 0.51806640625 0.0361328125 0.0556640625
0 0.39111328125 0.8046875 0.06787109375 0.06884765625
0 0.45166015625 0.52001953125 0.04345703125 0.0478515625
0 0.208984375 0.37646484375 0.0400390625 0.0400390625
0 0.22265625 0.7822265625 0.0576171875 0.06884765625
0 0.4560546875 0.291015625 0.02587890625 0.03271484375
0 0.16015625 0.44921875 0.03076171875 0.02294921875
0 0.40625 0.439453125 0.0322265625 0.0546875
0 0.16455078125 0.5888671875 0.0458984375 0.02685546875
0 0.06591796875 0.65771484375 0.0537109375 0.05419921875
0 0.05078125 0.51953125 0.04931640625 0.044921875
0 0.4658203125 0.24853515625 0.025390625 0.02978515625
0 0.12353515625 0.4755859375 0.03173828125 0.02880859375
0 0.51806640625 0.92529296875 0.0732421875 0.068359375
0 0.05029296875 0.359375 0.0302734375 0.03515625
0 0.52978515625 0.2353515625 0.02587890625 0.029296875
0 0.19091796875 0.232421875 0.025390625 0.02734375
0 0.42578125 0.189453125 0.02685546875 0.02978515625
0 0.3408203125 0.4189453125 0.033203125 0.03955078125
0 0.87744140625 0.4560546875 0.04736328125 0.05224609375
0 0.23828125 0.9208984375 0.0576171875 0.07861328125
0 0.2333984375 0.451171875 0.04052734375 0.0419921875
0 0.04736328125 0.220703125 0.02587890625 0.02734375
0 0.0234375 0.2939453125 0.03369140625 0.03076171875
0 0.248046875 0.5986328125 0.04736328125 0.046875
0 0.35888671875 0.3037109375 0.03662109375 0.03369140625
0 0.66748046875 0.45849609375 0.0400390625 0.05078125
0 0.68896484375 0.83251953125 0.06298828125 0.0703125
0 0.43505859375 0.66455078125 0.04541015625 0.05810546875
0 0.1982421875 0.17578125 0.02197265625 0.0302734375
0 0.02099609375 0.49853515625 0.037109375 0.04443359375
0 0.18896484375 0.3515625 0.03369140625 0.03466796875
0 0.25341796875 0.369140625 0.03564453125 0.03662109375
0 0.5634765625 0.21484375 0.02490234375 0.02734375
0 0.4482421875 0.2265625 0.0263671875 0.02978515625
0 0.2236328125 0.63525390625 0.0537109375 0.0673828125
0 0.3955078125 0.41162109375 0.04345703125 0.0498046875
0 0.3046875 0.26953125 0.029296875 0.03125
0 0.138671875 0.20947265625 0.0244140625 0.02880859375
0 0.486328125 0.24609375 0.02490234375 0.03173828125
0 0.3935546875 0.59912109375 0.02880859375 0.02587890625
0 0.3037109375 0.34716796875 0.02490234375 0.03369140625
0 0.3271484375 0.171875 0.01708984375 0.029296875
0 0.8115234375 0.50927734375 0.0302734375 0.05419921875
0 0.3310546875 0.4716796875 0.0302734375 0.03125
0 0.4541015625 0.1748046875 0.0244140625 0.02880859375
0 0.1650390625 0.275390625 0.03173828125 0.0283203125
0 0.68408203125 0.23193359375 0.02783203125 0.03271484375
0 0.3544921875 0.25732421875 0.02783203125 0.0341796875
0 0.2724609375 0.1748046875 0.01953125 0.02685546875
0 0.83935546875 0.4619140625 0.0361328125 0.05859375
0 0.57080078125 0.27783203125 0.015625 0.03369140625
0 0.11181640625 0.84326171875 0.0576171875 0.03759765625
0 0.4775390625 0.22314453125 0.02685546875 0.029296875
0 0.837890625 0.55615234375 0.05859375 0.06201171875
0 0.443359375 0.90283203125 0.0712890625 0.05078125
0 0.04931640625 0.716796875 0.05419921875 0.0654296875
0 0.14453125 0.2890625 0.0234375 0.021484375
0 0.35546875 0.2158203125 0.0224609375 0.0263671875
0 0.3896484375 0.2197265625 0.02294921875 0.02978515625
0 0.556640625 0.33154296875 0.02685546875 0.03271484375
0 0.1953125 0.88671875 0.05029296875 0.0361328125
0 0.3037109375 0.24072265625 0.02783203125 0.03076171875
0 0.16357421875 0.12646484375 0.021484375 0.0224609375
0 0.17529296875 0.17529296875 0.01416015625 0.021484375
0 0.53759765625 0.2109375 0.0126953125 0.0283203125
0 0.3720703125 0.27685546875 0.0166015625 0.0361328125
0 0.01953125 0.16015625 0.01708984375 0.02587890625
0 0.3076171875 0.22412109375 0.0205078125 0.0224609375
0 0.51123046875 0.2314453125 0.01123046875 0.03125
0 0.39453125 0.17626953125 0.0205078125 0.0283203125
0 0.0771484375 0.9384765625 0.0615234375 0.041015625
0 0.6025390625 0.30517578125 0.03369140625 0.02978515625
0 0.060546875 0.689453125 0.029296875 0.03515625
0 0.06591796875 0.2060546875 0.02197265625 0.0283203125
0 0.02197265625 0.435546875 0.0341796875 0.041015625
0 0.54931640625 0.22216796875 0.015625 0.0126953125
0 0.50927734375 0.427734375 0.0234375 0.04052734375
0 0.0078125 0.17041015625 0.015625 0.0263671875
0 0.3486328125 0.1875 0.02587890625 0.02685546875
0 0.1923828125 0.513671875 0.03125 0.046875
0 0.23681640625 0.13916015625 0.01513671875 0.02001953125
0 0.0341796875 0.14697265625 0.017578125 0.02685546875
0 0.28271484375 0.1484375 0.02783203125 0.02587890625
0 0.17822265625 0.29248046875 0.02099609375 0.02978515625
0 0.37841796875 0.171875 0.017578125 0.02685546875
0 0.60986328125 0.49951171875 0.02734375 0.0283203125
0 0.57421875 0.3046875 0.0302734375 0.03515625
0 0.74169921875 0.44140625 0.0361328125 0.02685546875
0 0.0146484375 0.943359375 0.02880859375 0.041015625
0 0.83837890625 0.76513671875 0.04931640625 0.080078125
0 0.1865234375 0.43994140625 0.0283203125 0.03955078125
0 0.0498046875 0.263671875 0.0244140625 0.02685546875
0 0.3349609375 0.23388671875 0.02587890625 0.03076171875
0 0.451171875 0.60595703125 0.02099609375 0.0556640625
0 0.126953125 0.455078125 0.03466796875 0.04296875
0 0.3134765625 0.25537109375 0.0283203125 0.03271484375
0 0.54638671875 0.69482421875 0.02783203125 0.0615234375
0 0.0927734375 0.4814453125 0.03515625 0.04736328125
0 0.77880859375 0.66796875 0.05517578125 0.05810546875
0 0.921875 0.90087890625 0.07373046875 0.080078125
0 0.67333984375 0.392578125 0.03125 0.04248046875
0 0.6220703125 0.818359375 0.0380859375 0.0322265625
0 0.134765625 0.72998046875 0.02978515625 0.05615234375
0 0.64990234375 0.60009765625 0.041015625 0.03466796875
0 0.47021484375 0.337890625 0.01806640625 0.03857421875
0 0.35205078125 0.515625 0.021484375 0.02294921875
0 0.3427734375 0.2490234375 0.0302734375 0.0322265625
0 0.47119140625 0.712890625 0.029296875 0.072265625
0 0.1181640625 0.23583984375 0.009765625 0.025390625
0 0.9755859375 0.7314453125 0.04833984375 0.06689453125
0 0.00830078125 0.53662109375 0.0166015625 0.02490234375
0 0.00439453125 0.3486328125 0.0087890625 0.03271484375
0 0.208984375 0.61328125 0.02001953125 0.02197265625
0 0.76171875 0.71435546875 0.02734375 0.080078125
0 0.2353515625 0.171875 0.0283203125 0.01171875
0 0.0048828125 0.32080078125 0.00927734375 0.0224609375
0 0.0029296875 0.27392578125 0.005859375 0.0283203125
0 0.3994140625 0.3955078125 0.03173828125 0.0205078125