0 0.1494140625 0.6875 0.0390625 0.0595703125
0 0.08935546875 0.58447265625 0.03076171875 0.046875
0 0.61279296875 0.09423828125 0.05419921875 0.0537109375
0 0.51220703125 0.578125 0.0400390625 0.04052734375
0 0.4140625 0.451171875 0.03662109375 0.05322265625
0 0.18994140625 0.55859375 0.0400390625 0.04150390625
0 0.22314453125 0.455078125 0.03369140625 0.05322265625
0 0.04345703125 0.564453125 0.0361328125 0.04443359375
0 0.23681640625 0.23779296875 0.03759765625 0.03564453125
0 0.52587890625 0.7392578125 0.03515625 0.046875
0 0.0166015625 0.775390625 0.03173828125 0.05908203125
0 0.2880859375 0.24169921875 0.0390625 0.041015625
0 0.501953125 0.478515625 0.03759765625 0.04345703125
0 0.3193359375 0.31103515625 0.037109375 0.05908203125
0 0.54052734375 0.125 0.0234375 0.0732421875
0 0.587890625 0.44140625 0.0361328125 0.0546875
0 0.27001953125 0.806640625 0.03759765625 0.03564453125
0 0.4697265625 0.08642578125 0.0419921875 0.04833984375
0 0.486328125 0.68994140625 0.03857421875 0.02978515625
0 0.169921875 0.1513671875 0.037109375 0.05126953125
0 0.1875 0.171875 0.03759765625 0.04443359375
0 0.21533203125 0.3828125 0.0390625 0.041015625
0 0.1708984375 0.466796875 0.041015625 0.03759765625
0 0.27685546875 0.884765625 0.04248046875 0.0390625
0 0.37158203125 0.046875 0.03662109375 0.05908203125
0 0.34619140625 0.650390625 0.037109375 0.0390625
0 0.2431640625 0.6396484375 0.03955078125 0.0419921875
0 0.1962890625 0.93505859375 0.0390625 0.0341796875
0 0.75537109375 0.33447265625 0.02392578125 0.0732421875
0 0.1630859375 0.412109375 0.0390625 0.03857421875
0 0.12548828125 0.244140625 0.0419921875 0.04150390625
0 0.193359375 0.068359375 0.0380859375 0.06005859375
0 0.3125 0.62646484375 0.04345703125 0.0380859375
0 0.29296875 0.060546875 0.0400390625 0.037109375
0 0.31005859375 0.60302734375 0.04248046875 0.03662109375
0 0.11181640625 0.646484375 0.01806640625 0.076171875
0 0.41845703125 0.8876953125 0.0302734375 0.0517578125
0 0.013671875 0.6552734375 0.015625 0.0791015625
0 0.2490234375 0.50732421875 0.03857421875 0.037109375
0 0.47705078125 0.16064453125 0.03466796875 0.052734375
0 0.10205078125 0.046875 0.0380859375 0.04833984375
0 0.4521484375 0.705078125 0.02294921875 0.0625
0 0.50048828125 0.380859375 0.03369140625 0.06396484375
0 0.505859375 0.33837890625 0.0419921875 0.03857421875
0 0.45068359375 0.02685546875 0.03125 0.05322265625
0 0.3740234375 0.984375 0.03466796875 0.03125
0 0.47265625 0.70751953125 0.03271484375 0.0595703125
0 0.26953125 0.43017578125 0.04248046875 0.03076171875
0 0.2802734375 0.45654296875 0.0419921875 0.04638671875
0 0.3037109375 0.42529296875 0.0400390625 0.03662109375
0 0.25341796875 0.00927734375 0.02392578125 0.01806640625
0 0.15869140625 0.98779296875 0.0419921875 0.0244140625