0 0.12109375 0.41259765625 0.013671875 0.01953125
0 0.056640625 0.2978515625 0.01220703125 0.0126953125
0 0.28369140625 0.673828125 0.0078125 0.02197265625
0 0.33544921875 0.6376953125 0.00927734375 0.02392578125
0 0.306640625 0.9140625 0.01220703125 0.02099609375
0 0.29931640625 0.779296875 0.01025390625 0.0263671875
0 0.2880859375 0.63818359375 0.00732421875 0.02490234375
0 0.18994140625 0.71484375 0.00830078125 0.02197265625
0 0.2724609375 0.52734375 0.00927734375 0.02099609375
0 0.10498046875 0.48193359375 0.0087890625 0.02099609375
0 0.06689453125 0.318359375 0.0107421875 0.01708984375
0 0.23828125 0.60205078125 0.0068359375 0.01904296875
0 0.2470703125 0.4560546875 0.00830078125 0.0185546875
0 0.234375 0.6611328125 0.0126953125 0.01708984375
0 0.17333984375 0.98779296875 0.01025390625 0.01806640625
0 0.31005859375 0.77197265625 0.0078125 0.02001953125
0 0.31591796875 0.81201171875 0.0078125 0.02587890625
0 0.22119140625 0.60009765625 0.009765625 0.01806640625
0 0.1806640625 0.56982421875 0.0087890625 0.0166015625
0 0.27685546875 0.49951171875 0.00732421875 0.015625
0 0.13818359375 0.423828125 0.00732421875 0.01953125
0 0.2998046875 0.865234375 0.00830078125 0.0224609375
0 0.2119140625 0.59423828125 0.0107421875 0.0263671875
0 0.07275390625 0.97998046875 0.01318359375 0.0224609375
0 0.31494140625 0.830078125 0.01318359375 0.01953125