0 0.326171875 0.6826171875 0.052734375 0.06591796875
0 0.1708984375 0.453125 0.029296875 0.05078125
0 0.79638671875 0.53955078125 0.056640625 0.06201171875
0 0.16064453125 0.884765625 0.06591796875 0.07373046875
0 0.44921875 0.759765625 0.05615234375 0.07421875
0 0.2197265625 0.49169921875 0.05224609375 0.05078125
0 0.8125 0.572265625 0.052734375 0.07080078125
0 0.62890625 0.61474609375 0.05615234375 0.0673828125
0 0.34765625 0.3876953125 0.03857421875 0.0341796875
0 0.345703125 0.41748046875 0.03369140625 0.04443359375
0 0.29248046875 0.9638671875 0.05615234375 0.072265625
0 0.4072265625 0.60986328125 0.05322265625 0.06298828125
0 0.197265625 0.39794921875 0.0390625 0.0517578125
0 0.0595703125 0.67041015625 0.01904296875 0.0625
0 0.2470703125 0.7587890625 0.05810546875 0.0654296875
0 0.0341796875 0.43017578125 0.03271484375 0.05078125
0 0.27490234375 0.693359375 0.03369140625 0.08251953125
0 0.578125 0.60546875 0.0439453125 0.06396484375
0 0.8466796875 0.6357421875 0.0615234375 0.06640625
0 0.486328125 0.37060546875 0.033203125 0.0498046875
0 0.7001953125 0.42626953125 0.0419921875 0.0517578125
0 0.07568359375 0.8876953125 0.06494140625 0.046875
0 0.7216796875 0.53564453125 0.0263671875 0.06689453125
0 0.0869140625 0.5634765625 0.03564453125 0.0283203125
0 0.0830078125 0.404296875 0.0283203125 0.02197265625
0 0.9345703125 0.6875 0.02880859375 0.08154296875
0 0.232421875 0.59814453125 0.041015625 0.05908203125
0 0.44921875 0.455078125 0.03955078125 0.0302734375
0 0.513671875 0.65869140625 0.0380859375 0.0625
0 0.1728515625 0.4072265625 0.0224609375 0.05712890625
0 0.2431640625 0.64404296875 0.03369140625 0.07666015625
0 0.2373046875 0.97900390625 0.06689453125 0.03955078125
0 0.17919921875 0.7626953125 0.0302734375 0.03564453125
0 0.63720703125 0.4375 0.0185546875 0.0615234375
0 0.2666015625 0.65673828125 0.03662109375 0.03955078125
0 0.58837890625 0.3515625 0.01611328125 0.052734375
0 0.45654296875 0.3935546875 0.01513671875 0.044921875
0 0.353515625 0.96142578125 0.0263671875 0.07666015625
0 0.0078125 0.37109375 0.01513671875 0.03564453125
0 0.0078125 0.8037109375 0.01513671875 0.056640625
0 0.01416015625 0.70458984375 0.02734375 0.0546875
0 0.00634765625 0.47900390625 0.0126953125 0.02490234375
0 0.33251953125 0.41796875 0.01025390625 0.04052734375