0 0.86669921875 0.77392578125 0.142578125 0.1279296875
0 0.57421875 0.53076171875 0.162109375 0.16015625
0 0.6953125 0.49365234375 0.107421875 0.169921875
0 0.95458984375 0.1171875 0.0625 0.0595703125
0 0.705078125 0.2548828125 0.0751953125 0.146484375
0 0.5546875 0.8876953125 0.1572265625 0.1240234375
0 0.86962890625 0.24951171875 0.109375 0.0888671875
0 0.2109375 0.21337890625 0.1630859375 0.140625
0 0.375 0.6787109375 0.13671875 0.1845703125
0 0.5654296875 0.0703125 0.125 0.140625
0 0.53173828125 0.80078125 0.083984375 0.140625
0 0.76611328125 0.7197265625 0.11328125 0.0947265625
0 0.85107421875 0.10888671875 0.0634765625 0.0888671875
0 0.28662109375 0.03955078125 0.1474609375 0.0791015625
0 0.9150390625 0.76513671875 0.0458984375 0.0693359375
0 0.74609375 0.248046875 0.072265625 0.111328125
0 0.8896484375 0.1142578125 0.0625 0.080078125
0 0.32421875 0.017578125 0.072265625 0.03515625