0 0.125 0.09814453125 0.017578125 0.021484375
0 0.00732421875 0.52685546875 0.0146484375 0.0263671875
0 0.107421875 0.11962890625 0.01953125 0.025390625
0 0.13525390625 0.5712890625 0.0234375 0.025390625
0 0.197265625 0.00537109375 0.017578125 0.0107421875
0 0.083984375 0.41650390625 0.0302734375 0.0234375
0 0.154296875 0.01904296875 0.0224609375 0.0205078125
0 0.18408203125 0.0537109375 0.01953125 0.01953125
0 0.18212890625 0.1162109375 0.01953125 0.01953125
0 0.1025390625 0.083984375 0.0205078125 0.0205078125
0 0.24951171875 0.00439453125 0.0146484375 0.0087890625
0 0.0712890625 0.03662109375 0.0107421875 0.017578125
0 0.0888671875 0.57275390625 0.01953125 0.0244140625
0 0.10546875 0.5849609375 0.0263671875 0.046875