0 0.66943359375 0.55224609375 0.0537109375 0.04150390625
0 0.46484375 0.85009765625 0.0380859375 0.0498046875
0 0.74658203125 0.88427734375 0.0400390625 0.06494140625
0 0.74755859375 0.779296875 0.03515625 0.0595703125
0 0.6826171875 0.490234375 0.02880859375 0.072265625
0 0.9501953125 0.15771484375 0.03076171875 0.06298828125
0 0.970703125 0.759765625 0.02783203125 0.0712890625
0 0.9248046875 0.48486328125 0.0361328125 0.0546875
0 0.80126953125 0.7109375 0.03173828125 0.0634765625
0 0.91357421875 0.7421875 0.03466796875 0.04638671875
0 0.89892578125 0.7265625 0.037109375 0.0302734375