0 0.6064453125 0.591796875 0.0498046875 0.06396484375
0 0.142578125 0.80712890625 0.0478515625 0.0576171875
0 0.63330078125 0.3173828125 0.05224609375 0.05712890625
0 0.31689453125 0.58251953125 0.02880859375 0.06591796875
0 0.2392578125 0.09375 0.03662109375 0.046875
0 0.21923828125 0.646484375 0.03466796875 0.072265625
0 0.23974609375 0.521484375 0.041015625 0.0625
0 0.666015625 0.96630859375 0.02734375 0.0673828125
0 0.49560546875 0.63134765625 0.02294921875 0.0771484375
0 0.49462890625 0.869140625 0.04541015625 0.05517578125
0 0.1708984375 0.8916015625 0.0478515625 0.06982421875
0 0.439453125 0.6181640625 0.03759765625 0.048828125
0 0.34765625 0.3564453125 0.04833984375 0.0595703125
0 0.62451171875 0.955078125 0.02392578125 0.07177734375
0 0.16943359375 0.06640625 0.0380859375 0.03466796875
0 0.7646484375 0.94091796875 0.02734375 0.0654296875
0 0.0986328125 0.630859375 0.03759765625 0.03515625