0 0.29638671875 0.6591796875 0.041015625 0.0712890625
0 0.6396484375 0.63232421875 0.052734375 0.0732421875
0 0.25732421875 0.61767578125 0.0595703125 0.0615234375
0 0.07275390625 0.541015625 0.0546875 0.0595703125
0 0.5361328125 0.59130859375 0.046875 0.0859375
0 0.77685546875 0.89892578125 0.0576171875 0.0966796875
0 0.60009765625 0.81982421875 0.0625 0.0751953125
0 0.66552734375 0.55859375 0.05078125 0.0625
0 0.8740234375 0.564453125 0.0498046875 0.0673828125
0 0.033203125 0.6376953125 0.060546875 0.08984375
0 0.2021484375 0.55712890625 0.0458984375 0.05859375
0 0.185546875 0.3828125 0.0322265625 0.052734375
0 0.82373046875 0.39306640625 0.041015625 0.0546875
0 0.02783203125 0.5849609375 0.05078125 0.0576171875
0 0.08349609375 0.47314453125 0.048828125 0.052734375
0 0.7734375 0.4052734375 0.029296875 0.0595703125
0 0.798828125 0.60986328125 0.0400390625 0.0673828125
0 0.337890625 0.40869140625 0.0263671875 0.048828125
0 0.61474609375 0.60498046875 0.0498046875 0.046875
0 0.78857421875 0.69677734375 0.064453125 0.072265625
0 0.9736328125 0.50146484375 0.052734375 0.0634765625
0 0.412109375 0.44775390625 0.052734375 0.052734375
0 0.32763671875 0.36083984375 0.041015625 0.0625
0 0.59375 0.33544921875 0.0302734375 0.0478515625
0 0.28759765625 0.7783203125 0.0595703125 0.0693359375
0 0.05712890625 0.75634765625 0.0576171875 0.0625
0 0.5986328125 0.69921875 0.05078125 0.0634765625
0 0.3701171875 0.755859375 0.0498046875 0.072265625
0 0.15234375 0.46142578125 0.0234375 0.0556640625
0 0.595703125 0.63818359375 0.048828125 0.07421875
0 0.39794921875 0.89208984375 0.0390625 0.091796875
0 0.6787109375 0.322265625 0.021484375 0.05078125
0 0.17529296875 0.787109375 0.060546875 0.0732421875
0 0.90625 0.490234375 0.0322265625 0.0576171875
0 0.734375 0.93017578125 0.048828125 0.0908203125
0 0.1123046875 0.3251953125 0.0224609375 0.037109375
0 0.17431640625 0.8740234375 0.0458984375 0.046875
0 0.2919921875 0.89208984375 0.0439453125 0.048828125
0 0.31201171875 0.3642578125 0.021484375 0.0576171875
0 0.1650390625 0.43359375 0.029296875 0.03125
0 0.8837890625 0.9580078125 0.05078125 0.083984375
0 0.47265625 0.35595703125 0.0361328125 0.05078125
0 0.50146484375 0.826171875 0.0595703125 0.0458984375
0 0.2744140625 0.9638671875 0.0615234375 0.041015625
0 0.4921875 0.5478515625 0.0380859375 0.064453125
0 0.212890625 0.35986328125 0.0283203125 0.021484375
0 0.00537109375 0.76416015625 0.0107421875 0.0673828125
0 0.3603515625 0.61767578125 0.0341796875 0.0634765625
0 0.54736328125 0.95751953125 0.0712890625 0.0849609375
0 0.11474609375 0.56103515625 0.0263671875 0.02734375
0 0.5810546875 0.359375 0.0205078125 0.044921875
0 0.486328125 0.3779296875 0.0302734375 0.046875
0 0.27880859375 0.6533203125 0.048828125 0.0693359375
0 0.60009765625 0.41748046875 0.0361328125 0.029296875
0 0.81884765625 0.55859375 0.029296875 0.064453125
0 0.02099609375 0.3740234375 0.017578125 0.044921875
0 0.31005859375 0.51318359375 0.03125 0.02734375
0 0.52587890625 0.70458984375 0.0283203125 0.0361328125
0 0.8349609375 0.90185546875 0.0576171875 0.111328125
0 0.35302734375 0.60986328125 0.015625 0.033203125
0 0.00830078125 0.44189453125 0.0126953125 0.044921875
0 0.46044921875 0.357421875 0.013671875 0.0380859375