0 0.50439453125 0.53369140625 0.0126953125 0.01953125
0 0.396484375 0.54052734375 0.017578125 0.01953125
0 0.26123046875 0.5458984375 0.0126953125 0.01953125
0 0.33447265625 0.5400390625 0.015625 0.0185546875
0 0.46875 0.53564453125 0.013671875 0.01953125
0 0.17822265625 0.5693359375 0.0205078125 0.0234375
0 0.09375 0.556640625 0.0146484375 0.0224609375
0 0.0546875 0.55810546875 0.0185546875 0.01953125
0 0.4482421875 0.537109375 0.0107421875 0.0185546875
0 0.05712890625 0.58203125 0.0166015625 0.0244140625
0 0.51806640625 0.53369140625 0.0205078125 0.01953125
0 0.20068359375 0.54833984375 0.0107421875 0.0205078125
0 0.16455078125 0.5537109375 0.0166015625 0.0205078125