0 0.6865234375 0.41845703125 0.0126953125 0.0361328125
0 0.7138671875 0.607421875 0.01953125 0.0341796875
0 0.62646484375 0.6787109375 0.02197265625 0.03369140625
0 0.46630859375 0.1591796875 0.0166015625 0.029296875
0 0.62109375 0.50439453125 0.01611328125 0.0341796875
0 0.7392578125 0.783203125 0.02490234375 0.02734375
0 0.54345703125 0.54833984375 0.015625 0.03564453125
0 0.54736328125 0.77783203125 0.02392578125 0.0361328125
0 0.6767578125 0.7021484375 0.017578125 0.041015625
0 0.76025390625 0.884765625 0.017578125 0.02587890625
0 0.08544921875 0.3037109375 0.01611328125 0.03369140625
0 0.712890625 0.70361328125 0.01416015625 0.03857421875
0 0.4755859375 0.4833984375 0.015625 0.0361328125
0 0.2431640625 0.12939453125 0.01513671875 0.03564453125
0 0.087890625 0.162109375 0.0185546875 0.03173828125
0 0.0419921875 0.65478515625 0.01220703125 0.033203125
0 0.603515625 0.53857421875 0.02001953125 0.02001953125
0 0.0126953125 0.7197265625 0.02001953125 0.03662109375
0 0.19189453125 0.16943359375 0.0224609375 0.0341796875
0 0.4228515625 0.427734375 0.015625 0.04345703125
0 0.0849609375 0.12744140625 0.01416015625 0.04052734375
0 0.01708984375 0.517578125 0.02392578125 0.0283203125
0 0.3076171875 0.3271484375 0.02099609375 0.03173828125
0 0.0263671875 0.24951171875 0.02099609375 0.02783203125
0 0.419921875 0.49365234375 0.0185546875 0.03369140625
0 0.181640625 0.22509765625 0.02392578125 0.02587890625
0 0.16455078125 0.17236328125 0.025390625 0.02978515625
0 0.10107421875 0.42626953125 0.02001953125 0.03076171875
0 0.51123046875 0.8828125 0.0107421875 0.02490234375
0 0.5234375 0.9921875 0.017578125 0.015625
0 0.142578125 0.75537109375 0.0166015625 0.0361328125
0 0.4443359375 0.90087890625 0.015625 0.03955078125
0 0.11474609375 0.1826171875 0.02392578125 0.02685546875
0 0.1533203125 0.31201171875 0.0244140625 0.03173828125
0 0.74072265625 0.82958984375 0.02734375 0.05126953125
0 0.03271484375 0.47900390625 0.02099609375 0.037109375
0 0.04296875 0.42724609375 0.021484375 0.02880859375
0 0.23779296875 0.3828125 0.01806640625 0.02978515625
0 0.2939453125 0.80908203125 0.01904296875 0.0302734375
0 0.3466796875 0.345703125 0.0224609375 0.02685546875
0 0.23095703125 0.8486328125 0.01025390625 0.0263671875
0 0.0126953125 0.48095703125 0.021484375 0.02978515625
0 0.15478515625 0.755859375 0.02099609375 0.03271484375
0 0.201171875 0.4453125 0.0185546875 0.0419921875
0 0.0302734375 0.93310546875 0.02001953125 0.037109375
0 0.11962890625 0.2626953125 0.02197265625 0.02587890625
0 0.7958984375 0.89501953125 0.0087890625 0.021484375
0 0.65869140625 0.35595703125 0.01904296875 0.025390625
0 0.318359375 0.40478515625 0.02685546875 0.037109375
0 0.0771484375 0.8212890625 0.0185546875 0.0302734375
0 0.396484375 0.587890625 0.015625 0.029296875
0 0.37255859375 0.52587890625 0.021484375 0.0302734375
0 0.45751953125 0.6181640625 0.0126953125 0.02001953125
0 0.431640625 0.93212890625 0.01416015625 0.04345703125
0 0.162109375 0.77734375 0.017578125 0.0322265625
0 0.458984375 0.572265625 0.015625 0.0400390625
0 0.2509765625 0.40576171875 0.01904296875 0.02783203125
0 0.0654296875 0.79052734375 0.01611328125 0.03173828125
0 0.01513671875 0.98681640625 0.01708984375 0.0234375
0 0.19287109375 0.58935546875 0.01904296875 0.029296875
0 0.21484375 0.0146484375 0.01416015625 0.02392578125
0 0.62841796875 0.90869140625 0.0283203125 0.04248046875
0 0.431640625 0.58935546875 0.01220703125 0.0380859375
0 0.44677734375 0.767578125 0.0224609375 0.02978515625
0 0.2880859375 0.4912109375 0.021484375 0.02783203125
0 0.248046875 0.65478515625 0.01806640625 0.0322265625
0 0.32080078125 0.4443359375 0.01708984375 0.033203125
0 0.41796875 0.736328125 0.015625 0.03466796875
0 0.3779296875 0.400390625 0.02001953125 0.033203125
0 0.16845703125 0.93505859375 0.017578125 0.03076171875
0 0.203125 0.8984375 0.0205078125 0.0322265625
0 0.31298828125 0.93408203125 0.01953125 0.037109375
0 0.646484375 0.93994140625 0.021484375 0.03125
0 0.388671875 0.71826171875 0.01416015625 0.0361328125
0 0.1953125 0.529296875 0.01708984375 0.0302734375
0 0.36328125 0.81884765625 0.0224609375 0.03466796875
0 0.32421875 0.671875 0.01904296875 0.029296875
0 0.1904296875 0.50146484375 0.015625 0.03662109375
0 0.447265625 0.9208984375 0.01953125 0.0302734375
0 0.1982421875 0.763671875 0.0205078125 0.04345703125
0 0.32177734375 0.86767578125 0.015625 0.02294921875
0 0.4521484375 0.697265625 0.01708984375 0.02978515625
0 0.251953125 0.88623046875 0.01953125 0.0361328125
0 0.3544921875 0.6748046875 0.0205078125 0.029296875
0 0.314453125 0.64794921875 0.0185546875 0.029296875
0 0.4638671875 0.93408203125 0.0263671875 0.04736328125
0 0.34130859375 0.42431640625 0.02001953125 0.03515625
0 0.4140625 0.69091796875 0.01611328125 0.046875
0 0.4013671875 0.08544921875 0.00927734375 0.01904296875
0 0.4521484375 0.9443359375 0.0185546875 0.029296875
0 0.3564453125 0.42431640625 0.02197265625 0.03662109375
0 0.388671875 0.697265625 0.00927734375 0.0322265625
0 0.2783203125 0.927734375 0.02099609375 0.037109375
0 0.25830078125 0.9287109375 0.01708984375 0.03271484375
0 0.27685546875 0.42626953125 0.015625 0.02978515625
0 0.412109375 0.63134765625 0.0185546875 0.0322265625
0 0.24560546875 0.56689453125 0.0185546875 0.03466796875
0 0.294921875 0.87646484375 0.01806640625 0.05322265625
0 0.208984375 0.814453125 0.02685546875 0.03076171875
0 0.29296875 0.85302734375 0.01904296875 0.04052734375
0 0.2197265625 0.9931640625 0.01025390625 0.01171875
0 0.396484375 0.65087890625 0.0126953125 0.0283203125
0 0.00390625 0.35546875 0.00732421875 0.02685546875
0 0.63671875 0.92529296875 0.01513671875 0.04345703125
0 0.28955078125 0.892578125 0.0087890625 0.02783203125