0 0.35693359375 0.70751953125 0.0244140625 0.015625
0 0.37841796875 0.69580078125 0.025390625 0.021484375
0 0.232421875 0.93603515625 0.01953125 0.017578125
0 0.22021484375 0.93505859375 0.025390625 0.0146484375
0 0.22314453125 0.91455078125 0.021484375 0.017578125
0 0.21484375 0.9091796875 0.025390625 0.009765625
0 0.791015625 0.5380859375 0.021484375 0.013671875
0 0.2421875 0.9130859375 0.0185546875 0.015625
0 0.88037109375 0.4716796875 0.0166015625 0.013671875
0 0.61474609375 0.52587890625 0.01953125 0.0126953125
0 0.80322265625 0.58837890625 0.01953125 0.0146484375
0 0.68408203125 0.78173828125 0.01953125 0.013671875
0 0.28564453125 0.9912109375 0.0234375 0.0166015625
0 0.89892578125 0.3427734375 0.0224609375 0.013671875
0 0.638671875 0.52099609375 0.0185546875 0.013671875
0 0.279296875 0.96142578125 0.0263671875 0.0146484375
0 0.7314453125 0.677734375 0.017578125 0.013671875
0 0.6279296875 0.4873046875 0.0224609375 0.013671875
0 0.7802734375 0.37255859375 0.0244140625 0.0146484375
0 0.73388671875 0.68896484375 0.0234375 0.0146484375
0 0.681640625 0.52978515625 0.0205078125 0.013671875
0 0.5615234375 0.54833984375 0.0205078125 0.013671875
0 0.724609375 0.73583984375 0.025390625 0.013671875
0 0.95263671875 0.30322265625 0.0146484375 0.0146484375
0 0.52587890625 0.5703125 0.017578125 0.0146484375
0 0.8466796875 0.3115234375 0.0185546875 0.015625
0 0.43798828125 0.6494140625 0.0234375 0.0126953125
0 0.93505859375 0.29150390625 0.0224609375 0.013671875
0 0.4814453125 0.73779296875 0.0244140625 0.015625
0 0.8447265625 0.53662109375 0.0234375 0.0126953125
0 0.7998046875 0.42724609375 0.013671875 0.013671875
0 0.9072265625 0.4482421875 0.021484375 0.013671875
0 0.94091796875 0.30224609375 0.0126953125 0.013671875
0 0.65185546875 0.51318359375 0.017578125 0.0146484375
0 0.8212890625 0.634765625 0.013671875 0.013671875
0 0.4296875 0.76171875 0.02734375 0.0146484375
0 0.55615234375 0.59619140625 0.0185546875 0.01171875
0 0.73828125 0.4140625 0.0166015625 0.013671875
0 0.96435546875 0.3115234375 0.01171875 0.01171875
0 0.76171875 0.70751953125 0.0263671875 0.0146484375