0 0.69677734375 0.46826171875 0.115234375 0.1484375
0 0.255859375 0.4091796875 0.1142578125 0.12109375
0 0.271484375 0.51806640625 0.0908203125 0.1064453125
0 0.41650390625 0.1923828125 0.0517578125 0.0966796875
0 0.26171875 0.677734375 0.095703125 0.123046875
0 0.12060546875 0.267578125 0.091796875 0.0810546875
0 0.62158203125 0.27685546875 0.0732421875 0.0888671875
0 0.5380859375 0.78076171875 0.16015625 0.171875
0 0.162109375 0.3798828125 0.068359375 0.1171875
0 0.953125 0.76171875 0.09375 0.185546875
0 0.2470703125 0.29541015625 0.0458984375 0.0693359375