0 0.87255859375 0.3876953125 0.01953125 0.0224609375
0 0.45361328125 0.3720703125 0.0126953125 0.021484375
0 0.4130859375 0.53271484375 0.0205078125 0.0380859375
0 0.78662109375 0.46142578125 0.017578125 0.025390625
0 0.732421875 0.486328125 0.0126953125 0.0224609375
0 0.76806640625 0.98681640625 0.0146484375 0.0263671875
0 0.34765625 0.404296875 0.015625 0.0224609375
0 0.759765625 0.828125 0.013671875 0.0263671875
0 0.43017578125 0.48095703125 0.015625 0.025390625
0 0.2392578125 0.4228515625 0.0205078125 0.0322265625
0 0.724609375 0.40380859375 0.0126953125 0.0205078125
0 0.66650390625 0.66064453125 0.0126953125 0.025390625
0 0.57080078125 0.95947265625 0.013671875 0.029296875
0 0.79052734375 0.82666015625 0.015625 0.0302734375
0 0.85888671875 0.93115234375 0.0166015625 0.033203125
0 0.32861328125 0.87744140625 0.0146484375 0.0263671875
0 0.6044921875 0.9111328125 0.015625 0.0224609375
0 0.8291015625 0.5078125 0.015625 0.0263671875
0 0.2265625 0.501953125 0.0146484375 0.01953125
0 0.73583984375 0.70654296875 0.0146484375 0.0224609375
0 0.74853515625 0.45263671875 0.01171875 0.0234375
0 0.818359375 0.9921875 0.021484375 0.015625
0 0.51318359375 0.833984375 0.013671875 0.0283203125
0 0.1630859375 0.56982421875 0.02734375 0.0390625
0 0.16845703125 0.517578125 0.0166015625 0.0244140625
0 0.201171875 0.5107421875 0.01953125 0.0283203125
0 0.25830078125 0.71875 0.017578125 0.0263671875
0 0.26171875 0.52783203125 0.0205078125 0.02734375
0 0.267578125 0.49267578125 0.017578125 0.0166015625
0 0.4345703125 0.8857421875 0.0205078125 0.0244140625
0 0.2412109375 0.45458984375 0.013671875 0.0244140625
0 0.2890625 0.41748046875 0.0185546875 0.02734375
0 0.6298828125 0.32421875 0.01953125 0.0185546875
0 0.330078125 0.39990234375 0.0205078125 0.021484375
0 0.34423828125 0.783203125 0.01953125 0.01953125
0 0.21337890625 0.55712890625 0.017578125 0.0263671875
0 0.62060546875 0.35302734375 0.0146484375 0.01953125
0 0.3408203125 0.5419921875 0.015625 0.025390625
0 0.400390625 0.7412109375 0.01953125 0.033203125
0 0.576171875 0.39111328125 0.015625 0.0205078125
0 0.3623046875 0.54638671875 0.01953125 0.0244140625
0 0.4365234375 0.6318359375 0.01953125 0.0185546875
0 0.32421875 0.67578125 0.015625 0.0302734375
0 0.42333984375 0.67578125 0.0166015625 0.0234375
0 0.2021484375 0.58984375 0.015625 0.0234375
0 0.9931640625 0.51318359375 0.013671875 0.0205078125
0 0.39501953125 0.50439453125 0.0146484375 0.0244140625
0 0.34228515625 0.72705078125 0.015625 0.03125
0 0.474609375 0.359375 0.013671875 0.025390625
0 0.57421875 0.458984375 0.015625 0.0224609375
0 0.9716796875 0.564453125 0.0166015625 0.021484375
0 0.98095703125 0.525390625 0.015625 0.01953125
0 0.36083984375 0.75439453125 0.015625 0.0283203125
0 0.41650390625 0.3671875 0.01171875 0.0185546875
0 0.3955078125 0.8837890625 0.0185546875 0.033203125
0 0.47509765625 0.6005859375 0.0185546875 0.0224609375
0 0.44921875 0.45751953125 0.017578125 0.0234375
0 0.830078125 0.75048828125 0.017578125 0.0205078125
0 0.48095703125 0.50341796875 0.0126953125 0.0234375
0 0.48388671875 0.75244140625 0.0166015625 0.0322265625
0 0.9609375 0.4326171875 0.0166015625 0.0244140625
0 0.36083984375 0.62890625 0.013671875 0.0244140625
0 0.59619140625 0.47412109375 0.0126953125 0.0224609375
0 0.326171875 0.630859375 0.013671875 0.021484375
0 0.37548828125 0.63134765625 0.0146484375 0.015625
0 0.46875 0.3994140625 0.013671875 0.0244140625
0 0.400390625 0.6572265625 0.025390625 0.0380859375
0 0.837890625 0.35205078125 0.0126953125 0.01953125
0 0.67236328125 0.38330078125 0.0107421875 0.0205078125
0 0.42578125 0.6171875 0.0146484375 0.029296875
0 0.5068359375 0.77783203125 0.0146484375 0.025390625
0 0.8935546875 0.81005859375 0.017578125 0.0283203125
0 0.57861328125 0.5517578125 0.0205078125 0.0263671875
0 0.5888671875 0.9755859375 0.0224609375 0.0341796875
0 0.40380859375 0.58740234375 0.013671875 0.025390625
0 0.5615234375 0.60595703125 0.0126953125 0.025390625
0 0.90380859375 0.4931640625 0.0126953125 0.021484375
0 0.46533203125 0.439453125 0.0185546875 0.0244140625
0 0.4736328125 0.78125 0.015625 0.033203125
0 0.88623046875 0.58740234375 0.0126953125 0.025390625
0 0.5439453125 0.6787109375 0.0166015625 0.029296875
0 0.6416015625 0.5078125 0.015625 0.0205078125
0 0.9140625 0.77734375 0.015625 0.029296875
0 0.55419921875 0.7412109375 0.015625 0.01953125
0 0.6630859375 0.65625 0.021484375 0.033203125
0 0.88232421875 0.53125 0.0126953125 0.0244140625
0 0.84765625 0.46533203125 0.0146484375 0.0205078125
0 0.46337890625 0.65673828125 0.017578125 0.017578125
0 0.75634765625 0.67431640625 0.0185546875 0.029296875
0 0.94482421875 0.73486328125 0.0146484375 0.0302734375
0 0.32421875 0.46044921875 0.013671875 0.0234375
0 0.865234375 0.4697265625 0.0126953125 0.01953125
0 0.6171875 0.3203125 0.0126953125 0.0234375
0 0.80859375 0.7099609375 0.017578125 0.0283203125
0 0.810546875 0.78466796875 0.0146484375 0.025390625
0 0.24755859375 0.64404296875 0.0146484375 0.0234375
0 0.26025390625 0.58740234375 0.013671875 0.0224609375
0 0.5693359375 0.56787109375 0.013671875 0.0234375
0 0.55322265625 0.54150390625 0.01171875 0.0224609375
0 0.63720703125 0.64306640625 0.0185546875 0.01953125
0 0.416015625 0.52099609375 0.0146484375 0.0146484375
0 0.8046875 0.6005859375 0.0126953125 0.0224609375
0 0.57958984375 0.70166015625 0.0146484375 0.03125
0 0.87744140625 0.76220703125 0.0126953125 0.0263671875
0 0.70556640625 0.49951171875 0.01171875 0.017578125
0 0.54541015625 0.6357421875 0.01171875 0.017578125
0 0.98974609375 0.5009765625 0.0126953125 0.021484375
0 0.7880859375 0.41650390625 0.01171875 0.0166015625
0 0.720703125 0.369140625 0.009765625 0.01953125
0 0.9736328125 0.654296875 0.0107421875 0.01953125
0 0.4716796875 0.6923828125 0.0205078125 0.025390625
0 0.9697265625 0.5966796875 0.01171875 0.0205078125
0 0.857421875 0.53662109375 0.0126953125 0.021484375
0 0.81689453125 0.48095703125 0.0205078125 0.0263671875
0 0.44189453125 0.37353515625 0.0126953125 0.021484375
0 0.70361328125 0.42236328125 0.0107421875 0.0205078125
0 0.92431640625 0.736328125 0.0126953125 0.021484375
0 0.46044921875 0.4609375 0.013671875 0.0224609375
0 0.5634765625 0.70361328125 0.0126953125 0.025390625
0 0.68701171875 0.6328125 0.0126953125 0.025390625
0 0.8994140625 0.55029296875 0.01171875 0.0244140625
0 0.3359375 0.412109375 0.017578125 0.025390625
0 0.3095703125 0.5126953125 0.017578125 0.029296875
0 0.73681640625 0.43017578125 0.0107421875 0.0244140625
0 0.85498046875 0.7470703125 0.0126953125 0.0224609375
0 0.8330078125 0.62646484375 0.021484375 0.021484375
0 0.80517578125 0.55615234375 0.0107421875 0.021484375
0 0.43017578125 0.603515625 0.0166015625 0.0263671875
0 0.78271484375 0.66552734375 0.0126953125 0.029296875
0 0.71484375 0.59716796875 0.01171875 0.025390625
0 0.49169921875 0.52783203125 0.01953125 0.0185546875
0 0.810546875 0.4599609375 0.0107421875 0.0205078125
0 0.77490234375 0.4560546875 0.0107421875 0.0234375
0 0.66259765625 0.53369140625 0.009765625 0.0205078125
0 0.83935546875 0.4990234375 0.015625 0.0234375
0 0.8662109375 0.5771484375 0.0146484375 0.0224609375
0 0.65966796875 0.45947265625 0.0107421875 0.021484375
0 0.3603515625 0.60986328125 0.01171875 0.0146484375
0 0.6875 0.46923828125 0.0107421875 0.01171875
0 0.646484375 0.3623046875 0.0146484375 0.021484375
0 0.6923828125 0.48193359375 0.009765625 0.01953125
0 0.5498046875 0.505859375 0.0107421875 0.013671875
0 0.8408203125 0.61669921875 0.009765625 0.0166015625
0 0.55126953125 0.95068359375 0.017578125 0.0361328125
0 0.36328125 0.55712890625 0.01171875 0.0166015625
0 0.6455078125 0.60791015625 0.01953125 0.0205078125
0 0.71240234375 0.642578125 0.0107421875 0.0224609375
0 0.59033203125 0.70068359375 0.0146484375 0.0263671875
0 0.7802734375 0.43310546875 0.009765625 0.0205078125
0 0.64013671875 0.37451171875 0.015625 0.017578125
0 0.30908203125 0.7412109375 0.0126953125 0.0185546875
0 0.70166015625 0.51904296875 0.0126953125 0.0224609375
0 0.6611328125 0.5732421875 0.01171875 0.0234375
0 0.70556640625 0.61572265625 0.0146484375 0.025390625
0 0.67724609375 0.62060546875 0.0107421875 0.0224609375
0 0.70068359375 0.611328125 0.009765625 0.021484375
0 0.83349609375 0.54345703125 0.0126953125 0.025390625
0 0.57763671875 0.732421875 0.013671875 0.0302734375
0 0.87939453125 0.97705078125 0.013671875 0.0244140625
0 0.6611328125 0.609375 0.009765625 0.0185546875
0 0.822265625 0.48583984375 0.0107421875 0.01953125
0 0.06689453125 0.46044921875 0.021484375 0.021484375
0 0.01123046875 0.47265625 0.0224609375 0.021484375