0 0.181640625 0.857421875 0.03857421875 0.0439453125
0 0.166015625 0.80810546875 0.0234375 0.02978515625
0 0.2646484375 0.98193359375 0.03173828125 0.0341796875
0 0.16162109375 0.77587890625 0.02099609375 0.0244140625
0 0.3759765625 0.966796875 0.029296875 0.04150390625
0 0.09765625 0.75830078125 0.01416015625 0.02734375
0 0.220703125 0.712890625 0.02099609375 0.02294921875
0 0.1103515625 0.69921875 0.0185546875 0.03271484375
0 0.025390625 0.6962890625 0.0107421875 0.01611328125
0 0.2060546875 0.7490234375 0.01708984375 0.0224609375
0 0.08837890625 0.6728515625 0.01123046875 0.02001953125
0 0.12158203125 0.783203125 0.01611328125 0.017578125
0 0.3759765625 0.91064453125 0.02001953125 0.0341796875
0 0.03662109375 0.712890625 0.00830078125 0.01953125
0 0.04736328125 0.72802734375 0.0166015625 0.02587890625
0 0.3828125 0.83056640625 0.01416015625 0.0322265625
0 0.052734375 0.69140625 0.017578125 0.02099609375
0 0.1279296875 0.74755859375 0.01904296875 0.0224609375
0 0.1611328125 0.75927734375 0.00830078125 0.01513671875
0 0.1953125 0.75732421875 0.009765625 0.017578125
0 0.21044921875 0.7666015625 0.0087890625 0.01611328125
0 0.2138671875 0.73583984375 0.00927734375 0.01123046875
0 0.021484375 0.82666015625 0.00830078125 0.0244140625
0 0.0380859375 0.681640625 0.0166015625 0.02685546875
0 0.1845703125 0.9951171875 0.021484375 0.009765625
0 0.09521484375 0.7470703125 0.0107421875 0.01611328125
0 0.04248046875 0.66943359375 0.01171875 0.01318359375
0 0.19775390625 0.74951171875 0.00830078125 0.01416015625
0 0.32080078125 0.62060546875 0.0126953125 0.0185546875
0 0.21240234375 0.71240234375 0.0068359375 0.017578125
0 0.39306640625 0.83251953125 0.01025390625 0.02490234375
0 0.15478515625 0.7724609375 0.00830078125 0.013671875
0 0.02783203125 0.837890625 0.0078125 0.01318359375
0 0.05517578125 0.68359375 0.009765625 0.013671875