0 0.39892578125 0.43310546875 0.03662109375 0.03759765625
0 0.40869140625 0.10791015625 0.0380859375 0.04443359375
0 0.369140625 0.708984375 0.03662109375 0.056640625
0 0.85302734375 0.513671875 0.05224609375 0.06103515625
0 0.4091796875 0.189453125 0.033203125 0.03369140625
0 0.82666015625 0.19091796875 0.0341796875 0.03564453125
0 0.53271484375 0.8740234375 0.04345703125 0.056640625
0 0.3564453125 0.34765625 0.0390625 0.04150390625
0 0.33203125 0.03173828125 0.0263671875 0.0634765625
0 0.98388671875 0.14501953125 0.03173828125 0.03662109375
0 0.3955078125 0.5380859375 0.0322265625 0.05517578125
0 0.3896484375 0.435546875 0.0126953125 0.01611328125
0 0.37890625 0.6953125 0.01123046875 0.0205078125