0 0.291015625 0.294921875 0.0302734375 0.03564453125
0 0.4833984375 0.748046875 0.02734375 0.04541015625
0 0.30224609375 0.52880859375 0.02197265625 0.05029296875
0 0.32177734375 0.98291015625 0.02734375 0.0341796875
0 0.330078125 0.11962890625 0.0205078125 0.03955078125
0 0.13818359375 0.986328125 0.0185546875 0.02734375
0 0.01171875 0.3212890625 0.02197265625 0.03759765625
0 0.31689453125 0.353515625 0.0185546875 0.0390625
0 0.205078125 0.81103515625 0.0224609375 0.05126953125
0 0.01513671875 0.82666015625 0.0205078125 0.02587890625
0 0.19775390625 0.37890625 0.0146484375 0.0361328125
0 0.24462890625 0.458984375 0.02001953125 0.0439453125
0 0.28369140625 0.591796875 0.01806640625 0.0478515625
0 0.3193359375 0.39794921875 0.02294921875 0.04833984375