0 0.0986328125 0.2001953125 0.0244140625 0.0244140625
0 0.23876953125 0.80908203125 0.0244140625 0.03515625
0 0.01025390625 0.666015625 0.0205078125 0.02734375
0 0.033203125 0.62939453125 0.0185546875 0.021484375
0 0.04638671875 0.69775390625 0.01953125 0.021484375
0 0.01513671875 0.47314453125 0.01953125 0.0205078125
0 0.0107421875 0.71875 0.01953125 0.0185546875
0 0.0390625 0.765625 0.021484375 0.0224609375
0 0.00146484375 0.56591796875 0.0029296875 0.0205078125
0 0.09716796875 0.50146484375 0.0185546875 0.0205078125
0 0.0771484375 0.55419921875 0.0166015625 0.0205078125
0 0.0810546875 0.65283203125 0.01953125 0.0234375
0 0.08056640625 0.62890625 0.0185546875 0.0205078125
0 0.08740234375 0.68701171875 0.0205078125 0.021484375
0 0.0751953125 0.759765625 0.01953125 0.025390625
0 0.0751953125 0.72607421875 0.0185546875 0.021484375
0 0.2197265625 0.70458984375 0.0166015625 0.0263671875
0 0.189453125 0.66845703125 0.01953125 0.021484375
0 0.0390625 0.48095703125 0.0146484375 0.0205078125
0 0.01611328125 0.54150390625 0.0146484375 0.0205078125
0 0.0966796875 0.5224609375 0.01953125 0.01953125
0 0.0126953125 0.44677734375 0.017578125 0.0185546875
0 0.10498046875 0.55078125 0.017578125 0.0185546875
0 0.1787109375 0.7373046875 0.0185546875 0.0234375
0 0.07275390625 0.44091796875 0.0185546875 0.01953125
0 0.0517578125 0.46728515625 0.017578125 0.017578125
0 0.08203125 0.81396484375 0.0224609375 0.0224609375
0 0.05908203125 0.8515625 0.0205078125 0.0224609375
0 0.10205078125 0.6728515625 0.0185546875 0.01953125
0 0.06201171875 0.89111328125 0.0205078125 0.02734375
0 0.25830078125 0.70361328125 0.021484375 0.0205078125
0 0.095703125 0.76318359375 0.017578125 0.025390625
0 0.0859375 0.60205078125 0.0166015625 0.0185546875
0 0.10888671875 0.69775390625 0.0185546875 0.0205078125
0 0.12646484375 0.6591796875 0.0205078125 0.0244140625
0 0.0205078125 0.35546875 0.017578125 0.01953125
0 0.0927734375 0.5771484375 0.0185546875 0.01953125
0 0.1669921875 0.576171875 0.017578125 0.021484375
0 0.12255859375 0.62060546875 0.0205078125 0.0205078125
0 0.07373046875 0.4794921875 0.01953125 0.0224609375
0 0.10546875 0.46630859375 0.0166015625 0.021484375
0 0.12646484375 0.71240234375 0.017578125 0.0224609375
0 0.03173828125 0.80859375 0.017578125 0.021484375
0 0.03759765625 0.18896484375 0.017578125 0.017578125
0 0.11181640625 0.57470703125 0.0185546875 0.0234375
0 0.16162109375 0.5908203125 0.0185546875 0.017578125
0 0.1435546875 0.68359375 0.01953125 0.0224609375
0 0.08154296875 0.83154296875 0.0185546875 0.0205078125
0 0.12841796875 0.68505859375 0.0166015625 0.0224609375
0 0.1142578125 0.60205078125 0.0205078125 0.01953125
0 0.00244140625 0.74267578125 0.0048828125 0.0205078125
0 0.06689453125 0.46826171875 0.015625 0.01953125
0 0.03369140625 0.26513671875 0.009765625 0.0205078125
0 0.0185546875 0.26171875 0.0068359375 0.0185546875
0 0.146484375 0.7197265625 0.0185546875 0.0205078125
0 0.0244140625 0.4072265625 0.017578125 0.0166015625
0 0.06494140625 0.79150390625 0.01953125 0.0234375
0 0.17919921875 0.625 0.0166015625 0.021484375
0 0.11572265625 0.52734375 0.0166015625 0.0185546875
0 0.09912109375 0.62841796875 0.017578125 0.0185546875
0 0.01171875 0.49072265625 0.0126953125 0.0205078125
0 0.0400390625 0.02294921875 0.013671875 0.0166015625
0 0.11474609375 0.58740234375 0.0166015625 0.0185546875
0 0.1064453125 0.61865234375 0.021484375 0.0224609375
0 0.03515625 0.021484375 0.0068359375 0.0166015625
0 0.00634765625 0.568359375 0.0126953125 0.01953125
0 0.013671875 0.353515625 0.009765625 0.0166015625
0 0.00732421875 0.44677734375 0.0107421875 0.0205078125