0 0.59375 0.51220703125 0.0400390625 0.0625
0 0.76806640625 0.64501953125 0.0517578125 0.0615234375
0 0.5361328125 0.4912109375 0.048828125 0.052734375
0 0.92236328125 0.63427734375 0.0634765625 0.0673828125
0 0.708984375 0.25439453125 0.0361328125 0.0400390625
0 0.50439453125 0.34814453125 0.046875 0.046875
0 0.5791015625 0.431640625 0.0556640625 0.0556640625
0 0.93994140625 0.328125 0.0390625 0.05078125
0 0.134765625 0.66015625 0.052734375 0.0654296875
0 0.11279296875 0.7724609375 0.07421875 0.0712890625
0 0.314453125 0.4443359375 0.0498046875 0.0390625
0 0.49365234375 0.57470703125 0.0302734375 0.0625
0 0.93115234375 0.8876953125 0.0732421875 0.083984375
0 0.86865234375 0.13134765625 0.025390625 0.0380859375
0 0.37841796875 0.45703125 0.0478515625 0.060546875
0 0.64599609375 0.3251953125 0.041015625 0.0458984375
0 0.88134765625 0.2783203125 0.033203125 0.04296875
0 0.94970703125 0.27783203125 0.0380859375 0.05078125
0 0.1044921875 0.5458984375 0.046875 0.037109375
0 0.86865234375 0.45703125 0.05078125 0.068359375
0 0.52685546875 0.2880859375 0.03125 0.0283203125
0 0.564453125 0.2744140625 0.033203125 0.0302734375
0 0.51171875 0.234375 0.0361328125 0.0361328125
0 0.85009765625 0.3583984375 0.0400390625 0.03125
0 0.888671875 0.337890625 0.0390625 0.052734375
0 0.5322265625 0.33544921875 0.0244140625 0.0478515625
0 0.1513671875 0.8935546875 0.06640625 0.0673828125
0 0.56640625 0.1865234375 0.033203125 0.0322265625
0 0.44873046875 0.35302734375 0.041015625 0.044921875
0 0.89697265625 0.42822265625 0.0478515625 0.0556640625
0 0.55419921875 0.14404296875 0.03515625 0.037109375
0 0.27880859375 0.90283203125 0.080078125 0.080078125
0 0.31884765625 0.33740234375 0.01953125 0.0400390625
0 0.69775390625 0.34326171875 0.046875 0.0478515625
0 0.54345703125 0.18212890625 0.0302734375 0.03515625
0 0.806640625 0.38134765625 0.0458984375 0.0556640625
0 0.9423828125 0.24267578125 0.037109375 0.0419921875
0 0.6220703125 0.2919921875 0.03515625 0.0283203125
0 0.78857421875 0.2978515625 0.0244140625 0.041015625
0 0.76416015625 0.4521484375 0.0576171875 0.060546875
0 0.92822265625 0.14599609375 0.03125 0.041015625
0 0.98828125 0.5390625 0.0234375 0.064453125
0 0.962890625 0.431640625 0.0478515625 0.0625
0 0.66943359375 0.28271484375 0.0283203125 0.0400390625
0 0.70458984375 0.4716796875 0.044921875 0.041015625
0 0.6513671875 0.142578125 0.0302734375 0.0224609375
0 0.81103515625 0.298828125 0.037109375 0.05078125
0 0.56103515625 0.4208984375 0.046875 0.0537109375
0 0.705078125 0.140625 0.03125 0.0244140625
0 0.60400390625 0.1396484375 0.0341796875 0.03125
0 0.6962890625 0.3125 0.0234375 0.025390625
0 0.7470703125 0.22802734375 0.033203125 0.044921875
0 0.6962890625 0.50390625 0.0537109375 0.0673828125
0 0.72265625 0.1875 0.0302734375 0.0400390625
0 0.61328125 0.15478515625 0.02734375 0.0390625
0 0.65869140625 0.50390625 0.0419921875 0.0322265625
0 0.35986328125 0.3818359375 0.03515625 0.02734375
0 0.82373046875 0.1826171875 0.0263671875 0.0361328125
0 0.87109375 0.23291015625 0.0224609375 0.044921875
0 0.90576171875 0.15478515625 0.0380859375 0.04296875
0 0.6650390625 0.185546875 0.033203125 0.0400390625
0 0.60888671875 0.21484375 0.0341796875 0.041015625
0 0.69677734375 0.39306640625 0.037109375 0.0595703125
0 0.56201171875 0.21875 0.0263671875 0.0224609375
0 0.63818359375 0.16943359375 0.0263671875 0.0244140625
0 0.8134765625 0.24072265625 0.04296875 0.0517578125
0 0.7431640625 0.20703125 0.0361328125 0.0341796875
0 0.640625 0.26904296875 0.029296875 0.01953125
0 0.79296875 0.47021484375 0.03515625 0.0478515625
0 0.70166015625 0.1650390625 0.0390625 0.04296875
0 0.97314453125 0.36376953125 0.0263671875 0.041015625
0 0.68701171875 0.1748046875 0.03515625 0.0419921875
0 0.86181640625 0.21533203125 0.03515625 0.0498046875
0 0.666015625 0.16015625 0.0341796875 0.0322265625
0 0.8427734375 0.19091796875 0.0302734375 0.021484375
0 0.72119140625 0.2158203125 0.025390625 0.0234375
0 0.458984375 0.36962890625 0.0361328125 0.041015625
0 0.921875 0.16552734375 0.0302734375 0.0263671875
0 0.80908203125 0.22021484375 0.0166015625 0.0166015625
0 0.89990234375 0.2880859375 0.0234375 0.01953125
0 0.88623046875 0.24169921875 0.021484375 0.021484375