0 0.49755859375 0.8369140625 0.0390625 0.05859375
0 0.67529296875 0.38623046875 0.0390625 0.052734375
0 0.57421875 0.8984375 0.037109375 0.0654296875
0 0.62255859375 0.302734375 0.04296875 0.0517578125
0 0.8515625 0.7138671875 0.0400390625 0.048828125
0 0.47314453125 0.7138671875 0.0419921875 0.046875
0 0.8935546875 0.0830078125 0.041015625 0.0458984375
0 0.951171875 0.18994140625 0.0361328125 0.0517578125
0 0.85400390625 0.32421875 0.03515625 0.048828125
0 0.89990234375 0.42626953125 0.0400390625 0.0517578125
0 0.87109375 0.40625 0.033203125 0.0478515625
0 0.796875 0.1337890625 0.0419921875 0.056640625
0 0.94921875 0.23876953125 0.0361328125 0.052734375
0 0.80615234375 0.05712890625 0.04296875 0.04296875
0 0.97607421875 0.60595703125 0.03125 0.0498046875
0 0.80224609375 0.95361328125 0.03515625 0.0546875
0 0.98876953125 0.072265625 0.0224609375 0.01953125
0 0.9765625 0.08447265625 0.046875 0.0478515625