0 0.2666015625 0.2744140625 0.0224609375 0.05078125
0 0.47265625 0.9091796875 0.0205078125 0.046875
0 0.5751953125 0.94921875 0.021484375 0.048828125
0 0.43115234375 0.859375 0.0283203125 0.0458984375
0 0.52197265625 0.947265625 0.01953125 0.0380859375
0 0.822265625 0.9560546875 0.0234375 0.0361328125
0 0.4921875 0.8466796875 0.0322265625 0.0341796875
0 0.25390625 0.3671875 0.0205078125 0.0439453125
0 0.486328125 0.77197265625 0.037109375 0.037109375
0 0.84912109375 0.88134765625 0.017578125 0.041015625
0 0.8173828125 0.88818359375 0.015625 0.0419921875
0 0.28515625 0.35205078125 0.0234375 0.0498046875
0 0.3203125 0.67138671875 0.021484375 0.05859375
0 0.22265625 0.271484375 0.021484375 0.0537109375
0 0.23486328125 0.20654296875 0.021484375 0.0556640625
0 0.3515625 0.7109375 0.0283203125 0.0263671875
0 0.2421875 0.36181640625 0.0185546875 0.0517578125
0 0.27587890625 0.45947265625 0.01953125 0.05859375