0 0.28759765625 0.85693359375 0.02099609375 0.0537109375
0 0.21875 0.8369140625 0.02880859375 0.0263671875
0 0.189453125 0.79443359375 0.02734375 0.017578125
0 0.3955078125 0.93408203125 0.0517578125 0.05029296875
0 0.087890625 0.81689453125 0.03857421875 0.03857421875
0 0.041015625 0.85205078125 0.03369140625 0.0263671875
0 0.0947265625 0.849609375 0.033203125 0.0439453125
0 0.232421875 0.81640625 0.037109375 0.03662109375
0 0.134765625 0.7578125 0.037109375 0.03515625
0 0.23681640625 0.87548828125 0.04345703125 0.0439453125
0 0.11767578125 0.8798828125 0.0302734375 0.04638671875
0 0.18212890625 0.90185546875 0.0390625 0.033203125
0 0.2197265625 0.81201171875 0.0146484375 0.0283203125
0 0.26953125 0.8466796875 0.0244140625 0.03271484375