0 0.5078125 0.3056640625 0.03125 0.017578125
0 0.23583984375 0.5185546875 0.0146484375 0.017578125
0 0.22412109375 0.5185546875 0.015625 0.0185546875
0 0.73095703125 0.21728515625 0.0166015625 0.0185546875
0 0.65625 0.0556640625 0.0283203125 0.015625
0 0.16064453125 0.20751953125 0.02734375 0.0146484375
0 0.6533203125 0.0693359375 0.017578125 0.0185546875
0 0.75146484375 0.16455078125 0.01953125 0.0185546875
0 0.68408203125 0.12890625 0.0205078125 0.017578125
0 0.6689453125 0.0888671875 0.017578125 0.0166015625
0 0.8125 0.1259765625 0.0166015625 0.01953125
0 0.7119140625 0.20849609375 0.01953125 0.017578125
0 0.15625 0.263671875 0.0234375 0.015625
0 0.1875 0.4814453125 0.0185546875 0.017578125
0 0.13427734375 0.36083984375 0.0166015625 0.015625
0 0.03662109375 0.65869140625 0.0205078125 0.0146484375
0 0.103515625 0.248046875 0.0185546875 0.0126953125
0 0.2705078125 0.52099609375 0.0205078125 0.0126953125
0 0.2216796875 0.1572265625 0.021484375 0.015625
0 0.76416015625 0.09033203125 0.03125 0.015625
0 0.0732421875 0.41455078125 0.0263671875 0.0146484375
0 0.34033203125 0.458984375 0.0224609375 0.015625
0 0.439453125 0.3076171875 0.0224609375 0.017578125
0 0.06982421875 0.3349609375 0.01953125 0.015625
0 0.0341796875 0.5595703125 0.01953125 0.0166015625
0 0.044921875 0.4072265625 0.0126953125 0.015625
0 0.16796875 0.24560546875 0.0205078125 0.013671875
0 0.17822265625 0.1953125 0.0234375 0.01171875
0 0.51513671875 0.43798828125 0.015625 0.0166015625
0 0.24853515625 0.57470703125 0.0205078125 0.013671875
0 0.73486328125 0.18994140625 0.0244140625 0.0146484375
0 0.0244140625 0.388671875 0.01953125 0.0146484375
0 0.6416015625 0.0234375 0.0205078125 0.01171875
0 0.55712890625 0.40283203125 0.01953125 0.015625
0 0.1025390625 0.6220703125 0.0234375 0.0185546875
0 0.7392578125 0.21533203125 0.02734375 0.017578125