0 0.9169921875 0.37890625 0.02392578125 0.02197265625
0 0.74365234375 0.1982421875 0.0185546875 0.01953125
0 0.7041015625 0.04443359375 0.015625 0.02099609375
0 0.71533203125 0.080078125 0.02294921875 0.0205078125
0 0.97900390625 0.41748046875 0.01953125 0.0205078125
0 0.94140625 0.1611328125 0.02392578125 0.01611328125
0 0.90869140625 0.24365234375 0.02099609375 0.0224609375
0 0.85546875 0.015625 0.01904296875 0.01904296875
0 0.6875 0.1806640625 0.01904296875 0.02197265625
0 0.90869140625 0.201171875 0.0244140625 0.021484375
0 0.94677734375 0.5576171875 0.02880859375 0.0234375
0 0.8125 0.107421875 0.02099609375 0.01806640625
0 0.89501953125 0.5234375 0.03076171875 0.0244140625
0 0.9658203125 0.64697265625 0.01416015625 0.01806640625
0 0.9541015625 0.7587890625 0.0205078125 0.02880859375
0 0.716796875 0.25634765625 0.021484375 0.0185546875
0 0.7861328125 0.40625 0.021484375 0.02734375
0 0.8125 0.05078125 0.0224609375 0.0166015625
0 0.7939453125 0.166015625 0.02001953125 0.017578125
0 0.92626953125 0.52294921875 0.01416015625 0.0263671875
0 0.81005859375 0.0810546875 0.02001953125 0.0185546875
0 0.69091796875 0.11181640625 0.01171875 0.02978515625
0 0.9892578125 0.556640625 0.021484375 0.02880859375
0 0.64208984375 0.09716796875 0.01123046875 0.02197265625
0 0.75244140625 0.07275390625 0.01611328125 0.029296875
0 0.71728515625 0.2353515625 0.0087890625 0.029296875
0 0.8154296875 0.00927734375 0.01953125 0.0185546875
0 0.9482421875 0.474609375 0.02001953125 0.017578125
0 0.94384765625 0.494140625 0.01513671875 0.02490234375
0 0.72412109375 0.11962890625 0.0185546875 0.0224609375
0 0.69482421875 0.044921875 0.01806640625 0.01708984375
0 0.68408203125 0.1103515625 0.01708984375 0.0166015625
0 0.95458984375 0.546875 0.02001953125 0.02294921875