0 0.40185546875 0.8095703125 0.0322265625 0.0185546875
0 0.30126953125 0.77734375 0.025390625 0.0126953125
0 0.0498046875 0.78125 0.0205078125 0.01953125
0 0.5517578125 0.8740234375 0.0263671875 0.013671875
0 0.603515625 0.8037109375 0.0244140625 0.01171875
0 0.1162109375 0.74169921875 0.017578125 0.013671875
0 0.10400390625 0.7578125 0.017578125 0.0146484375
0 0.57958984375 0.8203125 0.025390625 0.013671875
0 0.03857421875 0.71533203125 0.025390625 0.0126953125
0 0.072265625 0.7490234375 0.0234375 0.01171875
0 0.53076171875 0.8193359375 0.0224609375 0.0126953125
0 0.154296875 0.71923828125 0.021484375 0.0126953125