0 0.55078125 0.4765625 0.0390625 0.05859375
0 0.56640625 0.4541015625 0.03125 0.0517578125
0 0.583984375 0.2734375 0.0390625 0.0478515625
0 0.95849609375 0.36083984375 0.0302734375 0.078125
0 0.8974609375 0.2509765625 0.0390625 0.0556640625
0 0.08642578125 0.38525390625 0.0322265625 0.0703125
0 0.2734375 0.1982421875 0.01953125 0.0478515625
0 0.375 0.64404296875 0.025390625 0.044921875
0 0.95751953125 0.7958984375 0.03125 0.0712890625
0 0.533203125 0.13623046875 0.0380859375 0.0732421875
0 0.97021484375 0.0791015625 0.03125 0.0390625
0 0.3603515625 0.029296875 0.03515625 0.05078125
0 0.4833984375 0.328125 0.0400390625 0.076171875
0 0.3720703125 0.35791015625 0.037109375 0.0771484375
0 0.86865234375 0.8115234375 0.037109375 0.076171875
0 0.818359375 0.93212890625 0.0302734375 0.076171875
0 0.08544921875 0.5224609375 0.0390625 0.0498046875
0 0.2177734375 0.53466796875 0.03515625 0.0546875
0 0.70654296875 0.35888671875 0.03515625 0.0712890625
0 0.78369140625 0.76708984375 0.0263671875 0.0517578125
0 0.353515625 0.4150390625 0.0263671875 0.0693359375
0 0.28955078125 0.74560546875 0.0283203125 0.078125
0 0.30908203125 0.033203125 0.0302734375 0.0546875
0 0.48779296875 0.37890625 0.041015625 0.048828125
0 0.60546875 0.41455078125 0.0283203125 0.0478515625
0 0.15087890625 0.9287109375 0.0390625 0.04296875
0 0.3056640625 0.97216796875 0.037109375 0.0556640625
0 0.3046875 0.70166015625 0.0341796875 0.029296875
0 0.921875 0.60302734375 0.0322265625 0.0830078125
0 0.64013671875 0.14794921875 0.0380859375 0.0859375
0 0.2314453125 0.98193359375 0.013671875 0.0361328125
0 0.6298828125 0.11865234375 0.015625 0.0244140625
0 0.28759765625 0.240234375 0.0224609375 0.052734375
0 0.8076171875 0.9560546875 0.01171875 0.0234375