0 0.0419921875 0.62451171875 0.01220703125 0.02294921875
0 0.29248046875 0.49267578125 0.009765625 0.02099609375
0 0.07861328125 0.662109375 0.01611328125 0.0234375
0 0.39013671875 0.76123046875 0.013671875 0.025390625
0 0.28125 0.5751953125 0.00830078125 0.01953125
0 0.2822265625 0.8115234375 0.017578125 0.02783203125
0 0.57861328125 0.78857421875 0.00830078125 0.02294921875
0 0.609375 0.935546875 0.01171875 0.03564453125
0 0.20947265625 0.6650390625 0.01123046875 0.01953125
0 0.3857421875 0.64306640625 0.0087890625 0.02294921875
0 0.58251953125 0.97119140625 0.009765625 0.02880859375
0 0.48876953125 0.98193359375 0.01318359375 0.02978515625
0 0.3115234375 0.61279296875 0.00927734375 0.01806640625
0 0.21533203125 0.63671875 0.00927734375 0.01708984375
0 0.466796875 0.70068359375 0.01171875 0.015625
0 0.13037109375 0.96435546875 0.01318359375 0.02490234375
0 0.44775390625 0.7626953125 0.00830078125 0.017578125
0 0.259765625 0.947265625 0.01123046875 0.0400390625
0 0.1142578125 0.6630859375 0.01416015625 0.03125
0 0.5615234375 0.8798828125 0.0126953125 0.0224609375
0 0.26025390625 0.65185546875 0.00927734375 0.01904296875
0 0.404296875 0.52197265625 0.01171875 0.02099609375
0 0.38818359375 0.96533203125 0.01318359375 0.0322265625
0 0.57861328125 0.8720703125 0.01220703125 0.017578125
0 0.4599609375 0.77978515625 0.01513671875 0.0146484375
0 0.00341796875 0.939453125 0.00634765625 0.02685546875
0 0.521484375 0.9150390625 0.01220703125 0.02587890625
0 0.45068359375 0.6796875 0.01123046875 0.01806640625
0 0.4931640625 0.806640625 0.01708984375 0.02099609375
0 0.51708984375 0.8916015625 0.01220703125 0.021484375
0 0.236328125 0.70947265625 0.01171875 0.0107421875
0 0.18896484375 0.64111328125 0.00634765625 0.01904296875
0 0.423828125 0.91650390625 0.01220703125 0.03173828125
0 0.45654296875 0.662109375 0.01123046875 0.01513671875
0 0.48779296875 0.8828125 0.01708984375 0.02392578125
0 0.56201171875 0.93505859375 0.00830078125 0.02099609375
0 0.126953125 0.82373046875 0.00634765625 0.01318359375