0 0.15673828125 0.2529296875 0.0234375 0.01171875
0 0.2177734375 0.2255859375 0.01171875 0.0107421875
0 0.20166015625 0.2294921875 0.017578125 0.01171875
0 0.61181640625 0.2080078125 0.021484375 0.0126953125
0 0.61181640625 0.18798828125 0.0185546875 0.0107421875
0 0.3916015625 0.2216796875 0.01953125 0.009765625
0 0.599609375 0.17529296875 0.021484375 0.009765625
0 0.62451171875 0.21484375 0.0234375 0.0107421875
0 0.458984375 0.20556640625 0.017578125 0.0087890625
0 0.197265625 0.2119140625 0.0224609375 0.0107421875
0 0.2265625 0.23583984375 0.0166015625 0.009765625
0 0.0615234375 0.38818359375 0.017578125 0.01171875
0 0.005859375 0.40966796875 0.01171875 0.0107421875
0 0.0419921875 0.259765625 0.0224609375 0.0126953125
0 0.119140625 0.21533203125 0.015625 0.0126953125
0 0.087890625 0.37255859375 0.0224609375 0.013671875
0 0.00439453125 0.4580078125 0.0087890625 0.009765625
0 0.2529296875 0.25439453125 0.0205078125 0.0107421875
0 0.04248046875 0.31396484375 0.0126953125 0.0107421875
0 0.005859375 0.49755859375 0.01171875 0.0107421875
0 0.04541015625 0.41796875 0.0185546875 0.0107421875
0 0.02001953125 0.26318359375 0.0166015625 0.0126953125