0 0.2900390625 0.10009765625 0.0166015625 0.0185546875
0 0.22705078125 0.5947265625 0.0107421875 0.0263671875
0 0.2333984375 0.19970703125 0.01171875 0.03125
0 0.12744140625 0.56201171875 0.0166015625 0.0185546875
0 0.2763671875 0.23291015625 0.013671875 0.0263671875
0 0.17333984375 0.66015625 0.0166015625 0.0263671875
0 0.22802734375 0.64306640625 0.013671875 0.03515625
0 0.29833984375 0.2109375 0.0146484375 0.0283203125
0 0.19384765625 0.59228515625 0.017578125 0.0205078125
0 0.298828125 0.45263671875 0.0166015625 0.0263671875
0 0.28076171875 0.62548828125 0.0205078125 0.033203125
0 0.2822265625 0.56494140625 0.017578125 0.02734375
0 0.25390625 0.3056640625 0.0166015625 0.017578125
0 0.1650390625 0.15673828125 0.0126953125 0.02734375
0 0.2744140625 0.595703125 0.0126953125 0.0224609375
0 0.27734375 0.64697265625 0.013671875 0.0361328125
0 0.09423828125 0.71044921875 0.017578125 0.0263671875
0 0.27099609375 0.23388671875 0.0126953125 0.0302734375