0 0.73291015625 0.3564453125 0.03369140625 0.04345703125
0 0.87353515625 0.3671875 0.029296875 0.06787109375
0 0.45361328125 0.61865234375 0.0400390625 0.03466796875
0 0.74560546875 0.95068359375 0.0302734375 0.05078125
0 0.7001953125 0.6103515625 0.0419921875 0.0400390625
0 0.73291015625 0.7998046875 0.02880859375 0.0458984375
0 0.94140625 0.52880859375 0.03955078125 0.03076171875
0 0.69482421875 0.74560546875 0.0146484375 0.05126953125
0 0.68701171875 0.810546875 0.03369140625 0.03955078125
0 0.78271484375 0.64306640625 0.03662109375 0.04150390625
0 0.8818359375 0.8408203125 0.02587890625 0.03759765625
0 0.81103515625 0.47314453125 0.03271484375 0.025390625
0 0.89697265625 0.62353515625 0.03955078125 0.04248046875
0 0.83251953125 0.93212890625 0.02880859375 0.05126953125
0 0.75830078125 0.1123046875 0.04443359375 0.04248046875
0 0.44091796875 0.10205078125 0.05078125 0.03955078125
0 0.78466796875 0.24853515625 0.041015625 0.04150390625
0 0.8232421875 0.09765625 0.03125 0.06201171875
0 0.40771484375 0.166015625 0.0458984375 0.03466796875
0 0.70751953125 0.0419921875 0.04052734375 0.03125
0 0.3759765625 0.1904296875 0.0390625 0.03759765625
0 0.74072265625 0.03173828125 0.03466796875 0.0595703125
0 0.58642578125 0.01171875 0.02587890625 0.0224609375
0 0.3974609375 0.01123046875 0.0263671875 0.021484375
0 0.93896484375 0.091796875 0.0419921875 0.0380859375