0 0.76708984375 0.07373046875 0.0107421875 0.03466796875
0 0.93896484375 0.12744140625 0.01416015625 0.03759765625
0 0.98974609375 0.46435546875 0.017578125 0.04150390625
0 0.94677734375 0.0537109375 0.01025390625 0.03662109375
0 0.78662109375 0.0166015625 0.01806640625 0.02783203125
0 0.97119140625 0.0615234375 0.0107421875 0.0322265625
0 0.90771484375 0.0859375 0.01318359375 0.041015625
0 0.673828125 0.0322265625 0.01025390625 0.029296875
0 0.4501953125 0.1435546875 0.01318359375 0.037109375
0 0.5048828125 0.1162109375 0.017578125 0.04150390625
0 0.53173828125 0.03759765625 0.01220703125 0.048828125
0 0.208984375 0.03466796875 0.01220703125 0.03515625
0 0.5576171875 0.2109375 0.0166015625 0.04541015625
0 0.45654296875 0.013671875 0.01025390625 0.02734375
0 0.87890625 0.1201171875 0.01025390625 0.03369140625
0 0.5517578125 0.1171875 0.01318359375 0.03857421875
0 0.1142578125 0.0927734375 0.0166015625 0.03857421875
0 0.8837890625 0.06005859375 0.01171875 0.033203125
0 0.7802734375 0.06298828125 0.013671875 0.02978515625
0 0.796875 0.05908203125 0.01416015625 0.02978515625
0 0.6083984375 0.0478515625 0.01171875 0.02685546875
0 0.75634765625 0.08203125 0.01123046875 0.02978515625
0 0.130859375 0.05615234375 0.02490234375 0.0703125
0 0.6201171875 0.00927734375 0.0126953125 0.0185546875
0 0.93798828125 0.015625 0.0126953125 0.03125
0 0.7001953125 0.01025390625 0.01171875 0.0205078125
0 0.7216796875 0.02099609375 0.01220703125 0.03466796875
0 0.998046875 0.10302734375 0.00341796875 0.03173828125
0 0.55419921875 0.1943359375 0.0146484375 0.033203125
0 0.12744140625 0.03515625 0.01171875 0.02880859375