0 0.0791015625 0.23291015625 0.0283203125 0.0205078125
0 0.7060546875 0.82275390625 0.0615234375 0.0966796875
0 0.34619140625 0.42578125 0.044921875 0.0517578125
0 0.41162109375 0.70166015625 0.060546875 0.064453125
0 0.34375 0.5498046875 0.0615234375 0.0615234375
0 0.5400390625 0.3818359375 0.041015625 0.046875
0 0.083984375 0.49951171875 0.056640625 0.0576171875
0 0.2509765625 0.76513671875 0.0703125 0.07421875
0 0.4677734375 0.2763671875 0.0390625 0.0390625
0 0.19677734375 0.51025390625 0.0537109375 0.0556640625
0 0.40771484375 0.46630859375 0.0458984375 0.0498046875
0 0.16650390625 0.3203125 0.0458984375 0.044921875
0 0.21044921875 0.42138671875 0.046875 0.052734375
0 0.533203125 0.5234375 0.0439453125 0.060546875
0 0.3447265625 0.78369140625 0.078125 0.0791015625
0 0.44921875 0.51220703125 0.05078125 0.0537109375
0 0.23193359375 0.33251953125 0.0458984375 0.0458984375
0 0.18212890625 0.7353515625 0.0673828125 0.0771484375
0 0.4892578125 0.28662109375 0.0302734375 0.0361328125
0 0.17236328125 0.396484375 0.0341796875 0.02734375
0 0.4169921875 0.42529296875 0.0400390625 0.05859375
0 0.15478515625 0.53515625 0.0498046875 0.0341796875
0 0.04638671875 0.587890625 0.0615234375 0.0615234375
0 0.05322265625 0.44921875 0.0556640625 0.0517578125
0 0.50537109375 0.24609375 0.029296875 0.033203125
0 0.1318359375 0.4169921875 0.0361328125 0.033203125
0 0.451171875 0.9228515625 0.0830078125 0.0791015625
0 0.07763671875 0.29052734375 0.03515625 0.0390625
0 0.57080078125 0.2431640625 0.0302734375 0.033203125
0 0.23681640625 0.1875 0.029296875 0.03125
0 0.47509765625 0.181640625 0.03125 0.033203125
0 0.35546875 0.39501953125 0.0390625 0.0439453125
0 0.8798828125 0.515625 0.0546875 0.05859375
0 0.17578125 0.875 0.0693359375 0.0869140625
0 0.244140625 0.41015625 0.046875 0.0478515625
0 0.0966796875 0.1533203125 0.0302734375 0.03125
0 0.0615234375 0.22216796875 0.0380859375 0.0361328125
0 0.23583984375 0.55810546875 0.0537109375 0.0537109375
0 0.39111328125 0.2841796875 0.041015625 0.0390625
0 0.671875 0.4853515625 0.0478515625 0.056640625
0 0.634765625 0.85791015625 0.0732421875 0.0791015625
0 0.41015625 0.65234375 0.0537109375 0.064453125
0 0.25244140625 0.13232421875 0.0263671875 0.033203125
0 0.02734375 0.423828125 0.0439453125 0.0498046875
0 0.2158203125 0.3046875 0.0390625 0.0390625
0 0.27685546875 0.33203125 0.041015625 0.0419921875
0 0.607421875 0.228515625 0.029296875 0.03125
0 0.49169921875 0.2216796875 0.0302734375 0.033203125
0 0.2060546875 0.59033203125 0.0634765625 0.0751953125
0 0.41064453125 0.396484375 0.05078125 0.0556640625
0 0.34326171875 0.24169921875 0.0341796875 0.03515625
0 0.1884765625 0.15673828125 0.0283203125 0.0322265625
0 0.5263671875 0.2470703125 0.029296875 0.03515625
0 0.37939453125 0.5810546875 0.0322265625 0.0302734375
0 0.330078125 0.318359375 0.0302734375 0.037109375
0 0.38037109375 0.14892578125 0.021484375 0.03125
0 0.80615234375 0.55810546875 0.0380859375 0.05859375
0 0.33740234375 0.44580078125 0.03515625 0.03515625
0 0.50537109375 0.17138671875 0.0283203125 0.0322265625
0 0.2041015625 0.2255859375 0.0361328125 0.033203125
0 0.7236328125 0.26416015625 0.0322265625 0.037109375
0 0.39404296875 0.23779296875 0.033203125 0.0380859375
0 0.326171875 0.14306640625 0.0234375 0.029296875
0 0.84130859375 0.515625 0.044921875 0.0634765625
0 0.6044921875 0.29150390625 0.0205078125 0.0361328125
0 0.06298828125 0.7783203125 0.0625 0.0458984375
0 0.52099609375 0.22314453125 0.03125 0.033203125
0 0.82470703125 0.6083984375 0.0673828125 0.0703125
0 0.380859375 0.88916015625 0.078125 0.0615234375
0 0.0263671875 0.64306640625 0.052734375 0.0732421875
0 0.18212890625 0.23583984375 0.0263671875 0.0244140625
0 0.40185546875 0.19677734375 0.0263671875 0.029296875
0 0.43505859375 0.2060546875 0.02734375 0.033203125
0 0.58251953125 0.34228515625 0.03125 0.0361328125
0 0.138671875 0.83447265625 0.0556640625 0.0439453125
0 0.3466796875 0.21337890625 0.0322265625 0.03515625
0 0.22607421875 0.07861328125 0.0244140625 0.025390625
0 0.22998046875 0.12841796875 0.017578125 0.0234375
0 0.58251953125 0.22021484375 0.0166015625 0.0302734375
0 0.40869140625 0.259765625 0.0224609375 0.0380859375
0 0.07861328125 0.08935546875 0.0205078125 0.0283203125
0 0.35302734375 0.197265625 0.0234375 0.025390625
0 0.55322265625 0.236328125 0.015625 0.0322265625
0 0.4462890625 0.16357421875 0.0244140625 0.03125
0 0.0234375 0.86669921875 0.046875 0.0498046875
0 0.6318359375 0.32373046875 0.0380859375 0.03515625
0 0.0361328125 0.6181640625 0.0341796875 0.0390625
0 0.1171875 0.1416015625 0.0263671875 0.03125
0 0.0380859375 0.361328125 0.0400390625 0.0458984375
0 0.59228515625 0.2333984375 0.017578125 0.0146484375
0 0.5205078125 0.43017578125 0.029296875 0.0439453125
0 0.0654296875 0.09765625 0.01953125 0.0283203125
0 0.3994140625 0.16748046875 0.029296875 0.0302734375
0 0.19384765625 0.46533203125 0.0380859375 0.05078125
0 0.29638671875 0.1025390625 0.0185546875 0.0224609375
0 0.09521484375 0.07861328125 0.021484375 0.029296875
0 0.34033203125 0.11865234375 0.03125 0.0302734375
0 0.21484375 0.24462890625 0.025390625 0.0322265625
0 0.43115234375 0.15673828125 0.021484375 0.029296875
0 0.6083984375 0.5166015625 0.03125 0.0322265625
0 0.60400390625 0.31884765625 0.03515625 0.0390625
0 0.748046875 0.47998046875 0.0400390625 0.0322265625
0 0.79296875 0.81494140625 0.0615234375 0.0869140625
0 0.19970703125 0.3916015625 0.0341796875 0.0439453125
0 0.09228515625 0.1962890625 0.0283203125 0.0302734375
0 0.37841796875 0.21142578125 0.0302734375 0.0341796875
0 0.43505859375 0.59716796875 0.029296875 0.05859375
0 0.138671875 0.3974609375 0.041015625 0.0478515625
0 0.35400390625 0.22900390625 0.033203125 0.037109375
0 0.51513671875 0.69970703125 0.037109375 0.0654296875
0 0.1005859375 0.41796875 0.0419921875 0.052734375
0 0.7490234375 0.70947265625 0.0634765625 0.06640625
0 0.85400390625 0.9580078125 0.0849609375 0.083984375
0 0.68798828125 0.4208984375 0.037109375 0.046875
0 0.57080078125 0.83349609375 0.04296875 0.0380859375
0 0.103515625 0.669921875 0.0380859375 0.060546875
0 0.63232421875 0.62255859375 0.0458984375 0.041015625
0 0.49609375 0.33544921875 0.0234375 0.041015625
0 0.3515625 0.4921875 0.0244140625 0.0263671875
0 0.3837890625 0.2275390625 0.03515625 0.0361328125
0 0.4384765625 0.70556640625 0.0400390625 0.076171875
0 0.1640625 0.17919921875 0.013671875 0.0263671875
0 0.93359375 0.80322265625 0.05859375 0.0732421875
0 0.00927734375 0.458984375 0.0185546875 0.02734375
0 0.0341796875 0.27294921875 0.013671875 0.033203125
0 0.19482421875 0.56640625 0.0234375 0.0244140625
0 0.72509765625 0.75244140625 0.0390625 0.0830078125
0 0.2900390625 0.13427734375 0.0302734375 0.015625
0 0.0390625 0.24560546875 0.0126953125 0.0234375
0 0.04443359375 0.19873046875 0.009765625 0.029296875
0 0.4169921875 0.380859375 0.0341796875 0.025390625