0 0.9208984375 0.29150390625 0.06591796875 0.08154296875
0 0.52587890625 0.140625 0.05322265625 0.0654296875
0 0.60791015625 0.1142578125 0.04296875 0.06689453125
0 0.498046875 0.310546875 0.08251953125 0.08984375
0 0.80322265625 0.24853515625 0.0771484375 0.0771484375
0 0.6171875 0.2861328125 0.03173828125 0.1064453125
0 0.70068359375 0.11279296875 0.05908203125 0.068359375
0 0.65771484375 0.55712890625 0.09423828125 0.099609375
0 0.494140625 0.24462890625 0.02783203125 0.06298828125
0 0.35595703125 0.01806640625 0.02880859375 0.03564453125
0 0.29345703125 0.03369140625 0.04443359375 0.025390625
0 0.8720703125 0.01171875 0.03125 0.0234375
0 0.1513671875 0.0126953125 0.0390625 0.0234375
0 0.90576171875 0.013671875 0.0166015625 0.02734375