0 0.60107421875 0.45849609375 0.01806640625 0.044921875
0 0.37890625 0.60205078125 0.015625 0.044921875
0 0.39453125 0.6103515625 0.02099609375 0.041015625
0 0.30419921875 0.4541015625 0.01953125 0.02734375
0 0.73291015625 0.47900390625 0.02001953125 0.0517578125
0 0.466796875 0.54248046875 0.0146484375 0.03662109375
0 0.580078125 0.51513671875 0.01416015625 0.03564453125
0 0.8984375 0.53515625 0.01171875 0.03369140625
0 0.4208984375 0.5341796875 0.013671875 0.029296875
0 0.33837890625 0.763671875 0.015625 0.03125
0 0.35498046875 0.5732421875 0.009765625 0.03466796875
0 0.61328125 0.78369140625 0.0107421875 0.03662109375
0 0.22998046875 0.6552734375 0.0126953125 0.0361328125
0 0.91015625 0.595703125 0.009765625 0.03515625
0 0.75439453125 0.56787109375 0.0087890625 0.03759765625
0 0.2099609375 0.7275390625 0.015625 0.03466796875
0 0.50048828125 0.61572265625 0.01611328125 0.0361328125
0 0.5576171875 0.61962890625 0.01220703125 0.03662109375
0 0.43603515625 0.57470703125 0.01513671875 0.03515625
0 0.23486328125 0.58349609375 0.01220703125 0.03271484375
0 0.66796875 0.6181640625 0.015625 0.03759765625
0 0.322265625 0.9619140625 0.02001953125 0.02294921875
0 0.6162109375 0.6171875 0.01123046875 0.03662109375
0 0.30224609375 0.861328125 0.01171875 0.03662109375
0 0.279296875 0.5078125 0.013671875 0.025390625
0 0.80712890625 0.6494140625 0.01025390625 0.03369140625
0 0.556640625 0.65771484375 0.01708984375 0.0380859375
0 0.25341796875 0.86474609375 0.0126953125 0.0341796875
0 0.65576171875 0.701171875 0.01318359375 0.03857421875
0 0.82421875 0.787109375 0.02294921875 0.06005859375
0 0.29150390625 0.548828125 0.01904296875 0.0419921875
0 0.494140625 0.640625 0.015625 0.03515625
0 0.94091796875 0.70458984375 0.009765625 0.03271484375
0 0.9814453125 0.8779296875 0.01611328125 0.03271484375
0 0.77783203125 0.86962890625 0.00927734375 0.04638671875
0 0.3271484375 0.72802734375 0.01025390625 0.03125
0 0.673828125 0.67041015625 0.01318359375 0.037109375
0 0.345703125 0.705078125 0.015625 0.0322265625
0 0.2412109375 0.88720703125 0.01123046875 0.0322265625
0 0.2724609375 0.724609375 0.0283203125 0.0478515625
0 0.7529296875 0.6083984375 0.015625 0.0302734375
0 0.54296875 0.77880859375 0.0166015625 0.03125
0 0.45849609375 0.72998046875 0.013671875 0.033203125
0 0.2060546875 0.8330078125 0.0107421875 0.0400390625
0 0.3212890625 0.65380859375 0.01025390625 0.0390625
0 0.19091796875 0.95654296875 0.0126953125 0.03662109375
0 0.37060546875 0.72021484375 0.009765625 0.0302734375
0 0.5654296875 0.8740234375 0.01171875 0.03369140625
0 0.8193359375 0.6962890625 0.01171875 0.03515625
0 0.51953125 0.76220703125 0.0107421875 0.0361328125
0 0.521484375 0.904296875 0.01171875 0.03564453125
0 0.4248046875 0.69580078125 0.01318359375 0.0361328125
0 0.7021484375 0.814453125 0.013671875 0.03271484375
0 0.40185546875 0.78369140625 0.01171875 0.03173828125
0 0.54150390625 0.9306640625 0.01220703125 0.0361328125
0 0.90625 0.8125 0.0166015625 0.02587890625
0 0.93701171875 0.87646484375 0.0126953125 0.03125
0 0.88037109375 0.7177734375 0.01318359375 0.0322265625
0 0.2802734375 0.80810546875 0.0107421875 0.0341796875
0 0.73095703125 0.7783203125 0.0126953125 0.03662109375
0 0.33984375 0.8095703125 0.01513671875 0.03173828125
0 0.6162109375 0.63818359375 0.01025390625 0.03466796875
0 0.84375 0.97900390625 0.01904296875 0.0419921875
0 0.28466796875 0.6064453125 0.01220703125 0.03076171875
0 0.3427734375 0.892578125 0.00927734375 0.0361328125
0 0.3046875 0.62451171875 0.0126953125 0.0322265625
0 0.3994140625 0.896484375 0.01220703125 0.03515625
0 0.52197265625 0.96630859375 0.0126953125 0.03759765625
0 0.66064453125 0.8505859375 0.01513671875 0.0283203125
0 0.3408203125 0.9375 0.01025390625 0.02783203125
0 0.6611328125 0.650390625 0.01416015625 0.03759765625
0 0.52587890625 0.85693359375 0.0126953125 0.03466796875
0 0.2685546875 0.63037109375 0.01806640625 0.03466796875
0 0.91796875 0.9453125 0.013671875 0.037109375
0 0.77734375 0.650390625 0.00830078125 0.02880859375
0 0.9404296875 0.9833984375 0.01123046875 0.03125
0 0.8623046875 0.716796875 0.01171875 0.03515625
0 0.8671875 0.86376953125 0.0126953125 0.0361328125
0 0.41064453125 0.876953125 0.01220703125 0.033203125
0 0.52978515625 0.8056640625 0.01416015625 0.0322265625
0 0.39501953125 0.8125 0.01416015625 0.02978515625
0 0.591796875 0.8896484375 0.01318359375 0.03173828125
0 0.638671875 0.9443359375 0.01318359375 0.03466796875
0 0.279296875 0.947265625 0.02099609375 0.0205078125
0 0.4765625 0.681640625 0.01220703125 0.03515625
0 0.2568359375 0.583984375 0.01513671875 0.03369140625
0 0.798828125 0.73974609375 0.01171875 0.03662109375
0 0.2919921875 0.68994140625 0.0146484375 0.02978515625
0 0.70654296875 0.8447265625 0.0146484375 0.037109375
0 0.3388671875 0.85693359375 0.01806640625 0.0302734375
0 0.62060546875 0.93310546875 0.01318359375 0.03564453125
0 0.3251953125 0.892578125 0.01220703125 0.03466796875
0 0.76708984375 0.7392578125 0.0146484375 0.0341796875
0 0.4921875 0.9052734375 0.0146484375 0.033203125
0 0.892578125 0.85205078125 0.0146484375 0.03125
0 0.3544921875 0.96875 0.01904296875 0.0302734375
0 0.2939453125 0.78271484375 0.013671875 0.03173828125
0 0.37646484375 0.8212890625 0.015625 0.033203125
0 0.689453125 0.9130859375 0.013671875 0.0322265625
0 0.484375 0.7705078125 0.01708984375 0.0302734375
0 0.45849609375 0.79150390625 0.01171875 0.03515625
0 0.96826171875 0.96630859375 0.0078125 0.02978515625
0 0.63525390625 0.90087890625 0.0126953125 0.03662109375
0 0.74755859375 0.8681640625 0.01025390625 0.03369140625
0 0.294921875 0.9228515625 0.0205078125 0.02001953125
0 0.763671875 0.8701171875 0.009765625 0.0439453125
0 0.3154296875 0.9453125 0.013671875 0.02490234375
0 0.72900390625 0.939453125 0.01416015625 0.03271484375
0 0.66943359375 0.88037109375 0.01220703125 0.02783203125
0 0.423828125 0.9853515625 0.01611328125 0.025390625
0 0.779296875 0.62109375 0.0126953125 0.037109375
0 0.78271484375 0.9072265625 0.01708984375 0.01953125
0 0.6552734375 0.671875 0.01220703125 0.0361328125
0 0.9970703125 0.650390625 0.005859375 0.0361328125
0 0.62646484375 0.90625 0.01171875 0.03564453125
0 0.7529296875 0.95849609375 0.01416015625 0.03515625
0 0.98876953125 0.97802734375 0.0146484375 0.03515625
0 0.287109375 0.53271484375 0.0185546875 0.03173828125
0 0.3955078125 0.98876953125 0.01171875 0.021484375
0 0.2880859375 0.791015625 0.01416015625 0.03369140625
0 0.443359375 0.841796875 0.015625 0.0322265625
0 0.79638671875 0.96337890625 0.015625 0.029296875
0 0.8037109375 0.94970703125 0.01953125 0.017578125
0 0.4755859375 0.861328125 0.01416015625 0.03564453125
0 0.9921875 0.65185546875 0.01220703125 0.0400390625
0 0.9091796875 0.7236328125 0.0146484375 0.02587890625
0 0.45166015625 0.861328125 0.01513671875 0.03173828125
0 0.96484375 0.68359375 0.0087890625 0.0322265625
0 0.4609375 0.82470703125 0.013671875 0.0341796875
0 0.47412109375 0.80712890625 0.017578125 0.02587890625
0 0.29248046875 0.666015625 0.01806640625 0.03173828125
0 0.4697265625 0.658203125 0.01416015625 0.02734375
0 0.81591796875 0.9912109375 0.00830078125 0.017578125
0 0.294921875 0.6455078125 0.01513671875 0.03515625
0 0.6708984375 0.93310546875 0.013671875 0.02978515625
0 0.7666015625 0.85595703125 0.009765625 0.0361328125
0 0.30908203125 0.99072265625 0.0146484375 0.0185546875
0 0.5048828125 0.990234375 0.01904296875 0.017578125
0 0.71826171875 0.90966796875 0.009765625 0.03515625
0 0.57275390625 0.9931640625 0.01904296875 0.01318359375
0 0.9921875 0.7783203125 0.0126953125 0.03857421875
0 0.76611328125 0.8203125 0.0087890625 0.033203125
0 0.9970703125 0.78271484375 0.005859375 0.03857421875
0 0.6982421875 0.974609375 0.0146484375 0.02978515625
0 0.83447265625 0.7548828125 0.017578125 0.02880859375
0 0.75146484375 0.9931640625 0.01025390625 0.01318359375
0 0.4873046875 0.99267578125 0.015625 0.0146484375
0 0.52880859375 0.994140625 0.01171875 0.01171875
0 0.50830078125 0.70361328125 0.02490234375 0.0361328125
0 0.4970703125 0.71435546875 0.01806640625 0.04638671875
0 0.4580078125 0.912109375 0.0224609375 0.03564453125
0 0.44677734375 0.91748046875 0.01416015625 0.03515625
0 0.43896484375 0.93310546875 0.0205078125 0.03564453125
0 0.38916015625 0.71826171875 0.01904296875 0.04248046875
0 0.75 0.77490234375 0.01318359375 0.0478515625
0 0.990234375 0.9423828125 0.01611328125 0.0380859375
0 0.25537109375 0.60302734375 0.01708984375 0.03759765625