0 0.39794921875 0.8984375 0.04638671875 0.0576171875
0 0.197265625 0.95556640625 0.033203125 0.05810546875
0 0.76953125 0.83740234375 0.04150390625 0.0419921875
0 0.75048828125 0.736328125 0.01806640625 0.04736328125
0 0.81201171875 0.84033203125 0.02294921875 0.0517578125
0 0.658203125 0.7373046875 0.01806640625 0.04345703125
0 0.5830078125 0.77294921875 0.02294921875 0.0546875
0 0.70849609375 0.7421875 0.01513671875 0.05517578125
0 0.98681640625 0.705078125 0.021484375 0.044921875
0 0.0263671875 0.9873046875 0.0498046875 0.025390625
0 0.42724609375 0.88232421875 0.0400390625 0.0517578125