0 0.7431640625 0.75732421875 0.0341796875 0.0458984375
0 0.9345703125 0.39453125 0.0361328125 0.0419921875
0 0.92529296875 0.8095703125 0.029296875 0.060546875
0 0.81005859375 0.40966796875 0.0322265625 0.041015625
0 0.7314453125 0.47119140625 0.0390625 0.0478515625
0 0.65771484375 0.82275390625 0.0263671875 0.0517578125
0 0.80517578125 0.92919921875 0.03125 0.05078125
0 0.71728515625 0.892578125 0.0283203125 0.052734375
0 0.439453125 0.88037109375 0.0322265625 0.05078125
0 0.7666015625 0.9833984375 0.0185546875 0.0302734375
0 0.60693359375 0.9736328125 0.029296875 0.0419921875
0 0.8896484375 0.6142578125 0.033203125 0.0556640625
0 0.69677734375 0.93017578125 0.0322265625 0.048828125
0 0.7783203125 0.63818359375 0.0234375 0.0478515625
0 0.9404296875 0.07958984375 0.009765625 0.0185546875
0 0.6689453125 0.486328125 0.0283203125 0.046875
0 0.76220703125 0.6015625 0.029296875 0.0537109375
0 0.48291015625 0.86767578125 0.0341796875 0.0498046875
0 0.68017578125 0.373046875 0.013671875 0.025390625