0 0.74853515625 0.69775390625 0.0234375 0.025390625
0 0.93896484375 0.88037109375 0.0478515625 0.0546875
0 0.634765625 0.9482421875 0.044921875 0.048828125
0 0.74951171875 0.888671875 0.048828125 0.0478515625
0 0.8330078125 0.72705078125 0.0380859375 0.0390625
0 0.65478515625 0.91552734375 0.0390625 0.041015625
0 0.9140625 0.73876953125 0.0419921875 0.041015625
0 0.5888671875 0.78125 0.0322265625 0.0380859375
0 0.91064453125 0.544921875 0.0166015625 0.0185546875
0 0.77294921875 0.603515625 0.0234375 0.0263671875
0 0.82568359375 0.92041015625 0.025390625 0.0439453125
0 0.99609375 0.56640625 0.0078125 0.025390625
0 0.96337890625 0.60009765625 0.0283203125 0.0283203125
0 0.72119140625 0.81201171875 0.03515625 0.0380859375
0 0.9052734375 0.888671875 0.037109375 0.0302734375
0 0.833984375 0.6708984375 0.01953125 0.0263671875
0 0.7080078125 0.82763671875 0.03515625 0.0361328125
0 0.71435546875 0.609375 0.0224609375 0.0224609375
0 0.640625 0.66943359375 0.0146484375 0.01953125
0 0.765625 0.63671875 0.02734375 0.0263671875
0 0.52490234375 0.80419921875 0.0185546875 0.02734375
0 0.94921875 0.583984375 0.0234375 0.0244140625
0 0.85693359375 0.58984375 0.01171875 0.013671875
0 0.5419921875 0.759765625 0.0146484375 0.02734375
0 0.939453125 0.54443359375 0.0185546875 0.0224609375
0 0.81396484375 0.6845703125 0.025390625 0.0244140625
0 0.783203125 0.94384765625 0.0283203125 0.017578125
0 0.994140625 0.5888671875 0.01171875 0.0234375
0 0.9833984375 0.5224609375 0.0185546875 0.021484375
0 0.98193359375 0.54296875 0.0185546875 0.0224609375
0 0.83935546875 0.59765625 0.0146484375 0.0107421875
0 0.9609375 0.6875 0.025390625 0.03125
0 0.97119140625 0.5751953125 0.015625 0.0205078125
0 0.82275390625 0.72021484375 0.0224609375 0.0302734375
0 0.9931640625 0.54541015625 0.013671875 0.0224609375
0 0.78466796875 0.58740234375 0.0224609375 0.0224609375
0 0.9482421875 0.54052734375 0.0146484375 0.015625
0 0.5595703125 0.66943359375 0.01953125 0.0224609375
0 0.64453125 0.734375 0.0322265625 0.0283203125
0 0.73974609375 0.95458984375 0.0244140625 0.013671875
0 0.7939453125 0.68115234375 0.015625 0.0224609375
0 0.76611328125 0.6865234375 0.01171875 0.013671875
0 0.78759765625 0.57568359375 0.015625 0.015625
0 0.962890625 0.54248046875 0.0126953125 0.01953125
0 0.56787109375 0.666015625 0.021484375 0.0224609375
0 0.64404296875 0.9140625 0.0185546875 0.0283203125
0 0.638671875 0.73046875 0.0166015625 0.0166015625
0 0.69873046875 0.82861328125 0.0146484375 0.0234375
0 0.97216796875 0.51611328125 0.013671875 0.0185546875
0 0.03857421875 0.63525390625 0.009765625 0.009765625