0 0.8994140625 0.22119140625 0.021484375 0.0224609375
0 0.83056640625 0.14404296875 0.0224609375 0.0244140625
0 0.6884765625 0.04345703125 0.0224609375 0.0244140625
0 0.84326171875 0.2841796875 0.029296875 0.025390625
0 0.9033203125 0.240234375 0.029296875 0.0263671875
0 0.84619140625 0.1123046875 0.0244140625 0.0234375
0 0.794921875 0.4140625 0.0263671875 0.029296875
0 0.76904296875 0.04052734375 0.0283203125 0.0263671875
0 0.7939453125 0.02880859375 0.0244140625 0.0234375
0 0.88330078125 0.72607421875 0.0390625 0.0302734375
0 0.8056640625 0.056640625 0.0302734375 0.025390625
0 0.82275390625 0.046875 0.0224609375 0.0244140625
0 0.93212890625 0.697265625 0.037109375 0.0498046875
0 0.806640625 0.29345703125 0.017578125 0.03515625
0 0.99169921875 0.546875 0.0166015625 0.046875