0 0.96240234375 0.44140625 0.0751953125 0.109375
0 0.705078125 0.197265625 0.07421875 0.1103515625
0 0.837890625 0.13818359375 0.0595703125 0.09765625
0 0.71875 0.1240234375 0.0625 0.099609375
0 0.744140625 0.69189453125 0.0537109375 0.146484375
0 0.85498046875 0.53173828125 0.0888671875 0.0888671875
0 0.61865234375 0.408203125 0.064453125 0.1025390625
0 0.9462890625 0.587890625 0.0947265625 0.0791015625
0 0.62548828125 0.03955078125 0.046875 0.064453125
0 0.97607421875 0.11767578125 0.0478515625 0.0771484375
0 0.4375 0.04150390625 0.046875 0.0830078125
0 0.9658203125 0.65087890625 0.0546875 0.111328125
0 0.02294921875 0.8056640625 0.0458984375 0.125
0 0.048828125 0.2763671875 0.0595703125 0.0947265625
0 0.2197265625 0.03369140625 0.056640625 0.0673828125
0 0.3837890625 0.22900390625 0.052734375 0.0859375
0 0.8359375 0.23095703125 0.0390625 0.1005859375
0 0.9560546875 0.54541015625 0.0869140625 0.083984375
0 0.9736328125 0.3251953125 0.041015625 0.1025390625
0 0.474609375 0.0185546875 0.05078125 0.037109375
0 0.06640625 0.06640625 0.0615234375 0.0576171875
0 0.9853515625 0.05517578125 0.02734375 0.03125
0 0.5947265625 0.47509765625 0.0546875 0.083984375
0 0.41064453125 0.0869140625 0.0400390625 0.046875
0 0.69287109375 0.99560546875 0.0322265625 0.0087890625
0 0.220703125 0.359375 0.0458984375 0.1259765625
0 0.95556640625 0.3642578125 0.0390625 0.05078125
0 0.97900390625 0.6015625 0.0322265625 0.0498046875
0 0.9111328125 0.6552734375 0.08203125 0.1103515625