0 0.39111328125 0.896484375 0.0478515625 0.05859375
0 0.189453125 0.9501953125 0.0341796875 0.05859375
0 0.763671875 0.84228515625 0.0419921875 0.04296875
0 0.74609375 0.74072265625 0.0185546875 0.0478515625
0 0.80615234375 0.845703125 0.0234375 0.0517578125
0 0.65380859375 0.740234375 0.0185546875 0.0439453125
0 0.578125 0.7744140625 0.0234375 0.0546875
0 0.7041015625 0.74560546875 0.015625 0.0556640625
0 0.9833984375 0.71337890625 0.0224609375 0.044921875
0 0.021484375 0.97900390625 0.04296875 0.0263671875
0 0.42041015625 0.880859375 0.041015625 0.052734375