0 0.376953125 0.3583984375 0.025390625 0.041015625
0 0.32373046875 0.40087890625 0.03125 0.0576171875
0 0.0205078125 0.54296875 0.0361328125 0.0576171875
0 0.03369140625 0.62255859375 0.0302734375 0.0546875
0 0.0341796875 0.68701171875 0.0361328125 0.0576171875
0 0.18408203125 0.365234375 0.0302734375 0.056640625
0 0.24609375 0.240234375 0.03515625 0.064453125
0 0.0107421875 0.1455078125 0.021484375 0.05859375
0 0.4072265625 0.0517578125 0.025390625 0.0498046875
0 0.33203125 0.20703125 0.03125 0.0625
0 0.27685546875 0.16650390625 0.03515625 0.06640625
0 0.25244140625 0.11083984375 0.0244140625 0.0517578125
0 0.189453125 0.22509765625 0.025390625 0.0478515625
0 0.14404296875 0.1943359375 0.033203125 0.052734375
0 0.10302734375 0.162109375 0.0234375 0.0693359375
0 0.0908203125 0.14990234375 0.0166015625 0.0615234375
0 0.0615234375 0.27685546875 0.0322265625 0.0361328125
0 0.0625 0.212890625 0.0283203125 0.0400390625
0 0.04541015625 0.13818359375 0.0263671875 0.064453125
0 0.3408203125 0.09716796875 0.0283203125 0.05859375
0 0.17041015625 0.26318359375 0.0244140625 0.0556640625
0 0.15625 0.2734375 0.02734375 0.064453125
0 0.10400390625 0.28125 0.029296875 0.0458984375
0 0.1806640625 0.05078125 0.0146484375 0.03125
0 0.0126953125 0.2451171875 0.0234375 0.0380859375
0 0.3125 0.11865234375 0.0244140625 0.046875
0 0.294921875 0.07373046875 0.0205078125 0.0419921875