0 0.953125 0.2109375 0.01025390625 0.0185546875
0 0.97509765625 0.494140625 0.0146484375 0.0244140625
0 0.99609375 0.61865234375 0.00732421875 0.02392578125
0 0.7646484375 0.85009765625 0.01513671875 0.02392578125
0 0.8759765625 0.740234375 0.01318359375 0.025390625
0 0.84619140625 0.85205078125 0.01220703125 0.0302734375
0 0.94677734375 0.9921875 0.02001953125 0.015625
0 0.83642578125 0.9287109375 0.0185546875 0.02685546875
0 0.8466796875 0.693359375 0.02001953125 0.02294921875
0 0.861328125 0.9052734375 0.009765625 0.0205078125
0 0.72509765625 0.86865234375 0.0205078125 0.02099609375
0 0.9814453125 0.94775390625 0.01220703125 0.02099609375
0 0.6748046875 0.91943359375 0.01171875 0.02001953125
0 0.92822265625 0.9306640625 0.0185546875 0.02001953125
0 0.84912109375 0.7265625 0.01171875 0.02197265625
0 0.95068359375 0.9521484375 0.02197265625 0.03466796875
0 0.9482421875 0.90869140625 0.013671875 0.01953125
0 0.9677734375 0.94287109375 0.0185546875 0.02783203125
0 0.99072265625 0.41796875 0.0087890625 0.02294921875
0 0.8251953125 0.7294921875 0.01806640625 0.025390625
0 0.73046875 0.87841796875 0.01806640625 0.02099609375
0 0.853515625 0.94775390625 0.0166015625 0.02294921875
0 0.84521484375 0.71435546875 0.0078125 0.01611328125
0 0.84375 0.841796875 0.0078125 0.01611328125