0 0.3046875 0.6982421875 0.015625 0.015625
0 0.2216796875 0.68994140625 0.01220703125 0.0185546875
0 0.24609375 0.68603515625 0.01318359375 0.01611328125
0 0.1015625 0.71728515625 0.01611328125 0.0205078125
0 0.298828125 0.68115234375 0.0146484375 0.01953125
0 0.12744140625 0.7177734375 0.01025390625 0.02099609375
0 0.064453125 0.697265625 0.0087890625 0.017578125
0 0.0986328125 0.7021484375 0.0087890625 0.01513671875
0 0.029296875 0.70263671875 0.0107421875 0.02099609375
0 0.0458984375 0.830078125 0.01025390625 0.02587890625
0 0.07373046875 0.70751953125 0.01220703125 0.01953125