0 0.12353515625 0.21630859375 0.11376953125 0.18994140625
0 0.17529296875 0.4599609375 0.13427734375 0.22900390625
0 0.9072265625 0.80078125 0.14013671875 0.21240234375
0 0.841796875 0.916015625 0.16162109375 0.111328125
0 0.86474609375 0.580078125 0.1650390625 0.17578125
0 0.12255859375 0.08056640625 0.06396484375 0.15771484375
0 0.36669921875 0.341796875 0.1337890625 0.1552734375
0 0.29931640625 0.0400390625 0.13330078125 0.078125
0 0.38818359375 0.7763671875 0.1220703125 0.23583984375
0 0.333984375 0.54833984375 0.15185546875 0.10595703125
0 0.07470703125 0.603515625 0.1318359375 0.16455078125
0 0.54541015625 0.56494140625 0.091796875 0.2529296875
0 0.0732421875 0.9521484375 0.06396484375 0.0927734375
0 0.45947265625 0.06689453125 0.0615234375 0.1337890625
0 0.283203125 0.83935546875 0.12841796875 0.14111328125
0 0.265625 0.9375 0.11083984375 0.1220703125
0 0.4208984375 0.18701171875 0.1044921875 0.23095703125