0 0.85400390625 0.232421875 0.0478515625 0.0458984375
0 0.35205078125 0.4599609375 0.0478515625 0.064453125
0 0.8408203125 0.8154296875 0.056640625 0.0673828125
0 0.75341796875 0.67626953125 0.0537109375 0.048828125
0 0.41357421875 0.34375 0.0517578125 0.0400390625
0 0.73876953125 0.533203125 0.04296875 0.037109375
0 0.52587890625 0.1708984375 0.0478515625 0.037109375
0 0.9140625 0.51416015625 0.041015625 0.0439453125
0 0.61865234375 0.013671875 0.0556640625 0.02734375
0 0.787109375 0.05224609375 0.0498046875 0.0546875
0 0.6357421875 0.11328125 0.0439453125 0.052734375
0 0.693359375 0.20947265625 0.05078125 0.0419921875
0 0.7861328125 0.48486328125 0.046875 0.064453125
0 0.5224609375 0.97021484375 0.07421875 0.0595703125
0 0.74462890625 0.1630859375 0.0478515625 0.0556640625
0 0.73095703125 0.017578125 0.0419921875 0.03515625
0 0.53857421875 0.013671875 0.0537109375 0.02734375
0 0.54541015625 0.98974609375 0.0244140625 0.0205078125
0 0.82080078125 0.078125 0.041015625 0.0546875