0 0.943359375 0.61865234375 0.03271484375 0.033203125
0 0.06396484375 0.8623046875 0.04443359375 0.0478515625
0 0.96435546875 0.84033203125 0.06005859375 0.052734375
0 0.8212890625 0.74609375 0.0341796875 0.04345703125
0 0.943359375 0.6767578125 0.03759765625 0.0283203125
0 0.61865234375 0.662109375 0.03271484375 0.03857421875
0 0.64599609375 0.6181640625 0.03173828125 0.0341796875
0 0.04345703125 0.755859375 0.03564453125 0.04345703125
0 0.505859375 0.890625 0.0634765625 0.06005859375
0 0.806640625 0.8818359375 0.04150390625 0.0517578125
0 0.25439453125 0.8701171875 0.0302734375 0.02880859375
0 0.02099609375 0.87109375 0.04052734375 0.0234375
0 0.1376953125 0.9208984375 0.05224609375 0.05419921875
0 0.1904296875 0.69482421875 0.03271484375 0.033203125
0 0.7021484375 0.634765625 0.03125 0.037109375
0 0.2578125 0.7841796875 0.0478515625 0.04052734375
0 0.26806640625 0.724609375 0.0400390625 0.03662109375
0 0.39013671875 0.744140625 0.041015625 0.0390625
0 0.18310546875 0.7783203125 0.0380859375 0.04248046875
0 0.4619140625 0.796875 0.0498046875 0.04541015625
0 0.50927734375 0.97607421875 0.0576171875 0.0478515625
0 0.96826171875 0.78076171875 0.04833984375 0.04443359375
0 0.09765625 0.93408203125 0.05419921875 0.060546875
0 0.66748046875 0.6484375 0.02392578125 0.03662109375
0 0.7109375 0.810546875 0.04443359375 0.03955078125
0 0.31396484375 0.8203125 0.04638671875 0.04638671875
0 0.052734375 0.5634765625 0.017578125 0.0224609375
0 0.74609375 0.966796875 0.048828125 0.06298828125
0 0.69873046875 0.7109375 0.0390625 0.04052734375
0 0.50927734375 0.59521484375 0.021484375 0.03173828125
0 0.1064453125 0.72509765625 0.03076171875 0.03515625
0 0.23486328125 0.94189453125 0.0615234375 0.06884765625
0 0.45849609375 0.71484375 0.04443359375 0.03564453125
0 0.66552734375 0.703125 0.02978515625 0.0400390625
0 0.896484375 0.68017578125 0.0302734375 0.02880859375
0 0.3984375 0.55712890625 0.02978515625 0.0283203125
0 0.93408203125 0.79736328125 0.0390625 0.0439453125
0 0.123046875 0.638671875 0.03857421875 0.03076171875
0 0.373046875 0.818359375 0.0517578125 0.0498046875
0 0.68310546875 0.8984375 0.05322265625 0.0517578125
0 0.2587890625 0.62548828125 0.0322265625 0.03271484375
0 0.3896484375 0.6474609375 0.04443359375 0.03515625
0 0.591796875 0.90283203125 0.05078125 0.05517578125
0 0.39453125 0.8662109375 0.0380859375 0.05419921875
0 0.8291015625 0.71337890625 0.02490234375 0.0341796875
0 0.388671875 0.6025390625 0.03125 0.0341796875
0 0.3115234375 0.630859375 0.02685546875 0.02880859375
0 0.47412109375 0.6005859375 0.03369140625 0.03369140625
0 0.25732421875 0.55859375 0.0263671875 0.02587890625
0 0.48974609375 0.810546875 0.04052734375 0.0205078125
0 0.1748046875 0.9765625 0.04345703125 0.04638671875
0 0.2412109375 0.6591796875 0.0302734375 0.0302734375
0 0.43359375 0.615234375 0.02734375 0.01953125
0 0.265625 0.5859375 0.0283203125 0.03125
0 0.330078125 0.60009765625 0.0244140625 0.0166015625
0 0.3662109375 0.5849609375 0.0302734375 0.033203125
0 0.3408203125 0.85400390625 0.02783203125 0.04638671875
0 0.4541015625 0.96875 0.0537109375 0.05859375
0 0.10546875 0.61669921875 0.029296875 0.0263671875
0 0.65380859375 0.98193359375 0.0458984375 0.0341796875
0 0.4775390625 0.57861328125 0.0283203125 0.02392578125
0 0.650390625 0.80224609375 0.02978515625 0.0361328125
0 0.16357421875 0.57666015625 0.02392578125 0.0263671875
0 0.1669921875 0.55126953125 0.0224609375 0.02783203125
0 0.56005859375 0.767578125 0.02880859375 0.03564453125
0 0.716796875 0.693359375 0.02734375 0.04150390625
0 0.3251953125 0.98779296875 0.0390625 0.0224609375
0 0.13232421875 0.572265625 0.01806640625 0.0263671875
0 0.8486328125 0.96337890625 0.0595703125 0.0693359375
0 0.2060546875 0.7958984375 0.03466796875 0.0390625
0 0.173828125 0.630859375 0.029296875 0.02978515625
0 0.0869140625 0.56787109375 0.01611328125 0.02587890625
0 0.03076171875 0.9892578125 0.0341796875 0.021484375
0 0.42333984375 0.97998046875 0.05419921875 0.03857421875
0 0.1884765625 0.61083984375 0.02978515625 0.0322265625
0 0.1435546875 0.61376953125 0.01806640625 0.02490234375
0 0.44580078125 0.77099609375 0.04296875 0.03564453125
0 0.380859375 0.69482421875 0.0205078125 0.04248046875
0 0.2861328125 0.5703125 0.025390625 0.0283203125
0 0.64306640625 0.892578125 0.04296875 0.0537109375
0 0.11083984375 0.568359375 0.01611328125 0.01953125
0 0.42578125 0.8662109375 0.0302734375 0.02685546875
0 0.783203125 0.98193359375 0.0546875 0.03564453125
0 0.81201171875 0.96630859375 0.06103515625 0.06640625
0 0.9755859375 0.984375 0.04638671875 0.0302734375
0 0.97998046875 0.74609375 0.0400390625 0.029296875
0 0.61181640625 0.8662109375 0.0400390625 0.03515625
0 0.18359375 0.5830078125 0.021484375 0.0263671875
0 0.44677734375 0.576171875 0.017578125 0.0107421875
0 0.3447265625 0.490234375 0.02099609375 0.025390625
0 0.32568359375 0.4970703125 0.02197265625 0.02294921875
0 0.57763671875 0.9130859375 0.02783203125 0.03466796875
0 0.24072265625 0.78369140625 0.01611328125 0.0380859375