0 0.7841796875 0.7109375 0.02734375 0.0419921875
0 0.90966796875 0.32080078125 0.0302734375 0.037109375
0 0.97265625 0.73095703125 0.01953125 0.05810546875
0 0.78955078125 0.357421875 0.02587890625 0.03662109375
0 0.72314453125 0.431640625 0.03173828125 0.04345703125
0 0.71142578125 0.79052734375 0.0185546875 0.04931640625
0 0.875 0.86962890625 0.02392578125 0.046875
0 0.7822265625 0.8486328125 0.01953125 0.05029296875
0 0.95556640625 0.9619140625 0.01953125 0.05419921875
0 0.50634765625 0.88525390625 0.0244140625 0.04736328125
0 0.98486328125 0.2880859375 0.025390625 0.06298828125
0 0.8466796875 0.9296875 0.013671875 0.02880859375
0 0.6875 0.94775390625 0.0234375 0.03857421875
0 0.90380859375 0.544921875 0.0244140625 0.0517578125
0 0.6982421875 0.98876953125 0.02001953125 0.021484375
0 0.7685546875 0.8896484375 0.0244140625 0.04541015625
0 0.79833984375 0.587890625 0.015625 0.0458984375
0 0.86083984375 0.00927734375 0.00732421875 0.01708984375
0 0.6640625 0.45703125 0.02099609375 0.0439453125
0 0.77587890625 0.5546875 0.02099609375 0.05078125
0 0.95458984375 0.015625 0.01171875 0.03076171875
0 0.546875 0.865234375 0.0263671875 0.0458984375
0 0.6552734375 0.34375 0.009765625 0.02392578125
0 0.95068359375 0.0361328125 0.00927734375 0.02587890625
0 0.97705078125 0.0185546875 0.01513671875 0.03662109375
0 0.97119140625 0.03076171875 0.0107421875 0.0263671875
0 0.82470703125 0.99560546875 0.017578125 0.0078125