0 0.66748046875 0.88037109375 0.02734375 0.0556640625
0 0.73828125 0.86865234375 0.0322265625 0.029296875
0 0.7724609375 0.830078125 0.029296875 0.0205078125
0 0.55078125 0.943359375 0.0576171875 0.056640625
0 0.87060546875 0.86474609375 0.04296875 0.04296875
0 0.91259765625 0.9052734375 0.037109375 0.0302734375
0 0.85986328125 0.896484375 0.0380859375 0.0478515625
0 0.72705078125 0.8466796875 0.041015625 0.041015625
0 0.8310546875 0.80029296875 0.041015625 0.0390625
0 0.71533203125 0.90478515625 0.048828125 0.048828125
0 0.8330078125 0.923828125 0.0361328125 0.0498046875
0 0.7666015625 0.9375 0.04296875 0.0380859375
0 0.740234375 0.84375 0.017578125 0.0302734375
0 0.6865234375 0.8720703125 0.0283203125 0.03515625