0 0.7314453125 0.37353515625 0.00390625 0.0234375
0 0.70849609375 0.26513671875 0.0068359375 0.0263671875
0 0.8896484375 0.123046875 0.0126953125 0.017578125
0 0.7939453125 0.77001953125 0.013671875 0.01953125
0 0.6181640625 0.837890625 0.0068359375 0.029296875
0 0.7890625 0.6689453125 0.0078125 0.03125
0 0.79052734375 0.69677734375 0.01171875 0.02734375
0 0.7451171875 0.12890625 0.009765625 0.029296875
0 0.8447265625 0.650390625 0.0078125 0.0390625
0 0.62255859375 0.912109375 0.01171875 0.025390625
0 0.607421875 0.89501953125 0.0087890625 0.02734375
0 0.87109375 0.3681640625 0.009765625 0.029296875
0 0.677734375 0.951171875 0.013671875 0.021484375
0 0.7451171875 0.57373046875 0.009765625 0.037109375