0 0.9365234375 0.6845703125 0.02685546875 0.03271484375
0 0.166015625 0.974609375 0.06103515625 0.05078125
0 0.79833984375 0.78759765625 0.0400390625 0.04345703125
0 0.732421875 0.849609375 0.03759765625 0.03662109375
0 0.853515625 0.896484375 0.048828125 0.05126953125
0 0.85791015625 0.84423828125 0.041015625 0.04345703125
0 0.84814453125 0.60009765625 0.0234375 0.029296875
0 0.5712890625 0.92626953125 0.037109375 0.056640625
0 0.81103515625 0.869140625 0.04296875 0.03955078125
0 0.52001953125 0.619140625 0.0283203125 0.03173828125
0 0.4287109375 0.943359375 0.0400390625 0.04541015625
0 0.9404296875 0.736328125 0.03759765625 0.03759765625
0 0.66357421875 0.642578125 0.0166015625 0.025390625
0 0.81640625 0.69482421875 0.0234375 0.0283203125
0 0.6103515625 0.74169921875 0.0341796875 0.0390625
0 0.84130859375 0.63427734375 0.03466796875 0.02734375
0 0.30078125 0.97900390625 0.05908203125 0.0419921875
0 0.5986328125 0.9853515625 0.04345703125 0.02880859375
0 0.91259765625 0.89404296875 0.041015625 0.046875
0 0.7646484375 0.59228515625 0.02978515625 0.02783203125
0 0.8837890625 0.80615234375 0.01806640625 0.03955078125
0 0.5400390625 0.7138671875 0.015625 0.037109375
0 0.802734375 0.58349609375 0.02392578125 0.029296875
0 0.9443359375 0.87744140625 0.01953125 0.048828125
0 0.8779296875 0.966796875 0.04931640625 0.05615234375
0 0.94775390625 0.609375 0.02001953125 0.0126953125
0 0.9716796875 0.603515625 0.0146484375 0.0166015625
0 0.546875 0.623046875 0.0283203125 0.02978515625
0 0.8828125 0.693359375 0.02734375 0.02880859375
0 0.92138671875 0.7314453125 0.02587890625 0.03369140625
0 0.68212890625 0.71484375 0.02197265625 0.01953125
0 0.904296875 0.6962890625 0.02880859375 0.0263671875
0 0.66748046875 0.70703125 0.02490234375 0.0185546875
0 0.83935546875 0.68896484375 0.0166015625 0.0126953125
0 0.88623046875 0.93212890625 0.0400390625 0.03564453125
0 0.91357421875 0.9912109375 0.05078125 0.01708984375
0 0.78369140625 0.57861328125 0.02734375 0.03125