0 0.77001953125 0.6162109375 0.0087890625 0.009765625
0 0.7744140625 0.62353515625 0.01171875 0.013671875
0 0.81396484375 0.6259765625 0.0087890625 0.009765625
0 0.9453125 0.65771484375 0.0087890625 0.0107421875
0 0.796875 0.62255859375 0.0078125 0.009765625
0 0.89306640625 0.6416015625 0.0078125 0.0107421875
0 0.9384765625 0.6552734375 0.0087890625 0.0107421875
0 0.87939453125 0.64794921875 0.0146484375 0.015625
0 0.92431640625 0.68603515625 0.0078125 0.01171875
0 0.908203125 0.6484375 0.01171875 0.0185546875
0 0.9677734375 0.66015625 0.0087890625 0.013671875
0 0.978515625 0.66357421875 0.0068359375 0.0126953125