0 0.787109375 0.78076171875 0.01171875 0.0302734375
0 0.8193359375 0.74853515625 0.0078125 0.02734375
0 0.556640625 0.62744140625 0.0107421875 0.025390625
0 0.92236328125 0.6181640625 0.0107421875 0.02734375
0 0.61669921875 0.634765625 0.0107421875 0.0244140625
0 0.69873046875 0.7294921875 0.009765625 0.02734375
0 0.32861328125 0.5791015625 0.0185546875 0.0224609375
0 0.68701171875 0.82177734375 0.009765625 0.02734375
0 0.7001953125 0.67578125 0.009765625 0.0302734375
0 0.94482421875 0.84423828125 0.009765625 0.03515625
0 0.86572265625 0.46435546875 0.0107421875 0.025390625
0 0.3447265625 0.376953125 0.015625 0.025390625
0 0.4912109375 0.77294921875 0.0087890625 0.0302734375
0 0.43115234375 0.4658203125 0.015625 0.021484375
0 0.97119140625 0.86376953125 0.0078125 0.0234375
0 0.73193359375 0.3486328125 0.015625 0.0205078125
0 0.79296875 0.81201171875 0.015625 0.0234375
0 0.94189453125 0.34033203125 0.0146484375 0.021484375
0 0.3876953125 0.4560546875 0.01171875 0.0283203125
0 0.5361328125 0.71484375 0.0078125 0.025390625
0 0.3349609375 0.72314453125 0.015625 0.0283203125
0 0.2490234375 0.82421875 0.0146484375 0.03125
0 0.43603515625 0.44140625 0.0107421875 0.025390625
0 0.77490234375 0.8564453125 0.0166015625 0.0224609375
0 0.5361328125 0.36962890625 0.0166015625 0.0224609375
0 0.25244140625 0.35400390625 0.0166015625 0.021484375
0 0.9423828125 0.65087890625 0.009765625 0.025390625
0 0.29931640625 0.62744140625 0.0107421875 0.025390625
0 0.76171875 0.66796875 0.01171875 0.025390625
0 0.9287109375 0.39208984375 0.015625 0.0185546875
0 0.37109375 0.38623046875 0.0107421875 0.033203125
0 0.47021484375 0.3486328125 0.015625 0.0283203125
0 0.404296875 0.65673828125 0.015625 0.0283203125
0 0.47607421875 0.41064453125 0.0107421875 0.0283203125
0 0.1962890625 0.72119140625 0.0185546875 0.0263671875
0 0.2177734375 0.49853515625 0.0107421875 0.0302734375
0 0.20654296875 0.55810546875 0.0126953125 0.0234375
0 0.7451171875 0.5556640625 0.015625 0.0185546875
0 0.36376953125 0.53564453125 0.0107421875 0.0263671875
0 0.56396484375 0.94775390625 0.01171875 0.0322265625
0 0.5205078125 0.88818359375 0.0107421875 0.0322265625
0 0.60693359375 0.6171875 0.01953125 0.0205078125
0 0.75537109375 0.47509765625 0.0078125 0.0263671875
0 0.50927734375 0.3662109375 0.0166015625 0.0244140625
0 0.541015625 0.44091796875 0.009765625 0.0283203125
0 0.7099609375 0.5771484375 0.0087890625 0.029296875
0 0.80029296875 0.74609375 0.0107421875 0.03515625
0 0.162109375 0.79052734375 0.01171875 0.0361328125
0 0.4599609375 0.79052734375 0.013671875 0.0302734375
0 0.5263671875 0.54345703125 0.0107421875 0.0302734375
0 0.73291015625 0.8173828125 0.0107421875 0.0341796875
0 0.5791015625 0.3681640625 0.0087890625 0.025390625
0 0.38134765625 0.58203125 0.009765625 0.03515625
0 0.78466796875 0.50244140625 0.01171875 0.0283203125
0 0.5478515625 0.59619140625 0.01171875 0.033203125
0 0.6630859375 0.79296875 0.0146484375 0.03125
0 0.88037109375 0.40087890625 0.0146484375 0.0263671875
0 0.5927734375 0.73876953125 0.009765625 0.033203125
0 0.68603515625 0.69287109375 0.01171875 0.0263671875
0 0.681640625 0.79345703125 0.01171875 0.033203125
0 0.72216796875 0.62548828125 0.009765625 0.0302734375
0 0.3505859375 0.60302734375 0.009765625 0.0361328125
0 0.71923828125 0.47119140625 0.0126953125 0.0302734375
0 0.486328125 0.35888671875 0.01171875 0.033203125
0 0.5703125 0.97998046875 0.0126953125 0.0341796875
0 0.63818359375 0.80615234375 0.0126953125 0.033203125
0 0.43359375 0.62646484375 0.01171875 0.0283203125
0 0.82275390625 0.78515625 0.009765625 0.037109375
0 0.72607421875 0.41259765625 0.0107421875 0.0263671875
0 0.9384765625 0.46923828125 0.0068359375 0.0263671875
0 0.68701171875 0.4208984375 0.0107421875 0.03125
0 0.5498046875 0.6806640625 0.0107421875 0.0283203125
0 0.81982421875 0.56298828125 0.0107421875 0.02734375
0 0.568359375 0.44287109375 0.01171875 0.03125
0 0.66943359375 0.45849609375 0.009765625 0.02734375
0 0.77783203125 0.43994140625 0.01171875 0.029296875
0 0.37841796875 0.67333984375 0.01171875 0.0361328125
0 0.70263671875 0.48828125 0.009765625 0.0283203125
0 0.6640625 0.6640625 0.0107421875 0.0283203125
0 0.5498046875 0.4794921875 0.0078125 0.03125
0 0.8427734375 0.42822265625 0.0087890625 0.029296875
0 0.5517578125 0.8271484375 0.009765625 0.0390625
0 0.74951171875 0.734375 0.009765625 0.033203125
0 0.68994140625 0.5107421875 0.0087890625 0.025390625
0 0.7470703125 0.78271484375 0.009765625 0.03515625
0 0.46728515625 0.9091796875 0.0107421875 0.0361328125
0 0.7626953125 0.86181640625 0.01171875 0.0361328125
0 0.79541015625 0.572265625 0.0107421875 0.02734375
0 0.7880859375 0.85400390625 0.0126953125 0.02734375
0 0.611328125 0.69580078125 0.01171875 0.0283203125
0 0.482421875 0.80712890625 0.009765625 0.03125
0 0.84033203125 0.49609375 0.0126953125 0.0234375
0 0.62353515625 0.4326171875 0.009765625 0.0244140625
0 0.884765625 0.8486328125 0.013671875 0.0322265625
0 0.66943359375 0.64208984375 0.0107421875 0.0341796875
0 0.56103515625 0.65185546875 0.01171875 0.029296875
0 0.462890625 0.65478515625 0.0087890625 0.02734375
0 0.82861328125 0.6025390625 0.009765625 0.02734375
0 0.93994140625 0.50634765625 0.0107421875 0.02734375
0 0.791015625 0.48974609375 0.0107421875 0.029296875
0 0.802734375 0.85009765625 0.013671875 0.02734375
0 0.83447265625 0.646484375 0.0107421875 0.0361328125
0 0.638671875 0.48291015625 0.0107421875 0.0244140625
0 0.93994140625 0.615234375 0.0126953125 0.0283203125
0 0.576171875 0.5 0.009765625 0.0302734375
0 0.58642578125 0.54345703125 0.0087890625 0.0302734375
0 0.984375 0.77734375 0.0126953125 0.029296875
0 0.6884765625 0.7431640625 0.0087890625 0.02734375
0 0.84814453125 0.44873046875 0.0078125 0.0302734375
0 0.93994140625 0.43603515625 0.009765625 0.0244140625
0 0.62548828125 0.84765625 0.0107421875 0.0283203125
0 0.80908203125 0.4658203125 0.01171875 0.029296875
0 0.9638671875 0.7265625 0.013671875 0.03125
0 0.720703125 0.84521484375 0.015625 0.0380859375
0 0.92822265625 0.65625 0.0107421875 0.0302734375
0 0.90185546875 0.45947265625 0.0087890625 0.029296875
0 0.95068359375 0.41943359375 0.0087890625 0.0341796875
0 0.81298828125 0.42529296875 0.0126953125 0.029296875
0 0.990234375 0.4208984375 0.0146484375 0.02734375
0 0.8876953125 0.67529296875 0.01171875 0.0341796875
0 0.90869140625 0.43994140625 0.013671875 0.025390625
0 0.5673828125 0.8955078125 0.0107421875 0.0302734375
0 0.73828125 0.4365234375 0.01171875 0.0244140625
0 0.8203125 0.51513671875 0.009765625 0.0302734375
0 0.7119140625 0.724609375 0.01171875 0.0283203125
0 0.14892578125 0.87744140625 0.013671875 0.0341796875
0 0.78173828125 0.6025390625 0.0107421875 0.03125
0 0.8369140625 0.69091796875 0.009765625 0.02734375
0 0.974609375 0.6943359375 0.0146484375 0.03125
0 0.85888671875 0.5400390625 0.01171875 0.02734375
0 0.986328125 0.548828125 0.0107421875 0.03125
0 0.8466796875 0.54736328125 0.01171875 0.03125
0 0.93701171875 0.81396484375 0.0126953125 0.0361328125
0 0.8466796875 0.6435546875 0.01171875 0.0322265625
0 0.90625 0.56201171875 0.0126953125 0.029296875
0 0.908203125 0.875 0.013671875 0.029296875
0 0.95068359375 0.59912109375 0.0087890625 0.03125
0 0.87255859375 0.609375 0.0126953125 0.029296875
0 0.77587890625 0.7578125 0.0126953125 0.033203125
0 0.982421875 0.603515625 0.013671875 0.0302734375
0 0.87939453125 0.89892578125 0.0107421875 0.0283203125
0 0.9306640625 0.57421875 0.0087890625 0.0322265625
0 0.99169921875 0.67724609375 0.0166015625 0.0244140625
0 0.9921875 0.75 0.015625 0.037109375
0 0.97509765625 0.56494140625 0.009765625 0.03125
0 0.9365234375 0.904296875 0.013671875 0.0341796875
0 0.1640625 0.8740234375 0.015625 0.0380859375
0 0.97314453125 0.65576171875 0.01171875 0.029296875
0 0.99853515625 0.6611328125 0.0029296875 0.02734375
0 0.9951171875 0.884765625 0.009765625 0.033203125
0 0.93896484375 0.57763671875 0.013671875 0.033203125
0 0.78369140625 0.7490234375 0.0126953125 0.0322265625