0 0.5478515625 0.71435546875 0.099609375 0.115234375
0 0.52197265625 0.4384765625 0.060546875 0.0712890625
0 0.607421875 0.43017578125 0.0576171875 0.072265625
0 0.76123046875 0.92724609375 0.11328125 0.1455078125
0 0.806640625 0.3505859375 0.0654296875 0.0625
0 0.8759765625 0.255859375 0.0546875 0.0546875
0 0.39306640625 0.7607421875 0.0859375 0.1123046875
0 0.1083984375 0.63330078125 0.0810546875 0.087890625
0 0.26611328125 0.388671875 0.0498046875 0.0712890625
0 0.294921875 0.39111328125 0.0556640625 0.0693359375
0 0.19775390625 0.12451171875 0.04296875 0.0478515625
0 0.35791015625 0.64501953125 0.07421875 0.1171875
0 0.42724609375 0.63720703125 0.08203125 0.0986328125
0 0.6982421875 0.50732421875 0.0537109375 0.0400390625
0 0.505859375 0.3671875 0.0576171875 0.0703125
0 0.1025390625 0.14501953125 0.0341796875 0.05078125
0 0.30908203125 0.599609375 0.0771484375 0.0869140625
0 0.888671875 0.63427734375 0.083984375 0.087890625
0 0.6064453125 0.52685546875 0.0537109375 0.037109375
0 0.375 0.30517578125 0.056640625 0.0625
0 0.57763671875 0.48681640625 0.060546875 0.0703125
0 0.15234375 0.30859375 0.048828125 0.0634765625
0 0.263671875 0.04638671875 0.078125 0.0927734375
0 0.6845703125 0.3154296875 0.0546875 0.05859375
0 0.54296875 0.24462890625 0.0537109375 0.06640625
0 0.3154296875 0.33984375 0.052734375 0.056640625
0 0.0966796875 0.2119140625 0.0537109375 0.0615234375
0 0.89794921875 0.54443359375 0.06640625 0.0966796875
0 0.32666015625 0.22314453125 0.0458984375 0.0498046875
0 0.85205078125 0.28369140625 0.0615234375 0.0556640625
0 0.70947265625 0.17236328125 0.0439453125 0.044921875
0 0.40673828125 0.35546875 0.048828125 0.046875
0 0.205078125 0.3818359375 0.0498046875 0.07421875
0 0.962890625 0.443359375 0.07421875 0.0625
0 0.9833984375 0.23193359375 0.033203125 0.0458984375
0 0.9169921875 0.19140625 0.0390625 0.0302734375
0 0.68701171875 0.27001953125 0.0498046875 0.0556640625
0 0.2470703125 0.037109375 0.0380859375 0.0400390625
0 0.64794921875 0.3720703125 0.0458984375 0.0615234375
0 0.81787109375 0.4677734375 0.0625 0.0400390625
0 0.720703125 0.32861328125 0.0517578125 0.0361328125
0 0.7939453125 0.244140625 0.0322265625 0.029296875
0 0.19775390625 0.234375 0.041015625 0.0439453125
0 0.48779296875 0.146484375 0.037109375 0.04296875
0 0.93115234375 0.4716796875 0.056640625 0.05859375
0 0.140625 0.00537109375 0.03515625 0.0107421875
0 0.75732421875 0.19970703125 0.037109375 0.0556640625
0 0.49658203125 0.19775390625 0.0224609375 0.05078125
0 0.68408203125 0.037109375 0.0322265625 0.0322265625
0 0.55712890625 0.17138671875 0.0263671875 0.0546875
0 0.453125 0.3193359375 0.03515625 0.0498046875
0 0.64306640625 0.14453125 0.052734375 0.046875
0 0.31982421875 0.17138671875 0.037109375 0.0302734375
0 0.88427734375 0.12841796875 0.0234375 0.0341796875
0 0.98046875 0.482421875 0.0390625 0.083984375
0 0.791015625 0.15478515625 0.03515625 0.046875
0 0.42578125 0.59619140625 0.0732421875 0.0654296875
0 0.2197265625 0.005859375 0.0234375 0.01171875
0 0.51904296875 0.11669921875 0.044921875 0.0498046875
0 0.7060546875 0.24609375 0.0556640625 0.056640625
0 0.380859375 0.2529296875 0.0302734375 0.060546875
0 0.88671875 0.08935546875 0.033203125 0.0380859375
0 0.67333984375 0.087890625 0.041015625 0.048828125
0 0.376953125 0.111328125 0.0400390625 0.0439453125
0 0.45263671875 0.095703125 0.0419921875 0.046875
0 0.05322265625 0.0068359375 0.0244140625 0.013671875
0 0.85107421875 0.11669921875 0.0380859375 0.04296875
0 0.45068359375 0.03857421875 0.0341796875 0.0341796875
0 0.10791015625 0.00927734375 0.0224609375 0.0185546875
0 0.83642578125 0.08447265625 0.02734375 0.03515625
0 0.83642578125 0.208984375 0.0390625 0.0263671875
0 0.8671875 0.18115234375 0.0400390625 0.029296875
0 0.62109375 0.0751953125 0.03515625 0.04296875
0 0.40234375 0.09814453125 0.029296875 0.046875
0 0.64501953125 0.17626953125 0.044921875 0.05078125
0 0.63671875 0.1044921875 0.037109375 0.041015625
0 0.7333984375 0.0361328125 0.037109375 0.0361328125
0 0.63134765625 0.04541015625 0.0341796875 0.0244140625
0 0.640625 0.080078125 0.037109375 0.0390625
0 0.79248046875 0.12255859375 0.0478515625 0.0439453125
0 0.47900390625 0.0888671875 0.037109375 0.0400390625
0 0.50830078125 0.24609375 0.0322265625 0.03125
0 0.61083984375 0.0439453125 0.0166015625 0.04296875
0 0.45361328125 0.06396484375 0.0263671875 0.0361328125
0 0.24853515625 0.01318359375 0.01171875 0.015625
0 0.3828125 0.091796875 0.0302734375 0.021484375
0 0.46435546875 0.06884765625 0.03125 0.0224609375
0 0.67578125 0.0703125 0.029296875 0.01953125
0 0.53466796875 0.1083984375 0.017578125 0.0234375
0 0.39990234375 0.08349609375 0.0185546875 0.0244140625
0 0.7216796875 0.0322265625 0.015625 0.02734375