0 0.833984375 0.80810546875 0.0205078125 0.0205078125
0 0.7255859375 0.95068359375 0.0185546875 0.0244140625
0 0.8583984375 0.89404296875 0.0205078125 0.0205078125
0 0.7998046875 0.779296875 0.0185546875 0.017578125
0 0.76904296875 0.70458984375 0.0205078125 0.0185546875
0 0.68798828125 0.95556640625 0.0283203125 0.0263671875
0 0.93017578125 0.3681640625 0.0185546875 0.0166015625
0 0.986328125 0.57958984375 0.01953125 0.0185546875
0 0.87109375 0.95068359375 0.0205078125 0.01953125
0 0.8994140625 0.5546875 0.0166015625 0.01953125
0 0.89990234375 0.80908203125 0.0185546875 0.0205078125
0 0.95556640625 0.2998046875 0.01171875 0.0146484375
0 0.931640625 0.7373046875 0.0263671875 0.021484375
0 0.77587890625 0.16845703125 0.015625 0.0166015625
0 0.51171875 0.43896484375 0.0166015625 0.0166015625
0 0.9560546875 0.6943359375 0.0166015625 0.0185546875
0 0.95703125 0.7802734375 0.017578125 0.015625
0 0.953125 0.6220703125 0.0166015625 0.017578125
0 0.60595703125 0.490234375 0.0166015625 0.017578125
0 0.9267578125 0.30322265625 0.0146484375 0.015625
0 0.77587890625 0.7841796875 0.017578125 0.01953125
0 0.7294921875 0.62744140625 0.01953125 0.01953125
0 0.7880859375 0.85009765625 0.021484375 0.01953125
0 0.7158203125 0.1953125 0.0107421875 0.013671875
0 0.8720703125 0.9697265625 0.0205078125 0.0234375
0 0.67333984375 0.59228515625 0.0166015625 0.01953125
0 0.6376953125 0.56396484375 0.017578125 0.021484375
0 0.60888671875 0.552734375 0.0185546875 0.017578125
0 0.7158203125 0.83935546875 0.01953125 0.01953125
0 0.89697265625 0.3330078125 0.015625 0.015625
0 0.67236328125 0.4111328125 0.01171875 0.0146484375
0 0.716796875 0.35009765625 0.0146484375 0.0146484375
0 0.86279296875 0.5966796875 0.017578125 0.0185546875
0 0.71728515625 0.88427734375 0.021484375 0.0185546875
0 0.8828125 0.2724609375 0.0107421875 0.0146484375
0 0.67431640625 0.9091796875 0.01953125 0.01953125
0 0.8720703125 0.572265625 0.0166015625 0.0205078125
0 0.9736328125 0.916015625 0.017578125 0.021484375
0 0.64599609375 0.73388671875 0.017578125 0.017578125
0 0.828125 0.908203125 0.01953125 0.01953125
0 0.64306640625 0.52197265625 0.015625 0.015625
0 0.8779296875 0.40966796875 0.0185546875 0.0185546875
0 0.90869140625 0.65966796875 0.015625 0.0166015625
0 0.64013671875 0.59521484375 0.017578125 0.021484375
0 0.962890625 0.39013671875 0.0146484375 0.0146484375
0 0.8359375 0.92626953125 0.021484375 0.017578125
0 0.92333984375 0.4287109375 0.013671875 0.0166015625
0 0.58642578125 0.51611328125 0.0146484375 0.0205078125
0 0.54443359375 0.4521484375 0.015625 0.0185546875
0 0.66162109375 0.48193359375 0.015625 0.015625
0 0.94580078125 0.681640625 0.0166015625 0.015625
0 0.64794921875 0.84326171875 0.021484375 0.017578125
0 0.8017578125 0.5322265625 0.017578125 0.017578125
0 0.80126953125 0.419921875 0.0166015625 0.0166015625
0 0.53076171875 0.3876953125 0.0166015625 0.01953125
0 0.87841796875 0.48291015625 0.013671875 0.017578125
0 0.7607421875 0.40478515625 0.0146484375 0.0166015625
0 0.859375 0.3603515625 0.0146484375 0.0166015625
0 0.70361328125 0.62060546875 0.0146484375 0.0146484375
0 0.90283203125 0.63818359375 0.0166015625 0.0185546875
0 0.7041015625 0.81298828125 0.017578125 0.017578125
0 0.7490234375 0.19921875 0.0126953125 0.0126953125
0 0.7373046875 0.21875 0.01171875 0.0146484375
0 0.8603515625 0.333984375 0.013671875 0.013671875
0 0.90771484375 0.7587890625 0.0185546875 0.021484375
0 0.6318359375 0.68798828125 0.017578125 0.025390625
0 0.67822265625 0.79541015625 0.0146484375 0.0166015625
0 0.6494140625 0.6259765625 0.0185546875 0.0234375
0 0.9111328125 0.28955078125 0.0126953125 0.0146484375
0 0.67041015625 0.6328125 0.015625 0.017578125
0 0.72802734375 0.71923828125 0.0205078125 0.0205078125
0 0.76953125 0.5361328125 0.017578125 0.0185546875
0 0.62744140625 0.32763671875 0.013671875 0.0146484375
0 0.90380859375 0.6181640625 0.015625 0.0185546875
0 0.72021484375 0.24560546875 0.0146484375 0.0146484375
0 0.90771484375 0.42138671875 0.0126953125 0.0166015625
0 0.7783203125 0.49072265625 0.015625 0.0166015625
0 0.7138671875 0.47119140625 0.009765625 0.017578125
0 0.77001953125 0.42333984375 0.0283203125 0.0224609375
0 0.55419921875 0.3857421875 0.0146484375 0.0244140625
0 0.85888671875 0.498046875 0.017578125 0.017578125
0 0.900390625 0.42919921875 0.0205078125 0.0224609375
0 0.73876953125 0.4912109375 0.013671875 0.0146484375
0 0.6630859375 0.451171875 0.0146484375 0.015625
0 0.6201171875 0.86767578125 0.013671875 0.0283203125
0 0.68212890625 0.54736328125 0.0146484375 0.017578125
0 0.8994140625 0.23779296875 0.0107421875 0.0166015625
0 0.74658203125 0.2822265625 0.0166015625 0.017578125
0 0.93408203125 0.849609375 0.013671875 0.017578125
0 0.79150390625 0.26953125 0.0126953125 0.0146484375
0 0.59912109375 0.4130859375 0.0126953125 0.0107421875
0 0.6044921875 0.279296875 0.0146484375 0.0166015625
0 0.6962890625 0.52734375 0.0126953125 0.0146484375
0 0.68798828125 0.1884765625 0.0205078125 0.01953125
0 0.99853515625 0.6015625 0.0029296875 0.015625
0 0.62744140625 0.61083984375 0.01953125 0.0205078125
0 0.84130859375 0.3232421875 0.0126953125 0.0146484375
0 0.6962890625 0.8828125 0.0185546875 0.017578125
0 0.6669921875 0.55908203125 0.0185546875 0.0205078125
0 0.8291015625 0.35205078125 0.0205078125 0.0185546875
0 0.76318359375 0.18310546875 0.0126953125 0.013671875
0 0.75341796875 0.3310546875 0.013671875 0.0146484375
0 0.79345703125 0.20947265625 0.0126953125 0.0166015625
0 0.810546875 0.49658203125 0.015625 0.015625
0 0.66845703125 0.85400390625 0.017578125 0.02734375
0 0.71484375 0.31103515625 0.013671875 0.015625
0 0.83935546875 0.4111328125 0.0126953125 0.0126953125
0 0.83349609375 0.51416015625 0.015625 0.017578125
0 0.83349609375 0.474609375 0.0107421875 0.0146484375
0 0.8447265625 0.2724609375 0.01171875 0.01171875
0 0.80078125 0.3466796875 0.0107421875 0.015625
0 0.70361328125 0.310546875 0.0126953125 0.0166015625
0 0.52734375 0.73193359375 0.01171875 0.0244140625
0 0.82861328125 0.60546875 0.0146484375 0.0146484375
0 0.72509765625 0.65234375 0.015625 0.015625
0 0.82421875 0.578125 0.0126953125 0.0166015625
0 0.71923828125 0.40234375 0.0107421875 0.01171875
0 0.82568359375 0.5068359375 0.015625 0.013671875
0 0.7841796875 0.4638671875 0.0126953125 0.0146484375
0 0.80908203125 0.5439453125 0.0126953125 0.0166015625
0 0.71923828125 0.521484375 0.0126953125 0.013671875
0 0.77587890625 0.2041015625 0.009765625 0.01171875
0 0.94287109375 0.81201171875 0.0146484375 0.0185546875
0 0.8515625 0.22802734375 0.01171875 0.0126953125
0 0.68408203125 0.8251953125 0.0166015625 0.017578125
0 0.81494140625 0.22998046875 0.009765625 0.0107421875
0 0.55859375 0.46435546875 0.0126953125 0.0166015625
0 0.89599609375 0.44775390625 0.0107421875 0.01171875
0 0.6279296875 0.30322265625 0.0087890625 0.015625
0 0.9296875 0.7626953125 0.0146484375 0.017578125
0 0.91943359375 0.77392578125 0.0126953125 0.0146484375
0 0.58447265625 0.3193359375 0.01953125 0.0224609375
0 0.87939453125 0.3671875 0.0126953125 0.0166015625
0 0.814453125 0.3095703125 0.0146484375 0.013671875
0 0.66796875 0.3232421875 0.009765625 0.0166015625
0 0.65771484375 0.65185546875 0.0166015625 0.0234375
0 0.80078125 0.3271484375 0.01171875 0.013671875
0 0.77099609375 0.62939453125 0.0166015625 0.01953125
0 0.58740234375 0.67578125 0.0107421875 0.0234375
0 0.92578125 0.275390625 0.01171875 0.0126953125
0 0.740234375 0.33154296875 0.0107421875 0.013671875
0 0.572265625 0.46826171875 0.0146484375 0.0146484375
0 0.662109375 0.2421875 0.0078125 0.013671875
0 0.76611328125 0.24462890625 0.01171875 0.0146484375
0 0.7744140625 0.61669921875 0.01171875 0.0146484375
0 0.55859375 0.51953125 0.0087890625 0.021484375
0 0.8369140625 0.2890625 0.013671875 0.0166015625
0 0.73046875 0.23779296875 0.0107421875 0.0126953125
0 0.767578125 0.30712890625 0.01171875 0.0126953125
0 0.66650390625 0.33251953125 0.017578125 0.0185546875
0 0.74609375 0.31103515625 0.01171875 0.013671875
0 0.84228515625 0.3017578125 0.01171875 0.013671875
0 0.67919921875 0.67529296875 0.017578125 0.0234375
0 0.7373046875 0.90869140625 0.009765625 0.03125
0 0.7470703125 0.36279296875 0.0087890625 0.017578125
0 0.66259765625 0.51171875 0.013671875 0.0126953125
0 0.99560546875 0.8505859375 0.0087890625 0.025390625
0 0.59814453125 0.31494140625 0.0224609375 0.0263671875
0 0.654296875 0.64892578125 0.0078125 0.0146484375
0 0.7841796875 0.2890625 0.0166015625 0.025390625
0 0.7685546875 0.21630859375 0.0107421875 0.0146484375
0 0.4677734375 0.49755859375 0.0087890625 0.0107421875
0 0.82568359375 0.28857421875 0.0107421875 0.01171875