0 0.08984375 0.2880859375 0.0107421875 0.0263671875
0 0.09912109375 0.30078125 0.0126953125 0.02490234375
0 0.044921875 0.4765625 0.01416015625 0.01416015625
0 0.11181640625 0.52197265625 0.013671875 0.017578125
0 0.0859375 0.3662109375 0.01513671875 0.0166015625
0 0.09228515625 0.59716796875 0.013671875 0.02587890625
0 0.19970703125 0.83349609375 0.01220703125 0.02294921875
0 0.26904296875 0.6728515625 0.009765625 0.02685546875
0 0.11328125 0.3837890625 0.015625 0.02392578125
0 0.1982421875 0.78271484375 0.013671875 0.0146484375
0 0.130859375 0.5888671875 0.01611328125 0.01708984375
0 0.068359375 0.19384765625 0.0166015625 0.0185546875
0 0.04052734375 0.22412109375 0.00927734375 0.02734375
0 0.41943359375 0.87451171875 0.0087890625 0.025390625
0 0.2802734375 0.95654296875 0.01611328125 0.013671875
0 0.1953125 0.76513671875 0.01416015625 0.017578125
0 0.32373046875 0.755859375 0.0146484375 0.02734375
0 0.11376953125 0.4326171875 0.013671875 0.02392578125
0 0.11083984375 0.58642578125 0.0126953125 0.01806640625
0 0.09912109375 0.63623046875 0.0126953125 0.02392578125
0 0.21826171875 0.5986328125 0.01416015625 0.0224609375
0 0.25537109375 0.98779296875 0.01220703125 0.0244140625
0 0.12060546875 0.576171875 0.013671875 0.01611328125