0 0.92822265625 0.7001953125 0.056640625 0.0537109375
0 0.11279296875 0.74267578125 0.0341796875 0.0390625
0 0.63720703125 0.52294921875 0.03125 0.0234375
0 0.94921875 0.47021484375 0.029296875 0.0439453125
0 0.294921875 0.2333984375 0.0234375 0.03125
0 0.0361328125 0.4453125 0.01953125 0.046875
0 0.1123046875 0.375 0.0244140625 0.044921875
0 0.52197265625 0.7099609375 0.0517578125 0.05859375
0 0.05908203125 0.478515625 0.0166015625 0.0537109375
0 0.72314453125 0.583984375 0.044921875 0.0419921875
0 0.51611328125 0.63720703125 0.03125 0.05859375
0 0.27490234375 0.29052734375 0.0185546875 0.0361328125
0 0.525390625 0.32763671875 0.0341796875 0.0390625
0 0.1494140625 0.515625 0.0302734375 0.048828125
0 0.435546875 0.490234375 0.0341796875 0.0576171875
0 0.19580078125 0.63720703125 0.037109375 0.0693359375
0 0.11328125 0.84765625 0.0361328125 0.0703125
0 0.4091796875 0.365234375 0.03515625 0.037109375
0 0.81689453125 0.35400390625 0.033203125 0.03515625
0 0.23974609375 0.54931640625 0.0380859375 0.025390625
0 0.96435546875 0.34716796875 0.033203125 0.0380859375
0 0.78173828125 0.5185546875 0.03515625 0.0498046875
0 0.21630859375 0.5263671875 0.0302734375 0.044921875
0 0.388671875 0.32470703125 0.03125 0.0361328125
0 0.146484375 0.4619140625 0.0361328125 0.0419921875
0 0.20654296875 0.5830078125 0.0341796875 0.02734375
0 0.724609375 0.607421875 0.029296875 0.0556640625
0 0.15087890625 0.6376953125 0.0361328125 0.029296875
0 0.44580078125 0.45556640625 0.033203125 0.0439453125
0 0.33935546875 0.89892578125 0.0322265625 0.08984375
0 0.8603515625 0.541015625 0.044921875 0.0478515625
0 0.68115234375 0.3134765625 0.03125 0.0341796875
0 0.33642578125 0.443359375 0.029296875 0.0419921875
0 0.86962890625 0.2744140625 0.0166015625 0.037109375
0 0.833984375 0.47412109375 0.0458984375 0.048828125
0 0.34375 0.3310546875 0.01171875 0.03515625
0 0.6884765625 0.53759765625 0.0380859375 0.0478515625
0 0.5595703125 0.6201171875 0.0556640625 0.0693359375
0 0.82568359375 0.51806640625 0.04296875 0.05078125
0 0.0302734375 0.4990234375 0.0185546875 0.029296875
0 0.4970703125 0.26904296875 0.021484375 0.0322265625
0 0.94287109375 0.24755859375 0.0283203125 0.037109375
0 0.56005859375 0.3544921875 0.0341796875 0.0341796875
0 0.1259765625 0.53564453125 0.0185546875 0.060546875
0 0.85400390625 0.66357421875 0.05859375 0.0634765625
0 0.91796875 0.43408203125 0.0361328125 0.0390625
0 0.34814453125 0.46875 0.03515625 0.0439453125
0 0.669921875 0.6396484375 0.048828125 0.05078125
0 0.02880859375 0.5712890625 0.0302734375 0.05859375
0 0.17578125 0.7763671875 0.0302734375 0.041015625
0 0.58154296875 0.521484375 0.048828125 0.0478515625
0 0.69775390625 0.40478515625 0.0380859375 0.0458984375
0 0.1728515625 0.3349609375 0.01171875 0.03125
0 0.65576171875 0.29296875 0.015625 0.03515625
0 0.37646484375 0.4208984375 0.0224609375 0.04296875
0 0.21240234375 0.31884765625 0.025390625 0.037109375
0 0.45556640625 0.91259765625 0.0322265625 0.0859375
0 0.69140625 0.67041015625 0.0537109375 0.0732421875
0 0.72900390625 0.26904296875 0.033203125 0.0341796875
0 0.3720703125 0.46533203125 0.03125 0.05078125
0 0.2216796875 0.734375 0.04296875 0.07421875
0 0.63720703125 0.41357421875 0.0205078125 0.03515625
0 0.51904296875 0.27880859375 0.0234375 0.0380859375
0 0.970703125 0.296875 0.0185546875 0.0390625
0 0.708984375 0.24853515625 0.02734375 0.0341796875
0 0.44677734375 0.2919921875 0.0205078125 0.03515625
0 0.44091796875 0.2421875 0.029296875 0.0302734375
0 0.16748046875 0.58447265625 0.0380859375 0.0576171875
0 0.81787109375 0.24853515625 0.0234375 0.0322265625
0 0.5830078125 0.34033203125 0.0341796875 0.0419921875
0 0.47021484375 0.24658203125 0.0234375 0.0322265625
0 0.3779296875 0.5927734375 0.0234375 0.064453125
0 0.62158203125 0.3095703125 0.0234375 0.0361328125
0 0.986328125 0.2900390625 0.0205078125 0.02734375
0 0.60595703125 0.2880859375 0.029296875 0.0322265625
0 0.79931640625 0.255859375 0.0302734375 0.03125
0 0.80615234375 0.47900390625 0.0380859375 0.03515625
0 0.6376953125 0.330078125 0.0341796875 0.037109375
0 0.95947265625 0.97216796875 0.0419921875 0.0390625
0 0.017578125 0.53955078125 0.03515625 0.044921875
0 0.63623046875 0.25244140625 0.0302734375 0.037109375
0 0.423828125 0.60693359375 0.025390625 0.05859375
0 0.11376953125 0.43701171875 0.0439453125 0.0498046875
0 0.4482421875 0.2666015625 0.0234375 0.0302734375
0 0.5732421875 0.318359375 0.0224609375 0.0302734375
0 0.42919921875 0.28466796875 0.013671875 0.033203125
0 0.42041015625 0.2646484375 0.0166015625 0.0361328125
0 0.65087890625 0.2353515625 0.025390625 0.033203125
0 0.138671875 0.68212890625 0.025390625 0.0771484375
0 0.8623046875 0.421875 0.0205078125 0.0390625
0 0.23828125 0.359375 0.015625 0.03515625
0 0.4638671875 0.34033203125 0.0224609375 0.044921875
0 0.2255859375 0.3115234375 0.0263671875 0.0390625
0 0.0029296875 0.40771484375 0.005859375 0.0400390625
0 0.181640625 0.75 0.0205078125 0.02734375