0 0.224609375 0.32958984375 0.00927734375 0.01220703125
0 0.19287109375 0.27734375 0.00927734375 0.015625
0 0.17529296875 0.31494140625 0.005859375 0.0146484375
0 0.1875 0.40771484375 0.00830078125 0.01220703125
0 0.25341796875 0.31005859375 0.00537109375 0.01025390625
0 0.2646484375 0.333984375 0.0048828125 0.00927734375
0 0.17529296875 0.361328125 0.005859375 0.01318359375
0 0.2578125 0.359375 0.00634765625 0.01318359375
0 0.1337890625 0.36376953125 0.0048828125 0.01416015625
0 0.22412109375 0.37890625 0.00439453125 0.013671875
0 0.22216796875 0.298828125 0.00830078125 0.01806640625
0 0.19921875 0.3583984375 0.00439453125 0.0107421875
0 0.18701171875 0.306640625 0.0078125 0.0146484375
0 0.1630859375 0.31884765625 0.005859375 0.009765625
0 0.150390625 0.31005859375 0.00634765625 0.0185546875
0 0.24462890625 0.345703125 0.00634765625 0.01171875
0 0.25439453125 0.3740234375 0.0048828125 0.01171875
0 0.23876953125 0.2822265625 0.00537109375 0.01416015625
0 0.19775390625 0.38671875 0.00439453125 0.009765625
0 0.15869140625 0.3388671875 0.0048828125 0.00927734375
0 0.2001953125 0.30224609375 0.01220703125 0.01708984375
0 0.1494140625 0.39892578125 0.00830078125 0.01025390625
0 0.18603515625 0.4267578125 0.0048828125 0.01123046875
0 0.197265625 0.33203125 0.00439453125 0.01171875
0 0.16064453125 0.2939453125 0.00439453125 0.00927734375
0 0.19677734375 0.294921875 0.0087890625 0.013671875
0 0.2578125 0.32958984375 0.0068359375 0.01611328125
0 0.05517578125 0.57275390625 0.005859375 0.0107421875
0 0.14404296875 0.4375 0.009765625 0.01416015625
0 0.1533203125 0.36376953125 0.00732421875 0.0126953125
0 0.26220703125 0.2880859375 0.00927734375 0.0146484375
0 0.21337890625 0.35205078125 0.00439453125 0.01171875
0 0.056640625 0.49951171875 0.0048828125 0.01220703125
0 0.0869140625 0.625 0.0068359375 0.01513671875
0 0.212890625 0.32470703125 0.00341796875 0.01611328125
0 0.13525390625 0.31787109375 0.00537109375 0.0107421875
0 0.1591796875 0.375 0.0048828125 0.0166015625
0 0.16552734375 0.36376953125 0.00439453125 0.009765625
0 0.02490234375 0.50537109375 0.00732421875 0.0107421875
0 0.18212890625 0.3427734375 0.00439453125 0.01708984375
0 0.14404296875 0.3515625 0.005859375 0.00927734375
0 0.1767578125 0.2763671875 0.01025390625 0.015625
0 0.234375 0.37060546875 0.00439453125 0.01220703125
0 0.1328125 0.33837890625 0.0068359375 0.009765625
0 0.134765625 0.4375 0.005859375 0.01611328125
0 0.1728515625 0.416015625 0.00390625 0.01123046875
0 0.24072265625 0.32861328125 0.009765625 0.01318359375
0 0.16455078125 0.408203125 0.00390625 0.0107421875
0 0.19189453125 0.2607421875 0.00732421875 0.0107421875
0 0.16357421875 0.2666015625 0.0078125 0.0087890625
0 0.23974609375 0.3017578125 0.005859375 0.0087890625
0 0.068359375 0.71484375 0.0078125 0.01513671875
0 0.2744140625 0.31201171875 0.0068359375 0.01025390625
0 0.09326171875 0.41796875 0.00830078125 0.01318359375
0 0.16845703125 0.33642578125 0.00537109375 0.0107421875
0 0.23779296875 0.3486328125 0.0068359375 0.01513671875
0 0.234375 0.29443359375 0.00927734375 0.01171875
0 0.18408203125 0.27978515625 0.0107421875 0.01220703125
0 0.0966796875 0.39404296875 0.005859375 0.0126953125
0 0.03857421875 0.4794921875 0.00439453125 0.0107421875
0 0.0458984375 0.48095703125 0.005859375 0.01171875
0 0.09619140625 0.51806640625 0.00537109375 0.00927734375
0 0.14208984375 0.265625 0.00537109375 0.0087890625
0 0.17529296875 0.36767578125 0.02099609375 0.03173828125
0 0.29150390625 0.29296875 0.01806640625 0.01806640625
0 0.11279296875 0.4296875 0.00830078125 0.0107421875
0 0.0927734375 0.54443359375 0.0068359375 0.01123046875
0 0.083984375 0.568359375 0.0048828125 0.009765625
0 0.07275390625 0.57373046875 0.01025390625 0.02587890625
0 0.17626953125 0.2568359375 0.00732421875 0.01171875
0 0.2724609375 0.28466796875 0.0126953125 0.0166015625
0 0.060546875 0.67529296875 0.009765625 0.01123046875
0 0.01318359375 0.57958984375 0.005859375 0.01318359375
0 0.20361328125 0.27685546875 0.02392578125 0.0205078125
0 0.0673828125 0.6630859375 0.00830078125 0.01220703125
0 0.27734375 0.302734375 0.01513671875 0.021484375
0 0.10693359375 0.62890625 0.0048828125 0.01611328125
0 0.1875 0.41796875 0.009765625 0.0166015625
0 0.0537109375 0.4609375 0.01513671875 0.0205078125
0 0.1162109375 0.68994140625 0.0068359375 0.01318359375
0 0.07275390625 0.7548828125 0.00537109375 0.015625
0 0.2275390625 0.28076171875 0.00830078125 0.013671875
0 0.404296875 0.2919921875 0.0078125 0.01123046875
0 0.158203125 0.421875 0.00830078125 0.013671875
0 0.32373046875 0.27734375 0.01806640625 0.01708984375
0 0.28662109375 0.2822265625 0.01806640625 0.02294921875
0 0.04248046875 0.49609375 0.0078125 0.0126953125
0 0.28466796875 0.271484375 0.0048828125 0.01123046875
0 0.00634765625 0.8916015625 0.0126953125 0.01611328125
0 0.0458984375 0.462890625 0.0087890625 0.015625
0 0.1181640625 0.615234375 0.0068359375 0.01513671875
0 0.36279296875 0.29345703125 0.005859375 0.01025390625
0 0.162109375 0.25341796875 0.00634765625 0.015625
0 0.24755859375 0.29931640625 0.00634765625 0.0107421875
0 0.2412109375 0.2783203125 0.0048828125 0.013671875
0 0.33447265625 0.279296875 0.02001953125 0.0166015625
0 0.2333984375 0.345703125 0.0078125 0.017578125
0 0.43408203125 0.2939453125 0.0107421875 0.0146484375
0 0.07666015625 0.24609375 0.00634765625 0.009765625
0 0.0126953125 0.2275390625 0.0087890625 0.0087890625
0 0.05517578125 0.58056640625 0.0068359375 0.01513671875
0 0.09521484375 0.23828125 0.0068359375 0.01025390625
0 0.1015625 0.26416015625 0.005859375 0.009765625
0 0.5625 0.318359375 0.00537109375 0.009765625
0 0.31103515625 0.98779296875 0.00732421875 0.01318359375
0 0.3994140625 0.30615234375 0.00439453125 0.00830078125
0 0.2568359375 0.99462890625 0.0166015625 0.0087890625
0 0.513671875 0.31298828125 0.0302734375 0.0361328125
0 0.3134765625 0.341796875 0.0048828125 0.0087890625
0 0.2509765625 0.2861328125 0.01025390625 0.01171875