0 0.0439453125 0.634765625 0.01513671875 0.033203125
0 0.2265625 0.55517578125 0.013671875 0.0341796875
0 0.15771484375 0.43212890625 0.01171875 0.04150390625
0 0.08740234375 0.3212890625 0.0234375 0.03515625
0 0.353515625 0.6865234375 0.0205078125 0.04052734375
0 0.16455078125 0.83203125 0.0166015625 0.02294921875
0 0.05322265625 0.57763671875 0.0205078125 0.021484375
0 0.0498046875 0.55859375 0.02197265625 0.0224609375
0 0.73046875 0.990234375 0.0244140625 0.01953125
0 0.7529296875 0.99658203125 0.01416015625 0.0068359375
0 0.03515625 0.59375 0.0234375 0.0390625
0 0.13525390625 0.9619140625 0.0126953125 0.02587890625
0 0.52587890625 0.9892578125 0.02294921875 0.021484375
0 0.720703125 0.99560546875 0.00537109375 0.0087890625
0 0.04296875 0.55712890625 0.0078125 0.0126953125