0 0.55859375 0.4931640625 0.00732421875 0.02490234375
0 0.6435546875 0.494140625 0.00927734375 0.02294921875
0 0.7099609375 0.435546875 0.0087890625 0.0263671875
0 0.54443359375 0.6435546875 0.00732421875 0.0322265625
0 0.6494140625 0.46142578125 0.01123046875 0.0224609375
0 0.8984375 0.65673828125 0.0087890625 0.01953125
0 0.775390625 0.7265625 0.009765625 0.02197265625
0 0.703125 0.849609375 0.0068359375 0.02001953125
0 0.9658203125 0.9755859375 0.00634765625 0.02685546875
0 0.6953125 0.4970703125 0.0087890625 0.02734375
0 0.8037109375 0.75146484375 0.00732421875 0.0244140625