0 0.72216796875 0.16259765625 0.0224609375 0.0302734375
0 0.75390625 0.7490234375 0.02734375 0.029296875
0 0.83447265625 0.38916015625 0.025390625 0.025390625
0 0.796875 0.7431640625 0.0341796875 0.03515625
0 0.87890625 0.38037109375 0.029296875 0.033203125
0 0.705078125 0.87255859375 0.0302734375 0.0322265625
0 0.69384765625 0.46240234375 0.0283203125 0.0419921875
0 0.75732421875 0.927734375 0.0390625 0.037109375
0 0.9345703125 0.70947265625 0.029296875 0.0322265625
0 0.84326171875 0.2978515625 0.0283203125 0.0302734375
0 0.8779296875 0.71923828125 0.03125 0.0400390625
0 0.86328125 0.3388671875 0.02734375 0.0322265625
0 0.90869140625 0.71533203125 0.02734375 0.0283203125
0 0.85107421875 0.73974609375 0.0322265625 0.041015625
0 0.91650390625 0.30810546875 0.02734375 0.0341796875
0 0.748046875 0.08251953125 0.01953125 0.029296875
0 0.88232421875 0.22998046875 0.02734375 0.0302734375
0 0.75634765625 0.21044921875 0.0234375 0.044921875
0 0.92041015625 0.18798828125 0.029296875 0.0322265625
0 0.744140625 0.193359375 0.0205078125 0.0419921875
0 0.91357421875 0.654296875 0.0302734375 0.0341796875
0 0.83251953125 0.51513671875 0.0322265625 0.0341796875
0 0.93212890625 0.60888671875 0.0322265625 0.033203125
0 0.689453125 0.9658203125 0.03515625 0.0361328125
0 0.83740234375 0.61328125 0.03125 0.0263671875
0 0.8544921875 0.7060546875 0.03515625 0.0390625
0 0.8134765625 0.560546875 0.033203125 0.041015625
0 0.9873046875 0.47119140625 0.025390625 0.0302734375
0 0.94482421875 0.146484375 0.0263671875 0.0283203125
0 0.828125 0.63037109375 0.0341796875 0.0419921875
0 0.94287109375 0.5244140625 0.033203125 0.0322265625
0 0.87451171875 0.994140625 0.0224609375 0.01171875
0 0.8876953125 0.1025390625 0.02734375 0.033203125
0 0.87548828125 0.8837890625 0.0361328125 0.0390625
0 0.99365234375 0.16650390625 0.0126953125 0.0322265625
0 0.8544921875 0.25048828125 0.0283203125 0.03125
0 0.9560546875 0.68798828125 0.0263671875 0.0283203125
0 0.90771484375 0.158203125 0.0263671875 0.03125
0 0.89111328125 0.59912109375 0.033203125 0.03125
0 0.921875 0.55859375 0.03125 0.037109375
0 0.97900390625 0.255859375 0.0302734375 0.0283203125
0 0.9921875 0.2490234375 0.015625 0.033203125
0 0.9462890625 0.49267578125 0.0302734375 0.0283203125
0 0.89404296875 0.29541015625 0.029296875 0.0322265625
0 0.91357421875 0.48388671875 0.033203125 0.033203125
0 0.9443359375 0.12353515625 0.02734375 0.02734375
0 0.95361328125 0.1845703125 0.0302734375 0.03125
0 0.92724609375 0.54345703125 0.025390625 0.029296875
0 0.99560546875 0.205078125 0.0087890625 0.03515625
0 0.96533203125 0.1171875 0.025390625 0.0244140625
0 0.82958984375 0.53759765625 0.025390625 0.041015625
0 0.90087890625 0.673828125 0.0322265625 0.0302734375
0 0.8115234375 0.681640625 0.0341796875 0.033203125
0 0.84326171875 0.4951171875 0.03125 0.0322265625
0 0.90478515625 0.537109375 0.0322265625 0.03515625
0 0.98046875 0.22802734375 0.02734375 0.03515625
0 0.982421875 0.19580078125 0.021484375 0.033203125
0 0.9326171875 0.1083984375 0.0283203125 0.0244140625
0 0.626953125 0.8408203125 0.0302734375 0.0498046875
0 0.63818359375 0.845703125 0.0263671875 0.05078125
0 0.99072265625 0.19921875 0.0185546875 0.033203125