0 0.72998046875 0.380859375 0.037109375 0.0400390625
0 0.669921875 0.50146484375 0.0283203125 0.0576171875
0 0.68896484375 0.4921875 0.029296875 0.0556640625
0 0.61962890625 0.6572265625 0.0390625 0.06494140625
0 0.673828125 0.6474609375 0.0283203125 0.0634765625
0 0.64990234375 0.49658203125 0.01953125 0.0556640625
0 0.58349609375 0.318359375 0.0380859375 0.03857421875
0 0.1259765625 0.55908203125 0.05029296875 0.04931640625
0 0.25 0.5322265625 0.04345703125 0.041015625
0 0.861328125 0.67626953125 0.0498046875 0.064453125
0 0.6083984375 0.62548828125 0.04052734375 0.05419921875
0 0.5556640625 0.3125 0.03173828125 0.04248046875
0 0.87353515625 0.51171875 0.03369140625 0.04150390625
0 0.6884765625 0.6279296875 0.03857421875 0.05859375
0 0.7353515625 0.51904296875 0.02294921875 0.0556640625
0 0.9287109375 0.22412109375 0.02587890625 0.0380859375
0 0.83349609375 0.35986328125 0.0361328125 0.03955078125
0 0.63330078125 0.19482421875 0.029296875 0.03564453125
0 0.72412109375 0.458984375 0.0458984375 0.04541015625
0 0.93359375 0.50537109375 0.04150390625 0.05078125
0 0.04541015625 0.5546875 0.03076171875 0.03857421875
0 0.64013671875 0.3623046875 0.03271484375 0.0478515625
0 0.6123046875 0.1845703125 0.0244140625 0.033203125
0 0.08642578125 0.568359375 0.03955078125 0.0546875
0 0.4853515625 0.48583984375 0.0458984375 0.05126953125
0 0.048828125 0.66845703125 0.06103515625 0.0537109375
0 0.84716796875 0.197265625 0.01953125 0.03564453125
0 0.6806640625 0.857421875 0.0439453125 0.07568359375
0 0.83203125 0.4228515625 0.0361328125 0.0439453125
0 0.6943359375 0.30810546875 0.0341796875 0.03759765625
0 0.7255859375 0.69091796875 0.05224609375 0.06787109375
0 0.607421875 0.26953125 0.02490234375 0.0400390625
0 0.98388671875 0.71826171875 0.0322265625 0.06005859375
0 0.8564453125 0.8486328125 0.06103515625 0.06201171875
0 0.84912109375 0.466796875 0.02783203125 0.0322265625
0 0.44775390625 0.21240234375 0.037109375 0.03759765625
0 0.95361328125 0.150390625 0.0283203125 0.033203125
0 0.48583984375 0.234375 0.02294921875 0.03662109375
0 0.845703125 0.16259765625 0.03076171875 0.03515625
0 0.88916015625 0.1826171875 0.0166015625 0.03515625
0 0.30224609375 0.57958984375 0.05224609375 0.0576171875
0 0.44189453125 0.41552734375 0.03515625 0.0390625
0 0.5361328125 0.26953125 0.02099609375 0.04443359375
0 0.88671875 0.548828125 0.0302734375 0.0517578125
0 0.78076171875 0.8984375 0.0322265625 0.07958984375
0 0.90185546875 0.1591796875 0.0146484375 0.0322265625
0 0.58251953125 0.703125 0.0390625 0.064453125
0 0.1748046875 0.72412109375 0.03564453125 0.07373046875
0 0.94873046875 0.70849609375 0.041015625 0.03759765625
0 0.55224609375 0.24169921875 0.03662109375 0.03662109375
0 0.87548828125 0.3818359375 0.02197265625 0.05078125
0 0.771484375 0.8017578125 0.02880859375 0.09130859375
0 0.76318359375 0.287109375 0.02685546875 0.0439453125
0 0.650390625 0.880859375 0.0458984375 0.08056640625
0 0.03662109375 0.5869140625 0.04736328125 0.05078125
0 0.98681640625 0.341796875 0.0166015625 0.04248046875
0 0.4853515625 0.6669921875 0.0537109375 0.06396484375
0 0.80517578125 0.470703125 0.04443359375 0.04833984375
0 0.90380859375 0.4326171875 0.02978515625 0.037109375
0 0.88134765625 0.318359375 0.029296875 0.02392578125
0 0.93798828125 0.2626953125 0.03466796875 0.0419921875
0 0.9033203125 0.57763671875 0.03125 0.0283203125
0 0.63720703125 0.435546875 0.03759765625 0.0439453125
0 0.78564453125 0.1767578125 0.03173828125 0.03271484375
0 0.20458984375 0.94873046875 0.060546875 0.0654296875
0 0.896484375 0.92333984375 0.041015625 0.06982421875
0 0.8154296875 0.1806640625 0.01513671875 0.03173828125
0 0.98779296875 0.56103515625 0.0244140625 0.0263671875
0 0.90087890625 0.65087890625 0.056640625 0.05224609375
0 0.984375 0.45947265625 0.03125 0.04296875
0 0.65234375 0.24951171875 0.015625 0.0185546875
0 0.54150390625 0.36962890625 0.01611328125 0.01904296875
0 0.6474609375 0.990234375 0.04296875 0.01708984375
0 0.6494140625 0.474609375 0.015625 0.01708984375