0 0.46826171875 0.26904296875 0.0419921875 0.0390625
0 0.353515625 0.2841796875 0.0400390625 0.0244140625
0 0.66796875 0.474609375 0.0576171875 0.0634765625
0 0.5185546875 0.36865234375 0.0546875 0.052734375
0 0.4013671875 0.25341796875 0.04296875 0.04296875
0 0.95068359375 0.27685546875 0.0419921875 0.0537109375
0 0.76220703125 0.30908203125 0.0390625 0.033203125
0 0.03564453125 0.3173828125 0.0517578125 0.041015625
0 0.92724609375 0.15234375 0.0361328125 0.0361328125
0 0.7353515625 0.3544921875 0.044921875 0.05078125
0 0.1171875 0.20556640625 0.0390625 0.0390625
0 0.5966796875 0.2939453125 0.044921875 0.05078125
0 0.4443359375 0.203125 0.037109375 0.041015625
0 0.4169921875 0.40185546875 0.0556640625 0.068359375
0 0.10498046875 0.0810546875 0.0244140625 0.0166015625
0 0.02001953125 0.1611328125 0.0302734375 0.037109375
0 0.205078125 0.88037109375 0.09765625 0.10546875
0 0.3427734375 0.1748046875 0.02734375 0.041015625
0 0.4091796875 0.07177734375 0.029296875 0.033203125
0 0.14208984375 0.31298828125 0.044921875 0.046875
0 0.6484375 0.28515625 0.044921875 0.05078125
0 0.5625 0.24658203125 0.0263671875 0.025390625
0 0.990234375 0.0830078125 0.01953125 0.037109375
0 0.46484375 0.3623046875 0.046875 0.0498046875
0 0.80859375 0.173828125 0.029296875 0.037109375
0 0.01904296875 0.2021484375 0.0380859375 0.03125
0 0.2998046875 0.244140625 0.0380859375 0.052734375
0 0.8857421875 0.046875 0.021484375 0.0185546875
0 0.25048828125 0.22607421875 0.041015625 0.05078125
0 0.85009765625 0.650390625 0.076171875 0.083984375
0 0.87841796875 0.0888671875 0.029296875 0.033203125
0 0.3623046875 0.09228515625 0.02734375 0.0283203125
0 0.73388671875 0.3046875 0.041015625 0.05078125
0 0.94384765625 0.03662109375 0.025390625 0.033203125
0 0.283203125 0.2265625 0.033203125 0.0458984375
0 0.69384765625 0.23583984375 0.02734375 0.021484375
0 0.033203125 0.537109375 0.064453125 0.064453125
0 0.341796875 0.03955078125 0.025390625 0.02734375
0 0.2919921875 0.16259765625 0.033203125 0.0390625
0 0.638671875 0.12109375 0.0205078125 0.0146484375
0 0.068359375 0.126953125 0.025390625 0.03515625
0 0.07080078125 0.2861328125 0.0390625 0.041015625
0 0.78662109375 0.146484375 0.029296875 0.04296875
0 0.66015625 0.2626953125 0.033203125 0.0205078125
0 0.07568359375 0.75146484375 0.080078125 0.0986328125
0 0.90234375 0.9140625 0.05078125 0.123046875
0 0.5126953125 0.1708984375 0.025390625 0.041015625
0 0.4326171875 0.61279296875 0.0654296875 0.078125
0 0.17333984375 0.146484375 0.03515625 0.0361328125
0 0.33447265625 0.01220703125 0.021484375 0.0224609375
0 0.740234375 0.16357421875 0.037109375 0.0390625
0 0.22119140625 0.13134765625 0.0302734375 0.033203125
0 0.671875 0.20263671875 0.02734375 0.046875
0 0.6875 0.12646484375 0.021484375 0.015625
0 0.38916015625 0.04248046875 0.021484375 0.0302734375
0 0.2626953125 0.07080078125 0.033203125 0.0361328125
0 0.412109375 0.02587890625 0.02734375 0.025390625
0 0.94140625 0.013671875 0.017578125 0.025390625
0 0.85791015625 0.37060546875 0.03515625 0.048828125
0 0.560546875 0.0712890625 0.02734375 0.029296875
0 0.90185546875 0.26953125 0.0244140625 0.03515625
0 0.837890625 0.14453125 0.029296875 0.0390625
0 0.34423828125 0.83349609375 0.068359375 0.083984375
0 0.9423828125 0.244140625 0.025390625 0.0341796875
0 0.81884765625 0.150390625 0.02734375 0.0380859375
0 0.4892578125 0.16064453125 0.029296875 0.037109375
0 0.81298828125 0.0361328125 0.0234375 0.029296875
0 0.6484375 0.0791015625 0.01953125 0.03125
0 0.599609375 0.068359375 0.025390625 0.0166015625
0 0.576171875 0.1435546875 0.025390625 0.03515625
0 0.82861328125 0.0791015625 0.025390625 0.0361328125
0 0.5556640625 0.01904296875 0.015625 0.02734375
0 0.7734375 0.080078125 0.01953125 0.021484375
0 0.8505859375 0.0908203125 0.0244140625 0.03125
0 0.5966796875 0.03515625 0.021484375 0.029296875
0 0.791015625 0.0625 0.0263671875 0.0322265625
0 0.5712890625 0.10888671875 0.0263671875 0.015625
0 0.48974609375 0.10888671875 0.03125 0.0341796875
0 0.91015625 0.0693359375 0.0234375 0.029296875
0 0.52099609375 0.046875 0.03125 0.0302734375
0 0.6728515625 0.0126953125 0.01171875 0.025390625
0 0.44873046875 0.0126953125 0.021484375 0.015625
0 0.49658203125 0.03515625 0.025390625 0.0302734375
0 0.57666015625 0.01123046875 0.021484375 0.0224609375
0 0.623046875 0.0126953125 0.01953125 0.025390625
0 0.67822265625 0.0966796875 0.02734375 0.03125
0 0.49951171875 0.091796875 0.0322265625 0.025390625
0 0.47705078125 0.0107421875 0.01953125 0.015625
0 0.443359375 0.10791015625 0.0283203125 0.03125
0 0.72607421875 0.1005859375 0.0234375 0.033203125
0 0.62255859375 0.06103515625 0.025390625 0.033203125
0 0.310546875 0.0380859375 0.021484375 0.0146484375
0 0.6923828125 0.03857421875 0.025390625 0.029296875
0 0.7265625 0.07958984375 0.025390625 0.033203125
0 0.44287109375 0.080078125 0.0224609375 0.0302734375
0 0.71240234375 0.0244140625 0.013671875 0.025390625
0 0.55078125 0.12255859375 0.021484375 0.0390625
0 0.703125 0.11279296875 0.025390625 0.03515625
0 0.5146484375 0.10693359375 0.021484375 0.0244140625
0 0.611328125 0.04638671875 0.025390625 0.029296875
0 0.88720703125 0.00830078125 0.0224609375 0.0166015625
0 0.99462890625 0.017578125 0.0107421875 0.0263671875
0 0.5234375 0.0087890625 0.01953125 0.017578125
0 0.46533203125 0.1015625 0.0224609375 0.0185546875
0 0.8115234375 0.021484375 0.0224609375 0.015625
0 0.0673828125 0.990234375 0.06640625 0.0185546875
0 0.7470703125 0.07080078125 0.0166015625 0.0234375
0 0.255859375 0.05859375 0.0205078125 0.0185546875
0 0.5029296875 0.02587890625 0.0205078125 0.0185546875
0 0.11279296875 0.07861328125 0.009765625 0.01171875
0 0.7822265625 0.04296875 0.009765625 0.0224609375
0 0.7099609375 0.00830078125 0.017578125 0.0166015625
0 0.70849609375 0.04541015625 0.015625 0.013671875