0 0.3740234375 0.6220703125 0.13427734375 0.30419921875
0 0.2333984375 0.54931640625 0.09375 0.21435546875
0 0.337890625 0.287109375 0.109375 0.2158203125
0 0.0673828125 0.6962890625 0.13037109375 0.1806640625
0 0.1728515625 0.67578125 0.14453125 0.15576171875
0 0.38427734375 0.845703125 0.1142578125 0.2255859375
0 0.3154296875 0.93505859375 0.142578125 0.126953125
0 0.61376953125 0.36181640625 0.1533203125 0.1513671875
0 0.10302734375 0.078125 0.08251953125 0.15625
0 0.62109375 0.86279296875 0.14453125 0.1435546875
0 0.52490234375 0.9306640625 0.05908203125 0.1337890625
0 0.13330078125 0.392578125 0.140625 0.12353515625
0 0.630859375 0.11279296875 0.10009765625 0.2236328125
0 0.03076171875 0.94775390625 0.06103515625 0.0986328125
0 0.9521484375 0.39453125 0.09423828125 0.244140625
0 0.947265625 0.181640625 0.10546875 0.142578125
0 0.93505859375 0.63427734375 0.12890625 0.1318359375
0 0.02587890625 0.3515625 0.05078125 0.1552734375
0 0.79443359375 0.498046875 0.16259765625 0.14111328125