0 0.40771484375 0.189453125 0.080078125 0.1123046875
0 0.27685546875 0.08740234375 0.076171875 0.1025390625
0 0.03515625 0.4423828125 0.0703125 0.107421875
0 0.43310546875 0.03271484375 0.0654296875 0.0654296875
0 0.67529296875 0.01220703125 0.0869140625 0.0244140625
0 0.4833984375 0.02099609375 0.060546875 0.0419921875
0 0.23828125 0.212890625 0.08984375 0.1181640625
0 0.2890625 0.3447265625 0.091796875 0.1181640625
0 0.33544921875 0.251953125 0.0869140625 0.09765625
0 0.14892578125 0.22265625 0.0810546875 0.099609375
0 0.4267578125 0.9228515625 0.0888671875 0.0703125
0 0.0634765625 0.763671875 0.0390625 0.064453125
0 0.1142578125 0.9833984375 0.025390625 0.033203125