0 0.87890625 0.576171875 0.025390625 0.04736328125
0 0.9755859375 0.29736328125 0.0244140625 0.06396484375
0 0.98095703125 0.16162109375 0.03662109375 0.0615234375
0 0.615234375 0.07958984375 0.02587890625 0.06201171875
0 0.953125 0.05517578125 0.03662109375 0.05908203125
0 0.61669921875 0.47216796875 0.01904296875 0.07080078125
0 0.53125 0.4208984375 0.03466796875 0.04296875
0 0.60498046875 0.39208984375 0.0234375 0.064453125
0 0.39990234375 0.30712890625 0.0224609375 0.06396484375
0 0.1875 0.25439453125 0.0361328125 0.03271484375
0 0.73095703125 0.71435546875 0.0390625 0.0400390625
0 0.71875 0.154296875 0.02783203125 0.0400390625
0 0.64990234375 0.1669921875 0.0283203125 0.05419921875
0 0.537109375 0.2998046875 0.0361328125 0.04345703125
0 0.7255859375 0.330078125 0.046875 0.0498046875
0 0.44775390625 0.38525390625 0.0234375 0.05859375
0 0.49462890625 0.2509765625 0.021484375 0.0693359375
0 0.6748046875 0.01806640625 0.02392578125 0.03564453125
0 0.4736328125 0.72509765625 0.041015625 0.03857421875
0 0.88916015625 0.78466796875 0.03076171875 0.0771484375
0 0.40380859375 0.025390625 0.033203125 0.05029296875
0 0.75390625 0.1962890625 0.04052734375 0.05517578125
0 0.9248046875 0.978515625 0.033203125 0.04296875
0 0.505859375 0.642578125 0.0419921875 0.0400390625
0 0.8232421875 0.923828125 0.03759765625 0.0498046875
0 0.408203125 0.9853515625 0.03466796875 0.02783203125
0 0.607421875 0.1962890625 0.02197265625 0.04345703125
0 0.93359375 0.74755859375 0.04150390625 0.06787109375
0 0.58935546875 0.64501953125 0.02978515625 0.06640625
0 0.3037109375 0.509765625 0.03125 0.06396484375
0 0.3193359375 0.845703125 0.02001953125 0.04443359375
0 0.36376953125 0.693359375 0.0234375 0.06005859375
0 0.763671875 0.53955078125 0.0283203125 0.05615234375
0 0.7412109375 0.49658203125 0.0283203125 0.06396484375
0 0.70361328125 0.4560546875 0.0341796875 0.05126953125
0 0.47900390625 0.857421875 0.01611328125 0.048828125
0 0.8515625 0.9306640625 0.02783203125 0.0537109375
0 0.69873046875 0.623046875 0.02978515625 0.05908203125
0 0.79931640625 0.86279296875 0.02880859375 0.080078125
0 0.50732421875 0.79541015625 0.0263671875 0.06640625
0 0.71533203125 0.021484375 0.0302734375 0.0419921875