0 0.7998046875 0.21484375 0.0361328125 0.0546875
0 0.86376953125 0.12646484375 0.03125 0.0498046875
0 0.75390625 0.27587890625 0.029296875 0.060546875
0 0.98876953125 0.08447265625 0.0224609375 0.0400390625
0 0.94384765625 0.34375 0.02734375 0.06640625
0 0.97607421875 0.21728515625 0.021484375 0.046875
0 0.87841796875 0.0712890625 0.0263671875 0.0400390625
0 0.87109375 0.20068359375 0.046875 0.05078125
0 0.9814453125 0.0634765625 0.0205078125 0.0322265625
0 0.94287109375 0.1162109375 0.021484375 0.048828125
0 0.9248046875 0.37890625 0.037109375 0.0556640625