0 0.74169921875 0.1845703125 0.02001953125 0.03759765625
0 0.7958984375 0.34326171875 0.02587890625 0.033203125
0 0.50830078125 0.4345703125 0.01513671875 0.02783203125
0 0.03271484375 0.3662109375 0.01953125 0.03662109375
0 0.0869140625 0.41064453125 0.01953125 0.03857421875
0 0.04833984375 0.47314453125 0.0205078125 0.03369140625
0 0.48876953125 0.50048828125 0.01806640625 0.03662109375
0 0.70654296875 0.02587890625 0.02001953125 0.021484375
0 0.63720703125 0.380859375 0.0185546875 0.0322265625
0 0.81494140625 0.26806640625 0.02294921875 0.046875
0 0.2841796875 0.2001953125 0.01708984375 0.033203125
0 0.15771484375 0.18505859375 0.01953125 0.025390625
0 0.2958984375 0.0966796875 0.02001953125 0.03125
0 0.04345703125 0.09814453125 0.017578125 0.02880859375
0 0.58447265625 0.42236328125 0.0185546875 0.02294921875
0 0.63720703125 0.54931640625 0.0146484375 0.021484375
0 0.01904296875 0.24609375 0.0166015625 0.029296875
0 0.1162109375 0.3427734375 0.0205078125 0.03369140625
0 0.64990234375 0.2041015625 0.0234375 0.03515625
0 0.6865234375 0.29296875 0.02490234375 0.03125
0 0.34814453125 0.5009765625 0.01318359375 0.03662109375
0 0.32275390625 0.6123046875 0.0146484375 0.0380859375
0 0.501953125 0.7880859375 0.02197265625 0.03466796875
0 0.74267578125 0.2255859375 0.021484375 0.029296875
0 0.64013671875 0.48583984375 0.02294921875 0.02099609375
0 0.00927734375 0.216796875 0.0185546875 0.02880859375
0 0.93017578125 0.72314453125 0.03076171875 0.029296875
0 0.15576171875 0.1220703125 0.0205078125 0.03076171875
0 0.41748046875 0.748046875 0.02294921875 0.02392578125
0 0.11376953125 0.630859375 0.021484375 0.02587890625
0 0.583984375 0.203125 0.01904296875 0.021484375
0 0.80029296875 0.23876953125 0.0205078125 0.0185546875
0 0.01123046875 0.51953125 0.02197265625 0.0263671875
0 0.53515625 0.51318359375 0.01953125 0.03759765625
0 0.56298828125 0.27001953125 0.02197265625 0.0283203125
0 0.09716796875 0.54248046875 0.01806640625 0.02880859375
0 0.11572265625 0.39453125 0.02392578125 0.02392578125
0 0.83203125 0.31103515625 0.0263671875 0.03369140625
0 0.478515625 0.1328125 0.01904296875 0.02490234375
0 0.55810546875 0.4794921875 0.0205078125 0.02685546875
0 0.31005859375 0.052734375 0.0185546875 0.02880859375
0 0.76416015625 0.25 0.02099609375 0.041015625
0 0.05419921875 0.76611328125 0.01953125 0.0244140625
0 0.798828125 0.17041015625 0.025390625 0.0234375
0 0.08642578125 0.01513671875 0.01806640625 0.02001953125
0 0.34716796875 0.19921875 0.0224609375 0.033203125
0 0.5546875 0.55126953125 0.01953125 0.01904296875
0 0.3515625 0.6884765625 0.0205078125 0.0263671875
0 0.548828125 0.2431640625 0.0185546875 0.033203125
0 0.2802734375 0.2890625 0.02197265625 0.02783203125
0 0.53662109375 0.3642578125 0.01953125 0.02685546875
0 0.474609375 0.79736328125 0.0234375 0.02734375
0 0.08203125 0.693359375 0.01806640625 0.04052734375
0 0.8154296875 0.599609375 0.02099609375 0.02783203125
0 0.47119140625 0.75390625 0.0234375 0.0302734375
0 0.2685546875 0.0146484375 0.01953125 0.0263671875
0 0.01123046875 0.01220703125 0.0185546875 0.02294921875
0 0.59765625 0.486328125 0.013671875 0.02099609375
0 0.58984375 0.37939453125 0.0166015625 0.0244140625
0 0.0390625 0.76513671875 0.02099609375 0.02392578125
0 0.541015625 0.69287109375 0.02392578125 0.02880859375
0 0.17724609375 0.70068359375 0.01220703125 0.05419921875
0 0.517578125 0.56201171875 0.01904296875 0.02734375
0 0.35498046875 0.775390625 0.01806640625 0.03076171875
0 0.576171875 0.5283203125 0.01806640625 0.0205078125
0 0.5712890625 0.0048828125 0.01416015625 0.00927734375
0 0.33740234375 0.78515625 0.015625 0.033203125
0 0.33349609375 0.59814453125 0.0224609375 0.02685546875