0 0.755859375 0.3720703125 0.02734375 0.03125
0 0.9150390625 0.60107421875 0.052734375 0.0537109375
0 0.79296875 0.41015625 0.02734375 0.03515625
0 0.51025390625 0.75830078125 0.0458984375 0.046875
0 0.56103515625 0.7685546875 0.0556640625 0.0546875
0 0.36181640625 0.7880859375 0.0576171875 0.037109375
0 0.736328125 0.4951171875 0.0361328125 0.046875
0 0.82568359375 0.76806640625 0.0546875 0.05078125
0 0.39111328125 0.70751953125 0.0478515625 0.0478515625
0 0.18896484375 0.7587890625 0.0458984375 0.05078125
0 0.82568359375 0.38916015625 0.0302734375 0.0361328125
0 0.826171875 0.84375 0.0712890625 0.076171875
0 0.7822265625 0.58056640625 0.0439453125 0.046875
0 0.7001953125 0.853515625 0.06640625 0.0771484375
0 0.85791015625 0.595703125 0.044921875 0.046875
0 0.7666015625 0.71484375 0.033203125 0.0546875
0 0.060546875 0.66845703125 0.03515625 0.041015625
0 0.3388671875 0.76416015625 0.0517578125 0.0546875
0 0.7314453125 0.44091796875 0.0361328125 0.0400390625
0 0.416015625 0.63134765625 0.0458984375 0.0458984375
0 0.8779296875 0.6796875 0.0576171875 0.0654296875
0 0.68994140625 0.31396484375 0.0234375 0.0263671875
0 0.56982421875 0.7265625 0.0546875 0.0634765625
0 0.568359375 0.4462890625 0.0283203125 0.029296875
0 0.14453125 0.8505859375 0.048828125 0.060546875
0 0.31591796875 0.6171875 0.0458984375 0.0458984375
0 0.14208984375 0.96533203125 0.0439453125 0.0498046875
0 0.6962890625 0.5185546875 0.0224609375 0.0380859375
0 0.61328125 0.474609375 0.0224609375 0.0322265625
0 0.8857421875 0.79052734375 0.0673828125 0.0791015625
0 0.97802734375 0.42236328125 0.0341796875 0.03515625
0 0.6650390625 0.38232421875 0.0244140625 0.0205078125
0 0.70166015625 0.36328125 0.0283203125 0.03125
0 0.236328125 0.6171875 0.025390625 0.03515625
0 0.1708984375 0.55517578125 0.0322265625 0.03125
0 0.822265625 0.67431640625 0.05078125 0.06640625
0 0.07275390625 0.59228515625 0.0302734375 0.0302734375
0 0.04833984375 0.52294921875 0.0283203125 0.0244140625
0 0.20556640625 0.837890625 0.05859375 0.0693359375
0 0.8759765625 0.6484375 0.0498046875 0.0498046875
0 0.1416015625 0.75244140625 0.0361328125 0.05078125
0 0.43359375 0.4814453125 0.0322265625 0.03515625
0 0.18310546875 0.86376953125 0.0478515625 0.0546875
0 0.08740234375 0.62841796875 0.021484375 0.0361328125
0 0.5302734375 0.3759765625 0.0283203125 0.0302734375
0 0.12255859375 0.7900390625 0.037109375 0.0458984375
0 0.87255859375 0.61328125 0.04296875 0.0439453125
0 0.5146484375 0.66259765625 0.0341796875 0.044921875
0 0.60205078125 0.37353515625 0.01953125 0.017578125
0 0.55908203125 0.337890625 0.0185546875 0.01953125
0 0.71826171875 0.3349609375 0.0283203125 0.029296875
0 0.333984375 0.42333984375 0.013671875 0.017578125
0 0.98974609375 0.44775390625 0.0205078125 0.0458984375
0 0.44482421875 0.35546875 0.01953125 0.0224609375
0 0.1943359375 0.5576171875 0.037109375 0.0302734375
0 0.46728515625 0.41064453125 0.025390625 0.029296875
0 0.38232421875 0.57080078125 0.06640625 0.0625
0 0.3603515625 0.560546875 0.033203125 0.0400390625
0 0.62939453125 0.36181640625 0.0224609375 0.0224609375
0 0.19189453125 0.482421875 0.0322265625 0.0234375
0 0.27490234375 0.42529296875 0.0234375 0.02734375
0 0.63818359375 0.3759765625 0.017578125 0.029296875
0 0.36083984375 0.53955078125 0.0263671875 0.0322265625
0 0.59130859375 0.3427734375 0.0185546875 0.0244140625
0 0.54541015625 0.3818359375 0.0185546875 0.0244140625
0 0.17578125 0.435546875 0.0205078125 0.025390625
0 0.42724609375 0.99462890625 0.0693359375 0.0107421875
0 0.54052734375 0.44970703125 0.0302734375 0.0341796875
0 0.732421875 0.3515625 0.0263671875 0.033203125
0 0.52099609375 0.3349609375 0.0166015625 0.0244140625
0 0.53759765625 0.42529296875 0.025390625 0.029296875
0 0.3056640625 0.40625 0.0283203125 0.025390625
0 0.43017578125 0.4443359375 0.033203125 0.0341796875
0 0.41064453125 0.46337890625 0.0244140625 0.033203125
0 0.400390625 0.431640625 0.0244140625 0.02734375
0 0.39013671875 0.44873046875 0.01953125 0.0283203125
0 0.09814453125 0.57666015625 0.0263671875 0.033203125
0 0.427734375 0.419921875 0.0234375 0.0263671875
0 0.46533203125 0.361328125 0.015625 0.0234375
0 0.30859375 0.43212890625 0.0185546875 0.0146484375
0 0.49169921875 0.3671875 0.0400390625 0.0458984375
0 0.00927734375 0.5087890625 0.0185546875 0.029296875
0 0.3037109375 0.39306640625 0.025390625 0.021484375
0 0.71337890625 0.34521484375 0.0166015625 0.0185546875
0 0.2744140625 0.4052734375 0.009765625 0.017578125
0 0.11181640625 0.57177734375 0.017578125 0.025390625
0 0.48388671875 0.3583984375 0.021484375 0.0224609375
0 0.5341796875 0.3671875 0.015625 0.0146484375
0 0.47216796875 0.3681640625 0.0166015625 0.0166015625
0 0.1748046875 0.76171875 0.021484375 0.0419921875