0 0.94140625 0.62646484375 0.033203125 0.0341796875
0 0.0576171875 0.8544921875 0.044921875 0.048828125
0 0.95849609375 0.84814453125 0.060546875 0.0537109375
0 0.81689453125 0.75146484375 0.03515625 0.0439453125
0 0.9404296875 0.6845703125 0.0380859375 0.029296875
0 0.61572265625 0.6640625 0.033203125 0.0390625
0 0.64404296875 0.62060546875 0.0322265625 0.03515625
0 0.0390625 0.748046875 0.0361328125 0.0439453125
0 0.4990234375 0.890625 0.064453125 0.0615234375
0 0.7998046875 0.88720703125 0.0419921875 0.052734375
0 0.248046875 0.86572265625 0.03125 0.029296875
0 0.017578125 0.86279296875 0.03515625 0.0244140625
0 0.13037109375 0.91455078125 0.052734375 0.0546875
0 0.18701171875 0.689453125 0.033203125 0.0341796875
0 0.69970703125 0.63818359375 0.0322265625 0.0380859375
0 0.2529296875 0.77978515625 0.048828125 0.041015625
0 0.26416015625 0.720703125 0.041015625 0.037109375
0 0.3857421875 0.7421875 0.0419921875 0.0400390625
0 0.17822265625 0.77294921875 0.0390625 0.04296875
0 0.45654296875 0.79638671875 0.05078125 0.0458984375
0 0.5009765625 0.9755859375 0.05859375 0.048828125
0 0.96337890625 0.7890625 0.048828125 0.044921875
0 0.09033203125 0.9267578125 0.0556640625 0.0615234375
0 0.6650390625 0.6513671875 0.0244140625 0.037109375
0 0.70556640625 0.81396484375 0.044921875 0.0400390625
0 0.30859375 0.81689453125 0.046875 0.046875
0 0.0517578125 0.5556640625 0.017578125 0.0224609375
0 0.73779296875 0.9697265625 0.0498046875 0.060546875
0 0.69482421875 0.71435546875 0.0400390625 0.041015625
0 0.5078125 0.59521484375 0.0224609375 0.0322265625
0 0.1025390625 0.71826171875 0.03125 0.0361328125
0 0.22705078125 0.93701171875 0.0625 0.0703125
0 0.45458984375 0.7138671875 0.044921875 0.0361328125
0 0.662109375 0.7060546875 0.0302734375 0.041015625
0 0.89306640625 0.68701171875 0.03125 0.029296875
0 0.3974609375 0.55517578125 0.0302734375 0.029296875
0 0.9287109375 0.8046875 0.0400390625 0.044921875
0 0.12060546875 0.6318359375 0.0390625 0.03125
0 0.36767578125 0.81591796875 0.052734375 0.05078125
0 0.67626953125 0.9013671875 0.0537109375 0.052734375
0 0.2568359375 0.62109375 0.033203125 0.033203125
0 0.38720703125 0.6455078125 0.044921875 0.0361328125
0 0.5849609375 0.904296875 0.0517578125 0.0556640625
0 0.38818359375 0.8642578125 0.0390625 0.0546875
0 0.8251953125 0.71923828125 0.025390625 0.0341796875
0 0.38671875 0.6005859375 0.0322265625 0.03515625
0 0.30908203125 0.62744140625 0.02734375 0.029296875
0 0.47216796875 0.60009765625 0.0341796875 0.0341796875
0 0.25634765625 0.55419921875 0.0263671875 0.0263671875
0 0.484375 0.810546875 0.041015625 0.021484375
0 0.16650390625 0.970703125 0.0439453125 0.046875
0 0.23828125 0.65478515625 0.03125 0.03125
0 0.431640625 0.6142578125 0.02734375 0.01953125
0 0.26416015625 0.58203125 0.029296875 0.0322265625
0 0.328125 0.59716796875 0.0244140625 0.0166015625
0 0.36474609375 0.58251953125 0.03125 0.0341796875
0 0.33447265625 0.85107421875 0.0283203125 0.046875
0 0.44580078125 0.9677734375 0.0546875 0.0595703125
0 0.103515625 0.60986328125 0.029296875 0.02734375
0 0.6455078125 0.9833984375 0.046875 0.033203125
0 0.47607421875 0.578125 0.0283203125 0.0244140625
0 0.64501953125 0.8046875 0.0302734375 0.037109375
0 0.162109375 0.57080078125 0.0244140625 0.0263671875
0 0.166015625 0.54541015625 0.0224609375 0.0283203125
0 0.55517578125 0.7685546875 0.029296875 0.0361328125
0 0.71337890625 0.697265625 0.0283203125 0.0419921875
0 0.31689453125 0.98486328125 0.0390625 0.0234375
0 0.13134765625 0.56591796875 0.0185546875 0.0263671875
0 0.83984375 0.966796875 0.060546875 0.06640625
0 0.201171875 0.79052734375 0.03515625 0.0400390625
0 0.17138671875 0.625 0.0302734375 0.0302734375
0 0.0859375 0.560546875 0.0166015625 0.0263671875
0 0.0224609375 0.98095703125 0.0341796875 0.0224609375
0 0.4150390625 0.978515625 0.0546875 0.0390625
0 0.1865234375 0.60546875 0.0302734375 0.033203125
0 0.1416015625 0.607421875 0.0185546875 0.025390625
0 0.44091796875 0.77001953125 0.0439453125 0.0361328125
0 0.37744140625 0.69287109375 0.021484375 0.04296875
0 0.28515625 0.56640625 0.0263671875 0.0283203125
0 0.63623046875 0.89501953125 0.0439453125 0.0546875
0 0.10986328125 0.5615234375 0.0166015625 0.01953125
0 0.41943359375 0.86474609375 0.0302734375 0.02734375
0 0.77490234375 0.984375 0.0556640625 0.03125
0 0.8037109375 0.96875 0.0625 0.0625
0 0.966796875 0.98828125 0.046875 0.0234375
0 0.9755859375 0.75439453125 0.041015625 0.0302734375
0 0.60546875 0.8681640625 0.041015625 0.0361328125
0 0.18212890625 0.57763671875 0.021484375 0.0263671875
0 0.4453125 0.5751953125 0.017578125 0.0107421875
0 0.3447265625 0.4873046875 0.021484375 0.025390625
0 0.32568359375 0.494140625 0.0224609375 0.0234375
0 0.5703125 0.91455078125 0.0283203125 0.03515625
0 0.23583984375 0.779296875 0.0166015625 0.0380859375