0 0.21142578125 0.40478515625 0.0185546875 0.03125
0 0.1416015625 0.49072265625 0.0146484375 0.033203125
0 0.12890625 0.48876953125 0.0185546875 0.0302734375
0 0.14111328125 0.5205078125 0.0146484375 0.0244140625
0 0.06689453125 0.451171875 0.025390625 0.0234375
0 0.07421875 0.4716796875 0.0244140625 0.0205078125
0 0.2666015625 0.38427734375 0.0185546875 0.0224609375
0 0.1474609375 0.39453125 0.0244140625 0.0244140625
0 0.185546875 0.466796875 0.0166015625 0.0224609375
0 0.0908203125 0.140625 0.0166015625 0.0361328125
0 0.1572265625 0.52685546875 0.0244140625 0.0322265625
0 0.03515625 0.4638671875 0.017578125 0.0234375
0 0.08251953125 0.50927734375 0.0205078125 0.0244140625
0 0.06298828125 0.2861328125 0.025390625 0.0224609375