0 0.3291015625 0.15283203125 0.0751953125 0.0869140625
0 0.21044921875 0.4111328125 0.10546875 0.1103515625
0 0.72998046875 0.18701171875 0.0556640625 0.0625
0 0.56884765625 0.31982421875 0.05859375 0.0830078125
0 0.17333984375 0.07861328125 0.0673828125 0.07421875
0 0.3779296875 0.1591796875 0.0537109375 0.0517578125
0 0.59619140625 0.14404296875 0.07421875 0.07421875
0 0.62744140625 0.34765625 0.0576171875 0.0908203125
0 0.63525390625 0.59814453125 0.0634765625 0.1025390625
0 0.7685546875 0.25927734375 0.0673828125 0.0751953125
0 0.77685546875 0.75341796875 0.1142578125 0.12890625
0 0.0947265625 0.11474609375 0.0322265625 0.0390625
0 0.49658203125 0.24609375 0.0498046875 0.1025390625
0 0.15673828125 0.3447265625 0.078125 0.09765625
0 0.0625 0.5205078125 0.1123046875 0.1279296875
0 0.2841796875 0.51416015625 0.109375 0.1376953125
0 0.13427734375 0.8310546875 0.0966796875 0.173828125
0 0.6435546875 0.02880859375 0.0341796875 0.021484375
0 0.5810546875 0.32861328125 0.02734375 0.0400390625