0 0.91357421875 0.56640625 0.01171875 0.013671875
0 0.9765625 0.64111328125 0.009765625 0.0126953125
0 0.849609375 0.595703125 0.01171875 0.0126953125
0 0.69970703125 0.9482421875 0.0185546875 0.0185546875
0 0.9365234375 0.57861328125 0.0107421875 0.0126953125
0 0.927734375 0.51953125 0.009765625 0.013671875
0 0.86376953125 0.6845703125 0.0126953125 0.0126953125
0 0.7900390625 0.7080078125 0.015625 0.0166015625
0 0.7861328125 0.68896484375 0.013671875 0.0146484375
0 0.70068359375 0.994140625 0.0185546875 0.01171875
0 0.8271484375 0.8779296875 0.013671875 0.0146484375
0 0.8623046875 0.6513671875 0.0126953125 0.0146484375
0 0.96044921875 0.533203125 0.015625 0.0166015625
0 0.7724609375 0.79345703125 0.015625 0.0166015625
0 0.78466796875 0.7802734375 0.015625 0.0185546875
0 0.73388671875 0.787109375 0.01171875 0.01953125
0 0.8232421875 0.69482421875 0.013671875 0.015625
0 0.8154296875 0.66748046875 0.013671875 0.013671875
0 0.75634765625 0.9580078125 0.015625 0.0166015625
0 0.74072265625 0.89013671875 0.017578125 0.0185546875
0 0.81982421875 0.65087890625 0.0146484375 0.0146484375
0 0.76416015625 0.7333984375 0.01171875 0.01953125
0 0.884765625 0.69140625 0.013671875 0.0126953125
0 0.7060546875 0.88330078125 0.017578125 0.0263671875
0 0.91748046875 0.73486328125 0.0146484375 0.015625
0 0.84130859375 0.6923828125 0.0126953125 0.015625
0 0.73388671875 0.876953125 0.0107421875 0.01953125
0 0.8876953125 0.6123046875 0.013671875 0.013671875
0 0.95703125 0.72021484375 0.009765625 0.015625
0 0.67626953125 0.9638671875 0.01171875 0.025390625
0 0.876953125 0.689453125 0.0146484375 0.0146484375
0 0.892578125 0.52734375 0.0087890625 0.015625
0 0.77099609375 0.77294921875 0.01171875 0.013671875
0 0.763671875 0.986328125 0.015625 0.0166015625
0 0.83984375 0.759765625 0.015625 0.0166015625
0 0.77294921875 0.8447265625 0.0166015625 0.0205078125
0 0.76220703125 0.86572265625 0.017578125 0.01953125
0 0.732421875 0.99609375 0.01953125 0.0078125
0 0.900390625 0.6259765625 0.0146484375 0.015625
0 0.8779296875 0.72265625 0.015625 0.015625
0 0.8740234375 0.9384765625 0.015625 0.0146484375
0 0.75244140625 0.923828125 0.0146484375 0.0185546875
0 0.8486328125 0.75830078125 0.0341796875 0.029296875
0 0.92578125 0.62353515625 0.013671875 0.015625
0 0.8486328125 0.9423828125 0.0166015625 0.0205078125
0 0.88818359375 0.84033203125 0.0146484375 0.0185546875
0 0.94384765625 0.775390625 0.0078125 0.01171875
0 0.7626953125 0.720703125 0.0126953125 0.0185546875
0 0.73876953125 0.966796875 0.0185546875 0.0185546875
0 0.9150390625 0.609375 0.013671875 0.013671875
0 0.92578125 0.796875 0.0146484375 0.0146484375
0 0.85546875 0.751953125 0.0166015625 0.017578125
0 0.85205078125 0.998046875 0.0166015625 0.00390625
0 0.7265625 0.96923828125 0.0205078125 0.021484375
0 0.91455078125 0.82080078125 0.013671875 0.015625
0 0.8916015625 0.73779296875 0.021484375 0.0205078125
0 0.92431640625 0.60400390625 0.0107421875 0.0166015625
0 0.77392578125 0.994140625 0.0185546875 0.01171875
0 0.9072265625 0.88330078125 0.015625 0.017578125
0 0.8642578125 0.99072265625 0.017578125 0.0185546875
0 0.7841796875 0.93798828125 0.017578125 0.0205078125
0 0.8818359375 0.775390625 0.0146484375 0.0166015625
0 0.9287109375 0.61328125 0.013671875 0.013671875
0 0.7822265625 0.69580078125 0.0185546875 0.01953125
0 0.880859375 0.97412109375 0.01953125 0.0205078125
0 0.9306640625 0.783203125 0.013671875 0.0146484375
0 0.90771484375 0.83984375 0.0166015625 0.0166015625
0 0.88818359375 0.85888671875 0.017578125 0.01953125
0 0.822265625 0.943359375 0.017578125 0.01953125
0 0.88525390625 0.9150390625 0.017578125 0.01953125
0 0.78662109375 0.8583984375 0.0205078125 0.02734375
0 0.83740234375 0.9736328125 0.0224609375 0.0244140625
0 0.7998046875 0.98193359375 0.021484375 0.0224609375
0 0.79931640625 0.91357421875 0.0166015625 0.017578125
0 0.9033203125 0.79345703125 0.017578125 0.0185546875
0 0.85986328125 0.90087890625 0.0166015625 0.0185546875
0 0.9267578125 0.8447265625 0.0078125 0.013671875
0 0.89111328125 0.80126953125 0.017578125 0.01953125
0 0.90771484375 0.91796875 0.0107421875 0.017578125
0 0.86767578125 0.82470703125 0.0166015625 0.017578125
0 0.861328125 0.81689453125 0.0185546875 0.0234375
0 0.91796875 0.5693359375 0.021484375 0.0224609375
0 0.8408203125 0.81103515625 0.017578125 0.0185546875
0 0.95263671875 0.7197265625 0.017578125 0.0185546875
0 0.8447265625 0.80419921875 0.0166015625 0.0205078125
0 0.83349609375 0.92724609375 0.0205078125 0.0224609375
0 0.8955078125 0.81396484375 0.017578125 0.0185546875
0 0.9013671875 0.91064453125 0.01953125 0.0263671875
0 0.85693359375 0.9287109375 0.0185546875 0.01953125
0 0.83984375 0.8916015625 0.01953125 0.025390625
0 0.89111328125 0.763671875 0.015625 0.015625
0 0.85205078125 0.92333984375 0.0185546875 0.0205078125
0 0.75927734375 0.92919921875 0.0234375 0.025390625
0 0.7822265625 0.9130859375 0.0224609375 0.0224609375
0 0.75732421875 0.90087890625 0.0244140625 0.02734375
0 0.841796875 0.86328125 0.0185546875 0.0185546875
0 0.86279296875 0.85009765625 0.017578125 0.017578125
0 0.87451171875 0.9443359375 0.017578125 0.0185546875
0 0.84228515625 0.833984375 0.025390625 0.0244140625
0 0.9033203125 0.61474609375 0.0185546875 0.0166015625
0 0.9150390625 0.88525390625 0.0107421875 0.015625