0 0.6337890625 0.5361328125 0.02734375 0.0458984375
0 0.7099609375 0.4990234375 0.021484375 0.0361328125
0 0.90625 0.47119140625 0.02734375 0.04296875
0 0.4716796875 0.27001953125 0.029296875 0.046875
0 0.904296875 0.2705078125 0.0234375 0.0439453125
0 0.87060546875 0.4775390625 0.0263671875 0.048828125
0 0.8125 0.51806640625 0.0283203125 0.052734375
0 0.5439453125 0.36669921875 0.025390625 0.0478515625
0 0.83251953125 0.4990234375 0.0244140625 0.0556640625
0 0.650390625 0.43212890625 0.0244140625 0.046875
0 0.82373046875 0.4365234375 0.025390625 0.046875
0 0.74072265625 0.31103515625 0.03125 0.044921875
0 0.77392578125 0.45458984375 0.0263671875 0.044921875
0 0.75634765625 0.48583984375 0.0244140625 0.0478515625
0 0.19482421875 0.46923828125 0.0205078125 0.0419921875
0 0.166015625 0.07275390625 0.017578125 0.02734375
0 0.404296875 0.2314453125 0.02734375 0.044921875
0 0.5146484375 0.375 0.0283203125 0.0341796875
0 0.4970703125 0.203125 0.0283203125 0.0458984375
0 0.60205078125 0.35400390625 0.0234375 0.052734375
0 0.15185546875 0.1396484375 0.021484375 0.0498046875
0 0.17236328125 0.4013671875 0.021484375 0.0478515625
0 0.5322265625 0.203125 0.02734375 0.0498046875
0 0.4814453125 0.1376953125 0.0263671875 0.0458984375
0 0.4521484375 0.13427734375 0.0205078125 0.04296875
0 0.65576171875 0.310546875 0.025390625 0.0478515625
0 0.4267578125 0.0205078125 0.0205078125 0.033203125
0 0.84912109375 0.2177734375 0.0224609375 0.0458984375
0 0.28271484375 0.16845703125 0.0302734375 0.0361328125
0 0.46142578125 0.19580078125 0.0322265625 0.0439453125
0 0.84521484375 0.2548828125 0.0224609375 0.05078125
0 0.6357421875 0.34912109375 0.0302734375 0.046875
0 0.3095703125 0.04345703125 0.0234375 0.0302734375
0 0.84130859375 0.1337890625 0.025390625 0.0400390625
0 0.1044921875 0.20458984375 0.0205078125 0.0458984375
0 0.2333984375 0.0927734375 0.0205078125 0.046875
0 0.87841796875 0.19580078125 0.021484375 0.046875
0 0.8486328125 0.03759765625 0.029296875 0.0546875
0 0.27490234375 0.208984375 0.033203125 0.0380859375
0 0.626953125 0.25927734375 0.025390625 0.052734375
0 0.72705078125 0.21240234375 0.029296875 0.0458984375
0 0.9375 0.16943359375 0.015625 0.044921875
0 0.4951171875 0.10498046875 0.0283203125 0.0458984375
0 0.88671875 0.16259765625 0.0234375 0.05078125
0 0.55224609375 0.02294921875 0.0224609375 0.0458984375
0 0.11328125 0.1943359375 0.0283203125 0.056640625
0 0.84375 0.0849609375 0.0244140625 0.0458984375
0 0.71142578125 0.1689453125 0.02734375 0.0458984375
0 0.4599609375 0.02197265625 0.03125 0.0302734375
0 0.58349609375 0.19580078125 0.025390625 0.046875
0 0.65869140625 0.173828125 0.0263671875 0.05078125
0 0.88916015625 0.05810546875 0.021484375 0.05078125
0 0.61767578125 0.24853515625 0.0224609375 0.05078125
0 0.779296875 0.10302734375 0.0244140625 0.044921875
0 0.623046875 0.193359375 0.025390625 0.0517578125
0 0.353515625 0.140625 0.0283203125 0.0458984375
0 0.50927734375 0.087890625 0.0322265625 0.03125
0 0.73193359375 0.0517578125 0.029296875 0.0498046875
0 0.20263671875 0.15673828125 0.02734375 0.046875
0 0.7353515625 0.125 0.025390625 0.044921875
0 0.56787109375 0.412109375 0.0361328125 0.0458984375
0 0.3935546875 0.3330078125 0.0302734375 0.0380859375
0 0.6767578125 0.31103515625 0.02734375 0.0517578125
0 0.50634765625 0.431640625 0.0224609375 0.048828125
0 0.83837890625 0.38671875 0.03125 0.03125
0 0.2255859375 0.1455078125 0.03125 0.046875
0 0.396484375 0.04541015625 0.0234375 0.048828125
0 0.52783203125 0.48095703125 0.0205078125 0.0439453125
0 0.92431640625 0.24609375 0.021484375 0.0458984375
0 0.58056640625 0.08251953125 0.02734375 0.041015625
0 0.36962890625 0.1708984375 0.0224609375 0.05078125
0 0.7939453125 0.169921875 0.02734375 0.0400390625
0 0.13134765625 0.09130859375 0.021484375 0.0478515625
0 0.08251953125 0.0888671875 0.0166015625 0.0244140625
0 0.66064453125 0.0556640625 0.0263671875 0.048828125
0 0.7998046875 0.02880859375 0.0322265625 0.0390625
0 0.61572265625 0.1015625 0.0244140625 0.0498046875
0 0.5732421875 0.01513671875 0.02734375 0.0302734375
0 0.5869140625 0.154296875 0.029296875 0.0498046875
0 0.69189453125 0.04296875 0.025390625 0.0517578125
0 0.51171875 0.0029296875 0.021484375 0.005859375
0 0.62890625 0.033203125 0.0234375 0.0400390625
0 0.6416015625 0.07421875 0.0283203125 0.0693359375
0 0.6435546875 0.00927734375 0.03125 0.0185546875
0 0.5166015625 0.00732421875 0.01953125 0.0146484375
0 0.47314453125 0.0087890625 0.0166015625 0.017578125
0 0.49169921875 0.00537109375 0.0146484375 0.0107421875
0 0.921875 0.09423828125 0.0146484375 0.041015625
0 0.90380859375 0.02587890625 0.0224609375 0.0517578125