0 0.13232421875 0.4541015625 0.01708984375 0.0166015625
0 0.13818359375 0.4697265625 0.01318359375 0.0205078125
0 0.62939453125 0.8857421875 0.017578125 0.0205078125
0 0.38916015625 0.474609375 0.01416015625 0.02197265625
0 0.14501953125 0.54248046875 0.01318359375 0.0185546875
0 0.630859375 0.78759765625 0.01220703125 0.02294921875
0 0.033203125 0.65380859375 0.0126953125 0.0263671875
0 0.365234375 0.4765625 0.013671875 0.0205078125
0 0.6064453125 0.7666015625 0.015625 0.0244140625
0 0.50048828125 0.7548828125 0.01611328125 0.0234375
0 0.3486328125 0.46435546875 0.01513671875 0.0234375
0 0.2255859375 0.4462890625 0.00830078125 0.01904296875
0 0.4912109375 0.68310546875 0.01513671875 0.0244140625
0 0.392578125 0.55859375 0.0126953125 0.02783203125
0 0.3916015625 0.54052734375 0.01416015625 0.01953125
0 0.380859375 0.53515625 0.0126953125 0.01806640625
0 0.162109375 0.44775390625 0.013671875 0.0322265625
0 0.6142578125 0.87646484375 0.01171875 0.03369140625
0 0.154296875 0.49267578125 0.01416015625 0.0234375
0 0.13671875 0.638671875 0.01318359375 0.0185546875
0 0.42626953125 0.568359375 0.01025390625 0.03125
0 0.02783203125 0.458984375 0.01416015625 0.02099609375
0 0.16015625 0.427734375 0.0087890625 0.01611328125
0 0.3837890625 0.63134765625 0.01513671875 0.02880859375
0 0.00732421875 0.642578125 0.013671875 0.01513671875