0 0.3232421875 0.1923828125 0.017578125 0.03955078125
0 0.74853515625 0.21484375 0.02294921875 0.04052734375
0 0.93701171875 0.2333984375 0.02880859375 0.0537109375
0 0.5625 0.31982421875 0.025390625 0.056640625
0 0.72119140625 0.27734375 0.025390625 0.056640625
0 0.49853515625 0.322265625 0.02099609375 0.04736328125
0 0.96923828125 0.3544921875 0.015625 0.0595703125
0 0.771484375 0.42724609375 0.021484375 0.0419921875
0 0.76953125 0.46435546875 0.02294921875 0.04931640625
0 0.3955078125 0.35791015625 0.02587890625 0.05322265625
0 0.30126953125 0.2763671875 0.03076171875 0.04443359375
0 0.3076171875 0.3359375 0.0361328125 0.03466796875
0 0.3017578125 0.3056640625 0.03857421875 0.0390625
0 0.22119140625 0.37255859375 0.0283203125 0.06689453125
0 0.296875 0.4052734375 0.0166015625 0.03759765625
0 0.18896484375 0.58251953125 0.02099609375 0.0498046875
0 0.22412109375 0.66943359375 0.02587890625 0.04736328125
0 0.25048828125 0.77685546875 0.0224609375 0.0537109375
0 0.22900390625 0.81005859375 0.02734375 0.0458984375
0 0.16162109375 0.90283203125 0.01953125 0.05517578125
0 0.1669921875 0.97216796875 0.02392578125 0.04638671875
0 0.2685546875 0.533203125 0.02294921875 0.0498046875
0 0.2607421875 0.37060546875 0.02734375 0.05322265625
0 0.25439453125 0.40087890625 0.02734375 0.04296875
0 0.32666015625 0.43408203125 0.02587890625 0.04541015625
0 0.35595703125 0.5087890625 0.017578125 0.0537109375
0 0.45458984375 0.421875 0.01513671875 0.0546875
0 0.4345703125 0.41943359375 0.017578125 0.05810546875
0 0.60986328125 0.4296875 0.029296875 0.05419921875
0 0.5224609375 0.39306640625 0.01953125 0.04736328125
0 0.6044921875 0.4921875 0.01904296875 0.0556640625
0 0.8544921875 0.501953125 0.02587890625 0.0478515625
0 0.5703125 0.51904296875 0.02734375 0.052734375
0 0.27294921875 0.60791015625 0.02197265625 0.05810546875
0 0.35791015625 0.58203125 0.01904296875 0.04833984375
0 0.28564453125 0.8994140625 0.03515625 0.03076171875
0 0.30859375 0.8642578125 0.03173828125 0.03857421875
0 0.3486328125 0.8193359375 0.01708984375 0.05419921875
0 0.4462890625 0.57080078125 0.02392578125 0.0478515625
0 0.2734375 0.44287109375 0.03076171875 0.0634765625
0 0.302734375 0.5390625 0.02978515625 0.05810546875
0 0.30029296875 0.4931640625 0.01953125 0.05078125
0 0.31640625 0.46142578125 0.02734375 0.046875
0 0.76318359375 0.66650390625 0.01953125 0.044921875
0 0.93359375 0.66650390625 0.0224609375 0.0625
0 0.42822265625 0.7373046875 0.01806640625 0.0458984375
0 0.45849609375 0.8271484375 0.015625 0.05078125
0 0.9599609375 0.65771484375 0.02197265625 0.048828125
0 0.453125 0.7099609375 0.0205078125 0.0419921875
0 0.544921875 0.591796875 0.0185546875 0.046875
0 0.41845703125 0.57568359375 0.01318359375 0.04248046875
0 0.37646484375 0.82080078125 0.01123046875 0.05126953125
0 0.3076171875 0.662109375 0.0166015625 0.0439453125
0 0.390625 0.576171875 0.021484375 0.04296875
0 0.6650390625 0.66455078125 0.02001953125 0.046875
0 0.37451171875 0.8798828125 0.01318359375 0.052734375
0 0.2978515625 0.6767578125 0.017578125 0.046875
0 0.287109375 0.70068359375 0.0146484375 0.0478515625
0 0.37158203125 0.70166015625 0.01904296875 0.04248046875
0 0.6064453125 0.59130859375 0.01806640625 0.04638671875
0 0.705078125 0.5498046875 0.017578125 0.05126953125
0 0.6328125 0.64013671875 0.01416015625 0.05078125
0 0.54345703125 0.67919921875 0.01611328125 0.04833984375
0 0.77734375 0.89306640625 0.01708984375 0.0478515625
0 0.58154296875 0.65185546875 0.02197265625 0.0458984375
0 0.87255859375 0.857421875 0.02099609375 0.04443359375
0 0.69921875 0.4892578125 0.01611328125 0.04541015625
0 0.95703125 0.79541015625 0.01513671875 0.0458984375
0 0.474609375 0.7939453125 0.01708984375 0.04052734375
0 0.46240234375 0.66796875 0.0146484375 0.044921875
0 0.56689453125 0.775390625 0.01806640625 0.044921875
0 0.892578125 0.71875 0.01318359375 0.0458984375
0 0.64697265625 0.703125 0.017578125 0.04541015625
0 0.96630859375 0.4287109375 0.0146484375 0.0458984375
0 0.45068359375 0.97216796875 0.0166015625 0.046875
0 0.63427734375 0.84326171875 0.015625 0.04931640625
0 0.5068359375 0.57666015625 0.02099609375 0.04345703125
0 0.69677734375 0.80078125 0.0146484375 0.0478515625
0 0.6640625 0.8818359375 0.01806640625 0.0498046875
0 0.59228515625 0.8427734375 0.02001953125 0.04443359375
0 0.935546875 0.90380859375 0.0126953125 0.04541015625
0 0.7080078125 0.97216796875 0.02880859375 0.02294921875
0 0.640625 0.775390625 0.0166015625 0.04931640625
0 0.56787109375 0.70458984375 0.0234375 0.041015625
0 0.5380859375 0.8515625 0.01806640625 0.04150390625
0 0.6201171875 0.5751953125 0.02099609375 0.0390625
0 0.548828125 0.72802734375 0.01953125 0.0400390625
0 0.52490234375 0.86669921875 0.0205078125 0.04443359375
0 0.53564453125 0.783203125 0.02099609375 0.0439453125
0 0.37060546875 0.76904296875 0.02685546875 0.044921875
0 0.490234375 0.95556640625 0.02001953125 0.0390625
0 0.8994140625 0.76806640625 0.013671875 0.046875
0 0.375 0.63916015625 0.0224609375 0.04296875
0 0.64111328125 0.9619140625 0.0146484375 0.0517578125
0 0.98486328125 0.61474609375 0.0205078125 0.037109375
0 0.96630859375 0.947265625 0.015625 0.04345703125
0 0.38818359375 0.92529296875 0.0244140625 0.0439453125
0 0.8447265625 0.81689453125 0.015625 0.04248046875
0 0.84228515625 0.43994140625 0.017578125 0.0546875
0 0.33935546875 0.8974609375 0.025390625 0.03759765625
0 0.7333984375 0.82177734375 0.017578125 0.04345703125
0 0.83203125 0.884765625 0.0234375 0.03076171875
0 0.5224609375 0.7451171875 0.0205078125 0.03564453125
0 0.82421875 0.5556640625 0.01318359375 0.06103515625
0 0.9892578125 0.43017578125 0.01806640625 0.0458984375
0 0.8056640625 0.91748046875 0.017578125 0.04541015625
0 0.515625 0.8798828125 0.021484375 0.04248046875
0 0.5380859375 0.98779296875 0.02685546875 0.02099609375
0 0.3193359375 0.77880859375 0.013671875 0.04833984375
0 0.83740234375 0.5634765625 0.01220703125 0.05712890625
0 0.34716796875 0.921875 0.02880859375 0.02685546875
0 0.58984375 0.982421875 0.01611328125 0.0341796875
0 0.8291015625 0.5380859375 0.01318359375 0.04296875
0 0.5751953125 0.98193359375 0.0126953125 0.03564453125
0 0.8212890625 0.931640625 0.02001953125 0.04736328125
0 0.3291015625 0.97314453125 0.02001953125 0.0439453125
0 0.404296875 0.990234375 0.015625 0.01806640625
0 0.99609375 0.85400390625 0.0078125 0.046875
0 0.26318359375 0.98681640625 0.01220703125 0.025390625
0 0.98583984375 0.779296875 0.01220703125 0.05078125
0 0.61767578125 0.98486328125 0.01513671875 0.02978515625
0 0.50390625 0.984375 0.02490234375 0.03125
0 0.6083984375 0.96337890625 0.025390625 0.0224609375
0 0.88427734375 0.9453125 0.01953125 0.04052734375
0 0.6708984375 0.99267578125 0.01953125 0.0146484375
0 0.845703125 0.8837890625 0.02001953125 0.041015625
0 0.98974609375 0.8974609375 0.015625 0.05029296875
0 0.91357421875 0.8505859375 0.01318359375 0.05029296875
0 0.72216796875 0.99365234375 0.01318359375 0.0126953125
0 0.8466796875 0.77978515625 0.02392578125 0.033203125
0 0.564453125 0.48876953125 0.02392578125 0.0380859375
0 0.30908203125 0.48486328125 0.0224609375 0.03857421875