0 0.94287109375 0.50146484375 0.05078125 0.01513671875
0 0.865234375 0.4248046875 0.03515625 0.021484375
0 0.771484375 0.400390625 0.037109375 0.01611328125
0 0.451171875 0.3994140625 0.01806640625 0.01611328125
0 0.93994140625 0.44775390625 0.05615234375 0.02392578125
0 0.19482421875 0.4140625 0.0185546875 0.01904296875
0 0.5595703125 0.6279296875 0.04443359375 0.03662109375
0 0.1513671875 0.49267578125 0.0537109375 0.02392578125
0 0.13720703125 0.388671875 0.017578125 0.0166015625
0 0.11572265625 0.404296875 0.03515625 0.0185546875
0 0.0595703125 0.384765625 0.037109375 0.01611328125
0 0.26171875 0.41015625 0.01806640625 0.017578125
0 0.1181640625 0.3857421875 0.017578125 0.01708984375
0 0.9775390625 0.55078125 0.044921875 0.02734375
0 0.5908203125 0.44140625 0.02880859375 0.01953125
0 0.47802734375 0.4013671875 0.0302734375 0.01025390625
0 0.5302734375 0.3955078125 0.0263671875 0.0107421875
0 0.09765625 0.38427734375 0.01708984375 0.015625
0 0.533203125 0.4052734375 0.02685546875 0.01708984375
0 0.099609375 0.51513671875 0.04052734375 0.02490234375
0 0.15576171875 0.38134765625 0.01708984375 0.01611328125
0 0.82763671875 0.41357421875 0.0224609375 0.01953125
0 0.92724609375 0.466796875 0.037109375 0.02197265625
0 0.29150390625 0.47119140625 0.02734375 0.021484375
0 0.4580078125 0.61767578125 0.044921875 0.03662109375
0 0.0439453125 0.388671875 0.00927734375 0.005859375
0 0.9208984375 0.44384765625 0.02001953125 0.01416015625