0 0.9287109375 0.67919921875 0.01513671875 0.0234375
0 0.7470703125 0.68115234375 0.0087890625 0.03076171875
0 0.87255859375 0.8974609375 0.013671875 0.021484375
0 0.8330078125 0.810546875 0.0126953125 0.02734375
0 0.83056640625 0.1103515625 0.01513671875 0.01611328125
0 0.7587890625 0.49365234375 0.01416015625 0.02587890625
0 0.98193359375 0.84814453125 0.01708984375 0.03564453125
0 0.875 0.6630859375 0.0146484375 0.0234375
0 0.7861328125 0.7275390625 0.0078125 0.02880859375
0 0.76318359375 0.37353515625 0.0087890625 0.02685546875
0 0.80126953125 0.578125 0.00634765625 0.02392578125
0 0.8505859375 0.59375 0.01318359375 0.01416015625
0 0.84033203125 0.60205078125 0.00732421875 0.02587890625
0 0.81396484375 0.095703125 0.013671875 0.0224609375
0 0.80712890625 0.5693359375 0.02001953125 0.029296875
0 0.93310546875 0.2607421875 0.01416015625 0.02099609375
0 0.9853515625 0.09375 0.017578125 0.025390625
0 0.9765625 0.01708984375 0.009765625 0.02001953125
0 0.89306640625 0.658203125 0.0078125 0.0263671875
0 0.771484375 0.47705078125 0.00732421875 0.02734375
0 0.75341796875 0.41650390625 0.01025390625 0.0322265625
0 0.9951171875 0.0302734375 0.009765625 0.01953125
0 0.75634765625 0.42431640625 0.0185546875 0.01953125