0 0.74072265625 0.5126953125 0.0087890625 0.0146484375
0 0.404296875 0.57568359375 0.01953125 0.0263671875
0 0.390625 0.56201171875 0.017578125 0.0224609375
0 0.27490234375 0.578125 0.0224609375 0.021484375
0 0.31494140625 0.572265625 0.0146484375 0.01953125
0 0.2763671875 0.6015625 0.021484375 0.0244140625
0 0.427734375 0.552734375 0.013671875 0.021484375
0 0.48779296875 0.5439453125 0.0126953125 0.021484375
0 0.767578125 0.50732421875 0.0107421875 0.0166015625
0 0.70068359375 0.515625 0.017578125 0.0205078125
0 0.189453125 0.59423828125 0.013671875 0.0166015625
0 0.56689453125 0.53125 0.0166015625 0.0185546875
0 0.21142578125 0.60888671875 0.015625 0.0244140625
0 0.04443359375 0.6220703125 0.01171875 0.0234375
0 0.12255859375 0.61181640625 0.01953125 0.0234375
0 0.0283203125 0.634765625 0.017578125 0.0224609375
0 0.19580078125 0.60888671875 0.013671875 0.0263671875
0 0.6318359375 0.525390625 0.0146484375 0.01953125
0 0.7509765625 0.5068359375 0.0126953125 0.0205078125
0 0.17724609375 0.8564453125 0.0400390625 0.064453125
0 0.6865234375 0.517578125 0.0126953125 0.01953125
0 0.09326171875 0.65673828125 0.02734375 0.029296875
0 0.013671875 0.634765625 0.0146484375 0.0234375
0 0.09130859375 0.6396484375 0.009765625 0.0146484375
0 0.0234375 0.671875 0.0302734375 0.0322265625
0 0.01318359375 0.662109375 0.01171875 0.0263671875
0 0.626953125 0.52392578125 0.005859375 0.0185546875