0 0.43408203125 0.99072265625 0.0126953125 0.01513671875
0 0.44970703125 0.96923828125 0.017578125 0.021484375
0 0.4521484375 0.98876953125 0.0166015625 0.017578125
0 0.326171875 0.623046875 0.0068359375 0.03125
0 0.49462890625 0.94287109375 0.01953125 0.0224609375
0 0.10107421875 0.0751953125 0.0087890625 0.02490234375
0 0.06982421875 0.07080078125 0.01416015625 0.01416015625
0 0.4716796875 0.87548828125 0.01953125 0.02294921875
0 0.14599609375 0.56787109375 0.00927734375 0.025390625
0 0.27783203125 0.4951171875 0.0078125 0.02978515625
0 0.21728515625 0.689453125 0.013671875 0.02294921875
0 0.03515625 0.46728515625 0.01416015625 0.01708984375
0 0.0419921875 0.41796875 0.0107421875 0.025390625
0 0.32958984375 0.580078125 0.00830078125 0.0302734375
0 0.2841796875 0.64599609375 0.01318359375 0.02783203125
0 0.419921875 0.736328125 0.01171875 0.02880859375
0 0.1376953125 0.5263671875 0.00927734375 0.02587890625
0 0.07763671875 0.28369140625 0.0107421875 0.0244140625
0 0.0498046875 0.0166015625 0.015625 0.0205078125
0 0.345703125 0.6767578125 0.0078125 0.0322265625
0 0.01904296875 0.333984375 0.0107421875 0.021484375
0 0.47509765625 0.91162109375 0.00927734375 0.02783203125
0 0.0712890625 0.330078125 0.0068359375 0.02685546875
0 0.1259765625 0.2373046875 0.0068359375 0.02880859375
0 0.05078125 0.40771484375 0.0107421875 0.0302734375
0 0.23388671875 0.25390625 0.00927734375 0.02490234375
0 0.23681640625 0.27880859375 0.009765625 0.0244140625
0 0.19580078125 0.12255859375 0.0107421875 0.01953125
0 0.02001953125 0.01953125 0.01220703125 0.03125
0 0.0185546875 0.375 0.00732421875 0.02880859375