0 0.26318359375 0.81884765625 0.01611328125 0.0185546875
0 0.24560546875 0.68896484375 0.01708984375 0.02978515625
0 0.2236328125 0.6767578125 0.01171875 0.0244140625
0 0.1572265625 0.93505859375 0.013671875 0.02490234375
0 0.0859375 0.94873046875 0.01513671875 0.02587890625
0 0.16943359375 0.8603515625 0.01513671875 0.0224609375
0 0.21533203125 0.85009765625 0.01611328125 0.021484375
0 0.1416015625 0.904296875 0.013671875 0.02001953125
0 0.18310546875 0.705078125 0.01220703125 0.0185546875
0 0.03271484375 0.958984375 0.01611328125 0.0244140625
0 0.013671875 0.97119140625 0.015625 0.02294921875
0 0.23876953125 0.41455078125 0.01025390625 0.013671875
0 0.109375 0.83642578125 0.013671875 0.02294921875
0 0.18212890625 0.5849609375 0.01318359375 0.01904296875
0 0.08154296875 0.8466796875 0.01416015625 0.02001953125
0 0.1689453125 0.708984375 0.0126953125 0.0224609375
0 0.01318359375 0.921875 0.0166015625 0.02099609375
0 0.18408203125 0.36181640625 0.01318359375 0.01318359375
0 0.1962890625 0.8681640625 0.01220703125 0.01904296875
0 0.08935546875 0.80078125 0.0146484375 0.02001953125
0 0.12744140625 0.8583984375 0.01708984375 0.01953125
0 0.01953125 0.85595703125 0.01416015625 0.02392578125
0 0.01953125 0.33837890625 0.01318359375 0.02001953125
0 0.0498046875 0.841796875 0.013671875 0.02099609375
0 0.0302734375 0.9931640625 0.013671875 0.01318359375
0 0.16259765625 0.60888671875 0.01318359375 0.01806640625
0 0.111328125 0.86279296875 0.015625 0.0244140625
0 0.18017578125 0.880859375 0.01806640625 0.02099609375
0 0.021484375 0.427734375 0.01123046875 0.0166015625
0 0.056640625 0.70166015625 0.01220703125 0.02099609375
0 0.150390625 0.77880859375 0.01611328125 0.021484375
0 0.0654296875 0.3701171875 0.013671875 0.01611328125
0 0.0068359375 0.818359375 0.01318359375 0.02001953125
0 0.0576171875 0.98095703125 0.01513671875 0.01708984375
0 0.03857421875 0.75634765625 0.0166015625 0.01953125
0 0.1650390625 0.47216796875 0.013671875 0.0166015625
0 0.1298828125 0.38427734375 0.0146484375 0.01513671875
0 0.03271484375 0.88134765625 0.01708984375 0.02001953125
0 0.0498046875 0.8818359375 0.01220703125 0.0224609375
0 0.00927734375 0.712890625 0.01220703125 0.02294921875
0 0.01220703125 0.39208984375 0.01513671875 0.02001953125
0 0.17724609375 0.4833984375 0.01220703125 0.01806640625
0 0.0712890625 0.791015625 0.0078125 0.0244140625
0 0.0068359375 0.36962890625 0.01318359375 0.01708984375
0 0.16015625 0.5703125 0.0078125 0.01953125
0 0.0595703125 0.6611328125 0.013671875 0.02294921875
0 0.17578125 0.49609375 0.013671875 0.0234375
0 0.06298828125 0.81689453125 0.01416015625 0.02294921875
0 0.09716796875 0.400390625 0.01318359375 0.015625
0 0.09912109375 0.720703125 0.01513671875 0.0244140625
0 0.09326171875 0.70947265625 0.015625 0.01953125
0 0.17333984375 0.54931640625 0.01806640625 0.0205078125
0 0.13671875 0.75537109375 0.01708984375 0.0185546875
0 0.16748046875 0.76708984375 0.01806640625 0.0224609375
0 0.11962890625 0.771484375 0.0146484375 0.02294921875
0 0.03564453125 0.43603515625 0.00732421875 0.02001953125
0 0.13720703125 0.529296875 0.01220703125 0.021484375
0 0.1416015625 0.40576171875 0.01513671875 0.01513671875
0 0.10498046875 0.6455078125 0.013671875 0.025390625
0 0.0556640625 0.6201171875 0.01416015625 0.01953125
0 0.0556640625 0.77099609375 0.0166015625 0.02099609375
0 0.05859375 0.783203125 0.01318359375 0.02392578125
0 0.05322265625 0.38623046875 0.01513671875 0.017578125
0 0.17431640625 0.40283203125 0.01171875 0.01708984375
0 0.0302734375 0.48486328125 0.01220703125 0.02294921875
0 0.10107421875 0.4638671875 0.00830078125 0.0166015625
0 0.1669921875 0.88720703125 0.01220703125 0.01611328125
0 0.07275390625 0.41357421875 0.00830078125 0.01708984375
0 0.099609375 0.4150390625 0.01171875 0.015625
0 0.03076171875 0.650390625 0.013671875 0.02001953125
0 0.0986328125 0.62451171875 0.01318359375 0.0205078125
0 0.07421875 0.62255859375 0.013671875 0.0205078125
0 0.08056640625 0.5107421875 0.0146484375 0.017578125
0 0.134765625 0.55224609375 0.015625 0.02197265625
0 0.0830078125 0.7080078125 0.01171875 0.021484375
0 0.0234375 0.8017578125 0.0126953125 0.01904296875
0 0.15185546875 0.6015625 0.01513671875 0.02197265625
0 0.13720703125 0.591796875 0.01220703125 0.01953125
0 0.107421875 0.44775390625 0.0126953125 0.01513671875
0 0.14404296875 0.466796875 0.01123046875 0.0205078125
0 0.1201171875 0.61181640625 0.01611328125 0.01806640625
0 0.1123046875 0.3984375 0.0126953125 0.02099609375
0 0.1376953125 0.48779296875 0.01416015625 0.01953125
0 0.064453125 0.4560546875 0.01318359375 0.01806640625
0 0.0458984375 0.48583984375 0.0107421875 0.02197265625
0 0.0068359375 0.52783203125 0.01171875 0.02099609375
0 0.1416015625 0.43017578125 0.01513671875 0.01611328125
0 0.123046875 0.482421875 0.01318359375 0.01806640625
0 0.0048828125 0.6611328125 0.009765625 0.025390625
0 0.046875 0.40625 0.01513671875 0.02197265625
0 0.109375 0.50341796875 0.01318359375 0.0205078125
0 0.0263671875 0.576171875 0.01513671875 0.01708984375
0 0.11083984375 0.583984375 0.013671875 0.02099609375
0 0.06298828125 0.4404296875 0.01318359375 0.01953125
0 0.0771484375 0.419921875 0.01513671875 0.0205078125
0 0.03515625 0.7919921875 0.01025390625 0.01904296875
0 0.005859375 0.595703125 0.01171875 0.029296875
0 0.04296875 0.43359375 0.01123046875 0.021484375
0 0.06103515625 0.5888671875 0.0126953125 0.02197265625
0 0.015625 0.60791015625 0.01904296875 0.02392578125
0 0.07861328125 0.45068359375 0.013671875 0.02099609375
0 0.1826171875 0.5380859375 0.01220703125 0.017578125
0 0.044921875 0.578125 0.0078125 0.02392578125
0 0.02197265625 0.66845703125 0.01171875 0.0234375
0 0.08984375 0.4580078125 0.01318359375 0.02099609375
0 0.1806640625 0.3818359375 0.01123046875 0.0185546875
0 0.03515625 0.77978515625 0.0087890625 0.0234375
0 0.0966796875 0.49951171875 0.01220703125 0.01953125
0 0.1650390625 0.3896484375 0.01416015625 0.01708984375
0 0.12060546875 0.4521484375 0.0146484375 0.017578125
0 0.03662109375 0.525390625 0.015625 0.02294921875
0 0.13671875 0.44091796875 0.0146484375 0.01220703125
0 0.1015625 0.5673828125 0.01171875 0.02197265625
0 0.02001953125 0.55322265625 0.0068359375 0.01806640625
0 0.00390625 0.427734375 0.0078125 0.01416015625
0 0.07666015625 0.5517578125 0.01513671875 0.02099609375
0 0.15283203125 0.40673828125 0.0126953125 0.01708984375
0 0.05908203125 0.525390625 0.01123046875 0.01513671875
0 0.083984375 0.5419921875 0.01708984375 0.0244140625
0 0.07958984375 0.57177734375 0.017578125 0.0244140625
0 0.0048828125 0.6875 0.00927734375 0.02001953125
0 0.1533203125 0.56982421875 0.01318359375 0.0166015625
0 0.1708984375 0.375 0.017578125 0.01123046875
0 0.16259765625 0.41064453125 0.0107421875 0.017578125
0 0.1376953125 0.44921875 0.013671875 0.01416015625
0 0.126953125 0.46435546875 0.013671875 0.01416015625
0 0.0576171875 0.5517578125 0.0146484375 0.0185546875
0 0.05419921875 0.541015625 0.01416015625 0.01123046875
0 0.05078125 0.5361328125 0.009765625 0.009765625
0 0.09130859375 0.56005859375 0.0107421875 0.01904296875
0 0.10009765625 0.55859375 0.01611328125 0.0146484375
0 0.025390625 0.59765625 0.0087890625 0.01953125
0 0.1279296875 0.7509765625 0.01611328125 0.02001953125