0 0.96826171875 0.81787109375 0.00927734375 0.02490234375
0 0.97705078125 0.82470703125 0.00634765625 0.0224609375
0 0.853515625 0.66162109375 0.00830078125 0.01953125
0 0.87548828125 0.63232421875 0.00634765625 0.02099609375
0 0.982421875 0.30224609375 0.005859375 0.021484375
0 0.96435546875 0.2763671875 0.0087890625 0.02294921875
0 0.96875 0.30224609375 0.00927734375 0.01953125
0 0.9072265625 0.66015625 0.00830078125 0.02587890625
0 0.908203125 0.33984375 0.01025390625 0.01708984375
0 0.96923828125 0.69775390625 0.0087890625 0.01904296875
0 0.9130859375 0.29150390625 0.00927734375 0.02734375
0 0.9677734375 0.986328125 0.015625 0.01904296875
0 0.998046875 0.2568359375 0.00390625 0.02099609375
0 0.84716796875 0.7724609375 0.01123046875 0.01611328125
0 0.88916015625 0.40380859375 0.00634765625 0.0244140625
0 0.9248046875 0.5390625 0.00927734375 0.02685546875
0 0.96826171875 0.2216796875 0.00830078125 0.01953125
0 0.96923828125 0.865234375 0.00830078125 0.02490234375
0 0.8359375 0.62255859375 0.005859375 0.015625
0 0.76513671875 0.98095703125 0.0087890625 0.0234375