0 0.65478515625 0.32177734375 0.0126953125 0.0185546875
0 0.6513671875 0.31982421875 0.013671875 0.0185546875
0 0.87060546875 0.443359375 0.0126953125 0.015625
0 0.79150390625 0.37890625 0.0166015625 0.0166015625
0 0.58544921875 0.298828125 0.015625 0.0166015625
0 0.892578125 0.60888671875 0.015625 0.0205078125
0 0.81396484375 0.48095703125 0.0146484375 0.0166015625
0 0.80859375 0.33544921875 0.0087890625 0.0146484375
0 0.845703125 0.53076171875 0.015625 0.017578125
0 0.876953125 0.41259765625 0.0146484375 0.0185546875
0 0.787109375 0.310546875 0.0107421875 0.013671875
0 0.779296875 0.330078125 0.0087890625 0.0146484375
0 0.71435546875 0.31689453125 0.009765625 0.0126953125
0 0.82568359375 0.3505859375 0.013671875 0.015625
0 0.8916015625 0.443359375 0.0126953125 0.013671875
0 0.6826171875 0.33447265625 0.013671875 0.013671875
0 0.81396484375 0.3671875 0.0107421875 0.013671875
0 0.80322265625 0.4384765625 0.0146484375 0.0146484375
0 0.7626953125 0.322265625 0.0078125 0.013671875
0 0.875 0.4365234375 0.0126953125 0.0146484375
0 0.78662109375 0.3486328125 0.0146484375 0.0146484375
0 0.77880859375 0.3076171875 0.0107421875 0.0166015625
0 0.986328125 0.52685546875 0.0126953125 0.015625
0 0.85791015625 0.60546875 0.013671875 0.0185546875
0 0.93701171875 0.52392578125 0.0126953125 0.015625
0 0.9580078125 0.70556640625 0.0126953125 0.01953125
0 0.9453125 0.7353515625 0.0126953125 0.017578125
0 0.9140625 0.85546875 0.0146484375 0.021484375
0 0.9755859375 0.5224609375 0.017578125 0.0185546875
0 0.931640625 0.72802734375 0.0126953125 0.0205078125
0 0.73291015625 0.20458984375 0.0078125 0.0146484375
0 0.9912109375 0.58935546875 0.0087890625 0.017578125
0 0.70263671875 0.14794921875 0.0146484375 0.017578125