0 0.5517578125 0.478515625 0.037109375 0.05712890625
0 0.56787109375 0.45654296875 0.02978515625 0.05078125
0 0.591796875 0.2763671875 0.037109375 0.046875
0 0.962890625 0.376953125 0.02783203125 0.07763671875
0 0.90576171875 0.26513671875 0.037109375 0.05419921875
0 0.0908203125 0.37109375 0.02978515625 0.06884765625
0 0.2841796875 0.1904296875 0.01806640625 0.046875
0 0.3701171875 0.6396484375 0.0234375 0.04443359375
0 0.94677734375 0.8115234375 0.029296875 0.06982421875
0 0.5458984375 0.1376953125 0.03515625 0.07177734375
0 0.98486328125 0.095703125 0.0302734375 0.03759765625
0 0.376953125 0.02490234375 0.03369140625 0.0498046875
0 0.4892578125 0.32763671875 0.037109375 0.0751953125
0 0.376953125 0.353515625 0.03466796875 0.07568359375
0 0.857421875 0.82421875 0.0341796875 0.0751953125
0 0.80322265625 0.94287109375 0.02783203125 0.07568359375
0 0.0849609375 0.5078125 0.037109375 0.048828125
0 0.216796875 0.52490234375 0.03369140625 0.0537109375
0 0.71142578125 0.3662109375 0.03271484375 0.06982421875
0 0.7744140625 0.77685546875 0.0244140625 0.05078125
0 0.3564453125 0.41015625 0.0244140625 0.068359375
0 0.28125 0.73828125 0.025390625 0.07763671875
0 0.32568359375 0.02685546875 0.0283203125 0.0537109375
0 0.4921875 0.37841796875 0.0390625 0.0478515625
0 0.6083984375 0.41845703125 0.02685546875 0.04736328125
0 0.13623046875 0.91650390625 0.03759765625 0.0419921875
0 0.28955078125 0.96875 0.03466796875 0.06103515625
0 0.2978515625 0.69482421875 0.03369140625 0.02783203125
0 0.91796875 0.61767578125 0.029296875 0.08251953125
0 0.65234375 0.15283203125 0.03466796875 0.0849609375
0 0.21484375 0.97705078125 0.01171875 0.0458984375
0 0.64306640625 0.12353515625 0.01513671875 0.0234375
0 0.296875 0.23291015625 0.0205078125 0.0517578125
0 0.79150390625 0.96630859375 0.0107421875 0.02294921875