0 0.7841796875 0.26025390625 0.013671875 0.0263671875
0 0.583984375 0.0498046875 0.0146484375 0.03125
0 0.685546875 0.06884765625 0.01611328125 0.03125
0 0.46875 0.0439453125 0.01904296875 0.033203125
0 0.23974609375 0.021484375 0.017578125 0.0185546875
0 0.31005859375 0.11328125 0.01953125 0.03515625
0 0.13134765625 0.12353515625 0.0166015625 0.02880859375
0 0.462890625 0.009765625 0.01611328125 0.01953125
0 0.78369140625 0.11376953125 0.02001953125 0.02587890625
0 0.39111328125 0.13427734375 0.0185546875 0.03759765625
0 0.384765625 0.01220703125 0.017578125 0.0244140625
0 0.71923828125 0.29443359375 0.01220703125 0.0283203125
0 0.6875 0.31982421875 0.017578125 0.0419921875
0 0.4169921875 0.2783203125 0.02001953125 0.02392578125
0 0.70751953125 0.26123046875 0.01904296875 0.02490234375
0 0.93359375 0.0166015625 0.01513671875 0.02978515625
0 0.34423828125 0.12353515625 0.01953125 0.03564453125
0 0.158203125 0.0400390625 0.0146484375 0.03515625
0 0.3388671875 0.04638671875 0.01123046875 0.0234375
0 0.96728515625 0.15478515625 0.01806640625 0.03564453125
0 0.81494140625 0.26318359375 0.0185546875 0.03369140625
0 0.4091796875 0.04248046875 0.01611328125 0.02880859375
0 0.21240234375 0.125 0.01806640625 0.02734375
0 0.76513671875 0.33154296875 0.0185546875 0.0263671875
0 0.77490234375 0.09130859375 0.01611328125 0.02978515625
0 0.5966796875 0.23291015625 0.01416015625 0.03564453125
0 0.76416015625 0.28955078125 0.0185546875 0.02587890625
0 0.8720703125 0.01318359375 0.01806640625 0.025390625
0 0.44921875 0.390625 0.02197265625 0.02197265625
0 0.158203125 0.1572265625 0.02392578125 0.033203125
0 0.90771484375 0.30419921875 0.02099609375 0.03076171875
0 0.5654296875 0.16015625 0.01513671875 0.02978515625
0 0.90673828125 0.1640625 0.01806640625 0.029296875
0 0.470703125 0.1337890625 0.01416015625 0.03076171875
0 0.7412109375 0.2392578125 0.0166015625 0.0380859375
0 0.7158203125 0.22607421875 0.01171875 0.03173828125
0 0.95068359375 0.1455078125 0.017578125 0.02978515625
0 0.51025390625 0.1494140625 0.02685546875 0.0380859375
0 0.27001953125 0.1474609375 0.01513671875 0.03515625
0 0.5361328125 0.1162109375 0.01171875 0.0322265625
0 0.240234375 0.1494140625 0.01953125 0.0234375
0 0.5419921875 0.21484375 0.01904296875 0.025390625
0 0.62109375 0.03955078125 0.0126953125 0.02880859375
0 0.5576171875 0.39111328125 0.01708984375 0.0322265625
0 0.9736328125 0.41162109375 0.0185546875 0.0283203125
0 0.455078125 0.1337890625 0.0166015625 0.037109375
0 0.6630859375 0.12548828125 0.013671875 0.0263671875
0 0.8271484375 0.3486328125 0.02001953125 0.03564453125
0 0.533203125 0.185546875 0.01708984375 0.03076171875
0 0.68994140625 0.2392578125 0.0166015625 0.041015625
0 0.81494140625 0.1591796875 0.0166015625 0.03125
0 0.9072265625 0.37841796875 0.0224609375 0.05419921875
0 0.8447265625 0.30517578125 0.0205078125 0.03076171875
0 0.53173828125 0.1513671875 0.01806640625 0.02197265625
0 0.9013671875 0.11865234375 0.015625 0.03662109375
0 0.5302734375 0.2099609375 0.01513671875 0.033203125
0 0.44677734375 0.1669921875 0.01953125 0.0263671875
0 0.60107421875 0.0810546875 0.0166015625 0.033203125
0 0.818359375 0.0810546875 0.015625 0.0341796875
0 0.43359375 0.1083984375 0.0166015625 0.0400390625
0 0.9970703125 0.0185546875 0.005859375 0.02490234375
0 0.42138671875 0.18212890625 0.017578125 0.03759765625
0 0.54345703125 0.158203125 0.01953125 0.02734375
0 0.5283203125 0.1640625 0.0166015625 0.0283203125
0 0.71533203125 0.30859375 0.01611328125 0.03466796875
0 0.2470703125 0.115234375 0.0302734375 0.029296875
0 0.89599609375 0.15625 0.01904296875 0.02978515625
0 0.94775390625 0.39990234375 0.013671875 0.04296875
0 0.46240234375 0.1591796875 0.01806640625 0.0380859375
0 0.99169921875 0.02001953125 0.01416015625 0.03076171875
0 0.81103515625 0.36474609375 0.01513671875 0.0283203125
0 0.40673828125 0.060546875 0.0126953125 0.025390625
0 0.61376953125 0.03271484375 0.01171875 0.02587890625
0 0.49853515625 0.158203125 0.0234375 0.033203125
0 0.77880859375 0.279296875 0.01416015625 0.03076171875
0 0.46240234375 0.0654296875 0.013671875 0.03369140625
0 0.30712890625 0.17919921875 0.021484375 0.0244140625
0 0.58154296875 0.1533203125 0.0126953125 0.025390625
0 0.90380859375 0.31689453125 0.01806640625 0.02734375