0 0.06689453125 0.59375 0.052734375 0.025390625
0 0.126953125 0.50244140625 0.0390625 0.0283203125
0 0.2138671875 0.458984375 0.0400390625 0.0234375
0 0.52685546875 0.3916015625 0.021484375 0.01953125
0 0.05859375 0.54052734375 0.0595703125 0.03515625
0 0.78076171875 0.3525390625 0.0224609375 0.0224609375
0 0.46826171875 0.6376953125 0.05078125 0.044921875
0 0.83935546875 0.42041015625 0.0576171875 0.0341796875
0 0.83154296875 0.31591796875 0.0205078125 0.01953125
0 0.85595703125 0.32666015625 0.0380859375 0.025390625
0 0.90673828125 0.2958984375 0.0400390625 0.0234375
0 0.71435546875 0.36279296875 0.021484375 0.0205078125
0 0.849609375 0.30908203125 0.0205078125 0.0205078125
0 0.04345703125 0.64892578125 0.0498046875 0.0361328125
0 0.39892578125 0.46142578125 0.0322265625 0.025390625
0 0.5009765625 0.39892578125 0.0322265625 0.0166015625
0 0.44873046875 0.404296875 0.0283203125 0.015625
0 0.86962890625 0.30322265625 0.01953125 0.0185546875
0 0.44775390625 0.4140625 0.0302734375 0.0224609375
0 0.89501953125 0.431640625 0.044921875 0.033203125
0 0.81201171875 0.3125 0.0205078125 0.01953125
0 0.16162109375 0.4833984375 0.0263671875 0.0234375
0 0.0751953125 0.55615234375 0.041015625 0.029296875
0 0.69775390625 0.4287109375 0.03125 0.0263671875
0 0.5654296875 0.6064453125 0.0517578125 0.044921875
0 0.9228515625 0.29638671875 0.0107421875 0.0078125
0 0.07666015625 0.53271484375 0.0224609375 0.017578125