0 0.9638671875 0.85302734375 0.03515625 0.0537109375
0 0.625 0.92626953125 0.0419921875 0.060546875
0 0.9912109375 0.7353515625 0.017578125 0.048828125
0 0.400390625 0.9462890625 0.02734375 0.0546875
0 0.3017578125 0.99267578125 0.033203125 0.0146484375
0 0.28515625 0.8974609375 0.02734375 0.0517578125
0 0.37548828125 0.416015625 0.0234375 0.02734375
0 0.3076171875 0.64697265625 0.033203125 0.0390625
0 0.31396484375 0.48486328125 0.0205078125 0.0302734375
0 0.9775390625 0.4453125 0.02734375 0.03515625
0 0.5830078125 0.87060546875 0.03125 0.0361328125
0 0.95166015625 0.68701171875 0.03515625 0.05078125
0 0.8232421875 0.7578125 0.029296875 0.0478515625
0 0.35693359375 0.66455078125 0.0205078125 0.0400390625
0 0.9375 0.48779296875 0.0205078125 0.0361328125
0 0.17041015625 0.49267578125 0.0166015625 0.0283203125
0 0.5712890625 0.6513671875 0.0322265625 0.0478515625
0 0.8046875 0.57861328125 0.0234375 0.0380859375
0 0.916015625 0.7412109375 0.03515625 0.0546875
0 0.93798828125 0.73876953125 0.03125 0.048828125
0 0.26904296875 0.8564453125 0.0244140625 0.05078125
0 0.78662109375 0.73583984375 0.0283203125 0.0517578125
0 0.908203125 0.48974609375 0.01953125 0.033203125
0 0.4384765625 0.94775390625 0.0244140625 0.052734375
0 0.60107421875 0.7646484375 0.0244140625 0.048828125
0 0.85791015625 0.748046875 0.0302734375 0.048828125
0 0.57958984375 0.62939453125 0.01953125 0.0419921875
0 0.92236328125 0.45751953125 0.0224609375 0.0439453125
0 0.66162109375 0.65234375 0.021484375 0.044921875
0 0.57958984375 0.7568359375 0.0283203125 0.0390625
0 0.845703125 0.5302734375 0.0146484375 0.03125
0 0.939453125 0.8916015625 0.0322265625 0.0419921875
0 0.04345703125 0.61376953125 0.0205078125 0.0244140625
0 0.4169921875 0.912109375 0.0244140625 0.0517578125
0 0.0712890625 0.642578125 0.0185546875 0.03125
0 0.0576171875 0.6201171875 0.0166015625 0.025390625
0 0.6494140625 0.56298828125 0.01953125 0.0361328125
0 0.71435546875 0.61669921875 0.0205078125 0.0419921875
0 0.99462890625 0.52490234375 0.0107421875 0.0302734375
0 0.5263671875 0.7470703125 0.021484375 0.0419921875
0 0.7353515625 0.55712890625 0.01953125 0.0341796875
0 0.8603515625 0.59326171875 0.0185546875 0.0400390625
0 0.9970703125 0.89208984375 0.005859375 0.0244140625
0 0.71142578125 0.9501953125 0.0224609375 0.0341796875
0 0.625 0.58154296875 0.0166015625 0.033203125
0 0.79345703125 0.63525390625 0.021484375 0.0439453125
0 0.74169921875 0.72119140625 0.0224609375 0.0498046875
0 0.3876953125 0.4326171875 0.015625 0.0244140625
0 0.548828125 0.96337890625 0.021484375 0.03125
0 0.9873046875 0.8408203125 0.025390625 0.041015625
0 0.32421875 0.85986328125 0.0224609375 0.0458984375
0 0.6904296875 0.6875 0.0224609375 0.04296875
0 0.95703125 0.890625 0.0234375 0.0478515625