0 0.76708984375 0.794921875 0.015625 0.02685546875
0 0.5478515625 0.716796875 0.01708984375 0.02001953125
0 0.51318359375 0.77685546875 0.005859375 0.017578125
0 0.74951171875 0.98876953125 0.0078125 0.02197265625
0 0.52734375 0.7841796875 0.0087890625 0.0126953125
0 0.6953125 0.794921875 0.0068359375 0.01904296875
0 0.5947265625 0.80859375 0.0107421875 0.02099609375
0 0.90283203125 0.974609375 0.00732421875 0.0234375
0 0.703125 0.84375 0.0078125 0.01611328125
0 0.88525390625 0.984375 0.00634765625 0.01708984375
0 0.72900390625 0.828125 0.0078125 0.017578125
0 0.7861328125 0.869140625 0.01171875 0.03173828125
0 0.5205078125 0.98095703125 0.0087890625 0.0244140625
0 0.85546875 0.9296875 0.00830078125 0.01953125
0 0.63427734375 0.8759765625 0.00634765625 0.02099609375
0 0.55859375 0.87451171875 0.00830078125 0.02099609375
0 0.54443359375 0.884765625 0.00732421875 0.02197265625
0 0.541015625 0.9765625 0.01025390625 0.0224609375
0 0.7060546875 0.98876953125 0.0078125 0.01806640625
0 0.98388671875 0.95849609375 0.00732421875 0.0205078125
0 0.76171875 0.90185546875 0.00732421875 0.02392578125
0 0.60302734375 0.85498046875 0.0126953125 0.02099609375
0 0.72412109375 0.896484375 0.01025390625 0.0224609375
0 0.73828125 0.93212890625 0.00634765625 0.0224609375
0 0.72998046875 0.9609375 0.0068359375 0.021484375
0 0.7333984375 0.85546875 0.0107421875 0.02001953125
0 0.5576171875 0.93994140625 0.01171875 0.0263671875
0 0.68994140625 0.94189453125 0.00927734375 0.0205078125
0 0.56640625 0.9052734375 0.0078125 0.02001953125
0 0.74609375 0.86767578125 0.00732421875 0.02001953125
0 0.73486328125 0.87744140625 0.00732421875 0.0224609375
0 0.6650390625 0.890625 0.009765625 0.02099609375
0 0.77001953125 0.94775390625 0.00927734375 0.0224609375
0 0.71826171875 0.95556640625 0.0078125 0.0205078125
0 0.5732421875 0.982421875 0.013671875 0.03076171875
0 0.62451171875 0.9541015625 0.0068359375 0.01953125
0 0.65380859375 0.90380859375 0.0078125 0.01953125
0 0.5947265625 0.8876953125 0.00830078125 0.02392578125
0 0.59814453125 0.9150390625 0.00830078125 0.01611328125
0 0.60546875 0.98779296875 0.0107421875 0.02294921875
0 0.6640625 0.927734375 0.009765625 0.021484375
0 0.619140625 0.923828125 0.0078125 0.0224609375
0 0.640625 0.966796875 0.00927734375 0.02197265625
0 0.63818359375 0.90185546875 0.01025390625 0.0224609375
0 0.6298828125 0.98681640625 0.01611328125 0.021484375
0 0.923828125 0.9921875 0.00927734375 0.0126953125
0 0.66015625 0.9619140625 0.01123046875 0.0341796875
0 0.5830078125 0.8994140625 0.0087890625 0.02099609375
0 0.619140625 0.9931640625 0.0107421875 0.01318359375
0 0.76171875 0.9755859375 0.00634765625 0.01513671875
0 0.6669921875 0.970703125 0.0087890625 0.02783203125
0 0.58447265625 0.796875 0.0078125 0.01416015625
0 0.60595703125 0.96435546875 0.01220703125 0.0302734375
0 0.73779296875 0.8984375 0.0107421875 0.02734375
0 0.59912109375 0.93505859375 0.00732421875 0.02294921875
0 0.95703125 0.98974609375 0.01171875 0.01123046875
0 0.53125 0.81201171875 0.00927734375 0.01708984375
0 0.525390625 0.796875 0.00927734375 0.01904296875
0 0.7021484375 0.82763671875 0.009765625 0.017578125
0 0.8896484375 0.98046875 0.0078125 0.01513671875