0 0.55712890625 0.3291015625 0.03515625 0.07177734375
0 0.609375 0.62451171875 0.0234375 0.04638671875
0 0.6181640625 0.90087890625 0.01806640625 0.072265625
0 0.40576171875 0.744140625 0.02001953125 0.06494140625
0 0.958984375 0.48046875 0.03662109375 0.05712890625
0 0.61962890625 0.505859375 0.0244140625 0.06591796875
0 0.72509765625 0.74951171875 0.03369140625 0.03369140625
0 0.68212890625 0.42333984375 0.029296875 0.07373046875
0 0.9833984375 0.58740234375 0.03271484375 0.0546875
0 0.421875 0.31884765625 0.0283203125 0.064453125
0 0.7255859375 0.587890625 0.03515625 0.05322265625
0 0.60693359375 0.8193359375 0.02099609375 0.0615234375
0 0.8603515625 0.34912109375 0.033203125 0.05615234375
0 0.4052734375 0.4404296875 0.02783203125 0.064453125
0 0.69921875 0.40966796875 0.0341796875 0.05859375
0 0.1943359375 0.681640625 0.04296875 0.04052734375
0 0.7587890625 0.62255859375 0.0390625 0.052734375
0 0.9794921875 0.72998046875 0.02783203125 0.0654296875
0 0.54296875 0.72119140625 0.03466796875 0.04541015625
0 0.6552734375 0.58740234375 0.02978515625 0.0576171875
0 0.59814453125 0.087890625 0.02099609375 0.0732421875
0 0.80078125 0.16552734375 0.041015625 0.056640625
0 0.451171875 0.810546875 0.0234375 0.06298828125
0 0.5 0.671875 0.0234375 0.06884765625
0 0.53662109375 0.8427734375 0.02880859375 0.0439453125
0 0.3525390625 0.166015625 0.04296875 0.04638671875
0 0.6181640625 0.09228515625 0.01953125 0.06640625
0 0.86669921875 0.009765625 0.0107421875 0.01953125
0 0.78369140625 0.0146484375 0.0361328125 0.02880859375
0 0.87890625 0.98876953125 0.01904296875 0.0224609375
0 0.70654296875 0.30908203125 0.04296875 0.0537109375
0 0.3056640625 0.93994140625 0.02734375 0.06298828125
0 0.328125 0.38916015625 0.03125 0.05322265625
0 0.74560546875 0.9228515625 0.02783203125 0.0693359375
0 0.84716796875 0.01806640625 0.0322265625 0.03466796875
0 0.76806640625 0.9697265625 0.0283203125 0.05859375
0 0.53076171875 0.70947265625 0.01220703125 0.02392578125
0 0.97119140625 0.70263671875 0.01025390625 0.01708984375
0 0.498046875 0.6435546875 0.009765625 0.01953125
0 0.662109375 0.564453125 0.0087890625 0.02099609375
0 0.70556640625 0.8857421875 0.03076171875 0.05615234375
0 0.6162109375 0.478515625 0.01220703125 0.017578125
0 0.42041015625 0.75732421875 0.0185546875 0.0634765625
0 0.7744140625 0.63916015625 0.03662109375 0.05908203125