0 0.43017578125 0.75927734375 0.017578125 0.021484375
0 0.5087890625 0.72216796875 0.0126953125 0.0224609375
0 0.6513671875 0.6220703125 0.015625 0.0205078125
0 0.2265625 0.943359375 0.0107421875 0.01953125
0 0.36669921875 0.89404296875 0.0126953125 0.01953125
0 0.705078125 0.6767578125 0.01171875 0.021484375
0 0.6982421875 0.74755859375 0.01171875 0.017578125
0 0.73193359375 0.82421875 0.015625 0.0234375
0 0.68994140625 0.69091796875 0.0185546875 0.0263671875
0 0.697265625 0.69677734375 0.0107421875 0.021484375
0 0.69287109375 0.7119140625 0.0166015625 0.025390625
0 0.62646484375 0.72314453125 0.015625 0.029296875
0 0.63623046875 0.7373046875 0.0185546875 0.02734375
0 0.640625 0.7529296875 0.01171875 0.0185546875
0 0.63330078125 0.71337890625 0.0107421875 0.0146484375
0 0.5927734375 0.7548828125 0.009765625 0.0126953125
0 0.58447265625 0.76220703125 0.0166015625 0.015625
0 0.60888671875 0.7998046875 0.015625 0.0205078125
0 0.48974609375 0.755859375 0.0185546875 0.021484375
0 0.51171875 0.76220703125 0.0126953125 0.0166015625
0 0.51318359375 0.7783203125 0.0146484375 0.01953125
0 0.49755859375 0.8779296875 0.0185546875 0.025390625
0 0.5009765625 0.841796875 0.01171875 0.0205078125
0 0.5068359375 0.8427734375 0.0146484375 0.0244140625
0 0.4833984375 0.79052734375 0.01171875 0.0185546875
0 0.4873046875 0.8212890625 0.01171875 0.021484375
0 0.48388671875 0.80615234375 0.0166015625 0.01953125
0 0.57568359375 0.818359375 0.0166015625 0.015625
0 0.67822265625 0.763671875 0.0146484375 0.01953125
0 0.68310546875 0.73388671875 0.01171875 0.013671875
0 0.68310546875 0.748046875 0.01171875 0.0146484375
0 0.70068359375 0.82958984375 0.013671875 0.0205078125
0 0.69580078125 0.8515625 0.013671875 0.025390625
0 0.70654296875 0.84765625 0.015625 0.021484375
0 0.7431640625 0.8662109375 0.0185546875 0.0185546875
0 0.748046875 0.89599609375 0.013671875 0.0205078125
0 0.64404296875 0.78564453125 0.01171875 0.021484375
0 0.6494140625 0.78125 0.0126953125 0.017578125
0 0.6552734375 0.798828125 0.0146484375 0.021484375
0 0.58544921875 0.7763671875 0.0205078125 0.0205078125
0 0.5849609375 0.8349609375 0.01171875 0.021484375
0 0.580078125 0.85986328125 0.015625 0.0205078125
0 0.5576171875 0.89599609375 0.0146484375 0.01953125
0 0.51708984375 0.921875 0.0166015625 0.0205078125
0 0.52685546875 0.91162109375 0.013671875 0.01953125
0 0.72998046875 0.8681640625 0.017578125 0.0166015625
0 0.72412109375 0.8837890625 0.017578125 0.0224609375
0 0.75537109375 0.9267578125 0.0185546875 0.0224609375
0 0.67333984375 0.87744140625 0.013671875 0.021484375
0 0.64892578125 0.8369140625 0.015625 0.0224609375
0 0.615234375 0.841796875 0.013671875 0.0224609375
0 0.62939453125 0.85009765625 0.013671875 0.0185546875
0 0.65380859375 0.8583984375 0.0107421875 0.0224609375
0 0.716796875 0.92529296875 0.015625 0.0244140625
0 0.7197265625 0.95263671875 0.015625 0.017578125
0 0.59521484375 0.86328125 0.0146484375 0.01953125
0 0.55615234375 0.95458984375 0.0126953125 0.015625
0 0.56689453125 0.95849609375 0.0126953125 0.015625
0 0.583984375 0.958984375 0.0166015625 0.01953125
0 0.59765625 0.96435546875 0.013671875 0.0224609375
0 0.6533203125 0.95166015625 0.01171875 0.01953125
0 0.6923828125 0.89697265625 0.01953125 0.0166015625
0 0.69482421875 0.908203125 0.013671875 0.013671875
0 0.68896484375 0.91943359375 0.0146484375 0.025390625
0 0.68212890625 0.912109375 0.015625 0.017578125
0 0.6806640625 0.88427734375 0.013671875 0.017578125
0 0.6689453125 0.90673828125 0.013671875 0.01953125
0 0.78759765625 0.919921875 0.013671875 0.021484375
0 0.59228515625 0.89306640625 0.0107421875 0.0185546875
0 0.603515625 0.86865234375 0.0146484375 0.021484375
0 0.671875 0.93505859375 0.0146484375 0.021484375
0 0.65869140625 0.89013671875 0.0126953125 0.01953125
0 0.65087890625 0.89306640625 0.013671875 0.021484375
0 0.66015625 0.93603515625 0.0126953125 0.0224609375
0 0.63037109375 0.9501953125 0.01171875 0.0166015625
0 0.62646484375 0.97705078125 0.0146484375 0.013671875
0 0.6279296875 0.9638671875 0.015625 0.0166015625
0 0.52734375 0.986328125 0.0146484375 0.01953125
0 0.525390625 0.95166015625 0.015625 0.021484375
0 0.501953125 0.94287109375 0.01171875 0.0205078125
0 0.60888671875 0.96630859375 0.013671875 0.0234375
0 0.6171875 0.9462890625 0.0146484375 0.0146484375
0 0.61669921875 0.96044921875 0.0126953125 0.013671875
0 0.63134765625 0.8720703125 0.013671875 0.013671875
0 0.62646484375 0.8916015625 0.01171875 0.0146484375
0 0.6181640625 0.91162109375 0.01171875 0.015625
0 0.60986328125 0.89404296875 0.0107421875 0.0146484375
0 0.60546875 0.90869140625 0.0126953125 0.0146484375
0 0.6005859375 0.89990234375 0.013671875 0.0166015625
0 0.63671875 0.92578125 0.0126953125 0.0166015625
0 0.63330078125 0.91162109375 0.009765625 0.0166015625
0 0.62744140625 0.91845703125 0.01171875 0.0146484375
0 0.64453125 0.90673828125 0.01171875 0.017578125
0 0.4541015625 0.8779296875 0.01171875 0.0185546875
0 0.4365234375 0.869140625 0.0126953125 0.0166015625
0 0.4443359375 0.92041015625 0.0146484375 0.0205078125
0 0.42822265625 0.8466796875 0.009765625 0.0146484375
0 0.431640625 0.82470703125 0.0107421875 0.015625
0 0.427734375 0.83251953125 0.0087890625 0.013671875
0 0.47119140625 0.9296875 0.0078125 0.015625
0 0.4228515625 0.95263671875 0.009765625 0.0166015625
0 0.48388671875 0.9453125 0.009765625 0.013671875
0 0.39599609375 0.97314453125 0.013671875 0.017578125
0 0.357421875 0.9501953125 0.013671875 0.01953125
0 0.44140625 0.99462890625 0.01171875 0.0107421875
0 0.48291015625 0.97265625 0.0126953125 0.015625
0 0.5068359375 0.99609375 0.013671875 0.0078125
0 0.376953125 0.99267578125 0.013671875 0.0146484375
0 0.41796875 0.98193359375 0.0146484375 0.01953125
0 0.353515625 0.998046875 0.01171875 0.00390625
0 0.3173828125 0.98828125 0.0107421875 0.0126953125
0 0.64599609375 0.943359375 0.015625 0.0205078125
0 0.6376953125 0.88037109375 0.0126953125 0.0146484375
0 0.6806640625 0.8916015625 0.0185546875 0.0283203125
0 0.55859375 0.95947265625 0.0185546875 0.0224609375
0 0.43212890625 0.76123046875 0.015625 0.025390625
0 0.52490234375 0.91455078125 0.0146484375 0.021484375
0 0.5048828125 0.99755859375 0.017578125 0.0048828125
0 0.48291015625 0.94921875 0.013671875 0.0224609375
0 0.5908203125 0.75830078125 0.013671875 0.0185546875
0 0.49560546875 0.99267578125 0.0146484375 0.0146484375
0 0.328125 0.97314453125 0.0126953125 0.0205078125
0 0.64501953125 0.91015625 0.01171875 0.0166015625
0 0.43310546875 0.7412109375 0.0107421875 0.0185546875
0 0.783203125 0.93408203125 0.015625 0.021484375