0 0.17724609375 0.48095703125 0.01171875 0.0234375
0 0.4208984375 0.33056640625 0.0126953125 0.01953125
0 0.55908203125 0.33056640625 0.01513671875 0.0380859375
0 0.11376953125 0.015625 0.01318359375 0.03076171875
0 0.443359375 0.39990234375 0.01513671875 0.03076171875
0 0.46337890625 0.42919921875 0.01513671875 0.02587890625
0 0.57177734375 0.103515625 0.01318359375 0.03515625
0 0.00830078125 0.3359375 0.0146484375 0.029296875
0 0.1484375 0.40185546875 0.0166015625 0.03076171875
0 0.31787109375 0.43701171875 0.0146484375 0.03076171875
0 0.56591796875 0.02734375 0.0126953125 0.0341796875
0 0.02294921875 0.255859375 0.01220703125 0.02783203125
0 0.54345703125 0.15625 0.01416015625 0.029296875
0 0.35009765625 0.02197265625 0.013671875 0.01904296875
0 0.53076171875 0.35302734375 0.01025390625 0.037109375
0 0.5732421875 0.21484375 0.01611328125 0.03466796875
0 0.12548828125 0.39697265625 0.01708984375 0.0283203125
0 0.029296875 0.306640625 0.01416015625 0.03466796875
0 0.23193359375 0.40234375 0.0107421875 0.02880859375
0 0.47216796875 0.3564453125 0.01171875 0.03076171875
0 0.1474609375 0.13916015625 0.01220703125 0.03759765625
0 0.23876953125 0.0390625 0.017578125 0.03662109375
0 0.55859375 0.2646484375 0.01220703125 0.037109375
0 0.13037109375 0.25732421875 0.017578125 0.0263671875
0 0.189453125 0.15380859375 0.01513671875 0.03662109375
0 0.23388671875 0.216796875 0.013671875 0.03857421875
0 0.5146484375 0.28857421875 0.01220703125 0.02734375
0 0.50341796875 0.23486328125 0.009765625 0.0283203125
0 0.3740234375 0.39697265625 0.01416015625 0.02978515625
0 0.15283203125 0.30419921875 0.013671875 0.03271484375
0 0.2353515625 0.07421875 0.01171875 0.02294921875
0 0.2373046875 0.3701171875 0.00927734375 0.02490234375
0 0.37158203125 0.06005859375 0.01318359375 0.0322265625
0 0.17919921875 0.26025390625 0.015625 0.03662109375
0 0.45654296875 0.0419921875 0.01904296875 0.02392578125
0 0.23388671875 0.27392578125 0.0166015625 0.033203125
0 0.173828125 0.12353515625 0.01611328125 0.03759765625
0 0.47314453125 0.275390625 0.01171875 0.03955078125
0 0.548828125 0.12158203125 0.01513671875 0.02783203125
0 0.16650390625 0.23388671875 0.0166015625 0.02392578125
0 0.4892578125 0.15771484375 0.015625 0.0283203125
0 0.353515625 0.24267578125 0.01025390625 0.0205078125
0 0.400390625 0.099609375 0.00927734375 0.02783203125
0 0.56103515625 0.21533203125 0.01611328125 0.037109375
0 0.3125 0.34521484375 0.01708984375 0.0263671875
0 0.1552734375 0.158203125 0.00927734375 0.03125
0 0.35302734375 0.296875 0.0126953125 0.02099609375
0 0.39404296875 0.19287109375 0.01416015625 0.0263671875
0 0.22802734375 0.33984375 0.01416015625 0.033203125
0 0.29248046875 0.24169921875 0.0263671875 0.03466796875
0 0.43505859375 0.203125 0.01220703125 0.03271484375
0 0.32568359375 0.27587890625 0.013671875 0.029296875
0 0.328125 0.24609375 0.01220703125 0.02685546875
0 0.287109375 0.1162109375 0.015625 0.02490234375
0 0.27685546875 0.40478515625 0.01220703125 0.0224609375
0 0.35595703125 0.1533203125 0.01513671875 0.0302734375
0 0.16845703125 0.10107421875 0.01171875 0.025390625
0 0.3837890625 0.12451171875 0.0146484375 0.02880859375
0 0.259765625 0.16552734375 0.01708984375 0.04443359375
0 0.3203125 0.17431640625 0.01806640625 0.0283203125
0 0.15966796875 0.10009765625 0.013671875 0.033203125
0 0.43310546875 0.0341796875 0.01953125 0.0283203125
0 0.294921875 0.18408203125 0.01416015625 0.02294921875
0 0.216796875 0.369140625 0.01708984375 0.02685546875
0 0.4638671875 0.189453125 0.01171875 0.03759765625
0 0.2744140625 0.3134765625 0.00927734375 0.01953125
0 0.2890625 0.16796875 0.01513671875 0.02783203125
0 0.3134765625 0.4443359375 0.0087890625 0.01708984375