0 0.3193359375 0.75537109375 0.01318359375 0.0166015625
0 0.1904296875 0.986328125 0.01318359375 0.0146484375
0 0.36181640625 0.685546875 0.01513671875 0.0185546875
0 0.3681640625 0.787109375 0.01513671875 0.01611328125
0 0.1240234375 0.888671875 0.013671875 0.013671875
0 0.1064453125 0.93310546875 0.01513671875 0.01220703125
0 0.2490234375 0.771484375 0.01708984375 0.01904296875
0 0.07958984375 0.98095703125 0.017578125 0.01513671875
0 0.0458984375 0.94873046875 0.01416015625 0.01318359375
0 0.01220703125 0.8994140625 0.0126953125 0.013671875
0 0.02587890625 0.95751953125 0.013671875 0.01611328125