0 0.796875 0.62060546875 0.0830078125 0.0771484375
0 0.89404296875 0.55078125 0.046875 0.08154296875
0 0.8349609375 0.2412109375 0.0322265625 0.04833984375
0 0.3427734375 0.470703125 0.04541015625 0.0673828125
0 0.8291015625 0.3671875 0.0439453125 0.056640625
0 0.5751953125 0.2333984375 0.0400390625 0.048828125
0 0.29345703125 0.35205078125 0.03857421875 0.06689453125
0 0.2734375 0.41650390625 0.029296875 0.06787109375
0 0.5732421875 0.3037109375 0.05029296875 0.0537109375
0 0.943359375 0.17724609375 0.03369140625 0.041015625
0 0.35888671875 0.30126953125 0.0234375 0.06201171875
0 0.2763671875 0.64794921875 0.060546875 0.08544921875
0 0.7705078125 0.2763671875 0.03369140625 0.056640625
0 0.7177734375 0.2822265625 0.0361328125 0.0537109375
0 0.93115234375 0.11865234375 0.0322265625 0.03369140625
0 0.5556640625 0.20458984375 0.0361328125 0.04541015625
0 0.9052734375 0.10595703125 0.02880859375 0.02587890625
0 0.16845703125 0.39501953125 0.04150390625 0.05908203125
0 0.8857421875 0.23046875 0.02392578125 0.044921875
0 0.8662109375 0.1611328125 0.03466796875 0.03564453125
0 0.73095703125 0.13134765625 0.025390625 0.03466796875
0 0.83203125 0.166015625 0.0263671875 0.03955078125
0 0.7744140625 0.2490234375 0.03466796875 0.046875
0 0.5302734375 0.22705078125 0.046875 0.04833984375
0 0.76611328125 0.92529296875 0.09228515625 0.10498046875
0 0.953125 0.06005859375 0.02490234375 0.02490234375
0 0.80029296875 0.21875 0.03369140625 0.0517578125
0 0.40771484375 0.353515625 0.03857421875 0.06396484375
0 0.224609375 0.5693359375 0.0693359375 0.0703125
0 0.568359375 0.18505859375 0.0419921875 0.0341796875
0 0.6513671875 0.1884765625 0.029296875 0.03662109375
0 0.83251953125 0.11572265625 0.01953125 0.03271484375
0 0.740234375 0.31689453125 0.0400390625 0.0478515625
0 0.2041015625 0.318359375 0.03271484375 0.0556640625
0 0.81005859375 0.119140625 0.02880859375 0.03076171875
0 0.4462890625 0.146484375 0.02783203125 0.04345703125
0 0.78369140625 0.1181640625 0.021484375 0.03564453125
0 0.97216796875 0.0146484375 0.02294921875 0.0283203125
0 0.5625 0.2607421875 0.037109375 0.04833984375
0 0.43115234375 0.20751953125 0.0341796875 0.0615234375
0 0.86083984375 0.21337890625 0.0341796875 0.02197265625
0 0.99462890625 0.0146484375 0.0107421875 0.0234375
0 0.673828125 0.19677734375 0.0361328125 0.04345703125