0 0.52001953125 0.63525390625 0.0224609375 0.0205078125
0 0.29541015625 0.1962890625 0.0107421875 0.02734375
0 0.31591796875 0.12939453125 0.01171875 0.0263671875
0 0.14111328125 0.1640625 0.0107421875 0.025390625
0 0.1533203125 0.22900390625 0.0126953125 0.0322265625
0 0.578125 0.09716796875 0.0146484375 0.0302734375
0 0.36083984375 0.5888671875 0.017578125 0.0341796875
0 0.140625 0.08349609375 0.0087890625 0.0234375
0 0.23291015625 0.58740234375 0.0166015625 0.037109375
0 0.0712890625 0.1494140625 0.0087890625 0.025390625
0 0.63525390625 0.26513671875 0.015625 0.025390625
0 0.328125 0.64697265625 0.0205078125 0.0361328125
0 0.13330078125 0.38427734375 0.01953125 0.0322265625
0 0.5869140625 0.5283203125 0.0185546875 0.0341796875
0 0.505859375 0.0576171875 0.0166015625 0.02734375
0 0.123046875 0.552734375 0.0166015625 0.0390625
0 0.20703125 0.56005859375 0.017578125 0.037109375
0 0.18603515625 0.556640625 0.0166015625 0.03515625
0 0.134765625 0.4873046875 0.0166015625 0.0361328125
0 0.24072265625 0.1787109375 0.015625 0.0341796875
0 0.66064453125 0.3046875 0.015625 0.0302734375
0 0.3857421875 0.56298828125 0.013671875 0.03515625
0 0.375 0.42724609375 0.0185546875 0.0283203125
0 0.4541015625 0.40380859375 0.017578125 0.0283203125
0 0.0478515625 0.18408203125 0.009765625 0.0283203125
0 0.29638671875 0.60205078125 0.013671875 0.0380859375
0 0.220703125 0.41357421875 0.01953125 0.0322265625
0 0.06396484375 0.47509765625 0.0166015625 0.0322265625
0 0.0791015625 0.4384765625 0.015625 0.037109375
0 0.4912109375 0.537109375 0.01953125 0.02734375
0 0.427734375 0.5634765625 0.0146484375 0.0322265625
0 0.08056640625 0.57275390625 0.0166015625 0.0322265625
0 0.29833984375 0.2890625 0.0107421875 0.02734375
0 0.0615234375 0.17529296875 0.0107421875 0.033203125
0 0.32275390625 0.4833984375 0.017578125 0.033203125
0 0.44970703125 0.53955078125 0.01953125 0.029296875
0 0.36328125 0.55078125 0.015625 0.03515625
0 0.03564453125 0.23681640625 0.015625 0.03515625
0 0.37548828125 0.2548828125 0.017578125 0.0361328125
0 0.1591796875 0.53515625 0.0166015625 0.0361328125
0 0.61083984375 0.11669921875 0.0126953125 0.033203125
0 0.08984375 0.66015625 0.0166015625 0.041015625
0 0.115234375 0.431640625 0.013671875 0.03515625
0 0.12939453125 0.1708984375 0.0107421875 0.03125
0 0.10693359375 0.1875 0.013671875 0.03125
0 0.189453125 0.60302734375 0.017578125 0.0244140625
0 0.4453125 0.47802734375 0.017578125 0.0341796875
0 0.42822265625 0.24462890625 0.0205078125 0.0341796875
0 0.2568359375 0.560546875 0.0166015625 0.03515625
0 0.03173828125 0.20361328125 0.0146484375 0.0361328125
0 0.10302734375 0.38232421875 0.0146484375 0.03515625
0 0.068359375 0.5712890625 0.0166015625 0.0322265625
0 0.3154296875 0.3271484375 0.0146484375 0.033203125
0 0.00244140625 0.26220703125 0.0048828125 0.0361328125
0 0.18115234375 0.22216796875 0.0166015625 0.0390625
0 0.24365234375 0.28564453125 0.0107421875 0.0263671875
0 0.142578125 0.26025390625 0.013671875 0.0380859375
0 0.19287109375 0.4453125 0.0166015625 0.03125
0 0.33251953125 0.6181640625 0.021484375 0.0283203125
0 0.16650390625 0.22509765625 0.0185546875 0.0361328125
0 0.443359375 0.22509765625 0.0166015625 0.03125
0 0.1494140625 0.373046875 0.021484375 0.03125
0 0.251953125 0.07666015625 0.015625 0.03515625
0 0.11083984375 0.26953125 0.01171875 0.0244140625
0 0.19482421875 0.33935546875 0.0205078125 0.0400390625
0 0.037109375 0.373046875 0.017578125 0.03515625
0 0.26611328125 0.02978515625 0.0107421875 0.0224609375
0 0.52490234375 0.23046875 0.013671875 0.0283203125
0 0.009765625 0.2529296875 0.0107421875 0.0341796875
0 0.0205078125 0.55517578125 0.017578125 0.044921875
0 0.28759765625 0.22802734375 0.01953125 0.03515625
0 0.46533203125 0.17431640625 0.013671875 0.0341796875
0 0.07421875 0.076171875 0.015625 0.0185546875
0 0.1591796875 0.1806640625 0.015625 0.037109375
0 0.0556640625 0.42919921875 0.0126953125 0.025390625
0 0.16748046875 0.12109375 0.0166015625 0.0302734375
0 0.10009765625 0.4814453125 0.015625 0.033203125
0 0.11669921875 0.09130859375 0.015625 0.03515625
0 0.10107421875 0.33447265625 0.0166015625 0.0361328125
0 0.318359375 0.07763671875 0.017578125 0.0302734375
0 0.15185546875 0.1328125 0.0166015625 0.04296875
0 0.361328125 0.36572265625 0.0205078125 0.03515625
0 0.10302734375 0.14599609375 0.0107421875 0.0302734375
0 0.07763671875 0.16748046875 0.01953125 0.033203125
0 0.2880859375 0.03515625 0.0166015625 0.0263671875
0 0.17041015625 0.08056640625 0.017578125 0.0322265625
0 0.0419921875 0.1494140625 0.0107421875 0.029296875
0 0.52099609375 0.53759765625 0.01171875 0.0283203125
0 0.05810546875 0.07666015625 0.0166015625 0.0322265625
0 0.005859375 0.216796875 0.01171875 0.03515625
0 0.23828125 0.4775390625 0.0224609375 0.029296875
0 0.078125 0.08642578125 0.013671875 0.0283203125
0 0.25537109375 0.3046875 0.0234375 0.029296875
0 0.28564453125 0.2626953125 0.0224609375 0.0419921875
0 0.04052734375 0.50439453125 0.0166015625 0.03515625
0 0.69140625 0.44384765625 0.01171875 0.0302734375
0 0.56201171875 0.55908203125 0.013671875 0.0302734375
0 0.05078125 0.05517578125 0.0146484375 0.01953125
0 0.00390625 0.228515625 0.0078125 0.037109375
0 0.55322265625 0.5771484375 0.01953125 0.029296875
0 0.20703125 0.5244140625 0.0224609375 0.02734375
0 0.37255859375 0.658203125 0.0185546875 0.0185546875
0 0.49267578125 0.36474609375 0.0224609375 0.0419921875
0 0.06640625 0.3369140625 0.025390625 0.0283203125
0 0.22705078125 0.0302734375 0.013671875 0.017578125
0 0.13671875 0.6591796875 0.0205078125 0.03515625
0 0.15966796875 0.03466796875 0.0107421875 0.0146484375
0 0.0986328125 0.63427734375 0.0224609375 0.033203125
0 0.10888671875 0.095703125 0.0146484375 0.0341796875
0 0.5751953125 0.01318359375 0.021484375 0.0263671875