0 0.76220703125 0.21240234375 0.06591796875 0.0703125
0 0.91796875 0.09716796875 0.04833984375 0.05859375
0 0.97900390625 0.140625 0.0419921875 0.037109375
0 0.06005859375 0.3076171875 0.078125 0.04296875
0 0.64501953125 0.29638671875 0.052734375 0.08251953125
0 0.2939453125 0.6904296875 0.0654296875 0.08740234375
0 0.19091796875 0.6708984375 0.0634765625 0.07177734375
0 0.56298828125 0.16357421875 0.04638671875 0.07275390625
0 0.9716796875 0.03369140625 0.037109375 0.03369140625
0 0.7744140625 0.078125 0.04443359375 0.02734375
0 0.474609375 0.720703125 0.06201171875 0.11279296875
0 0.74169921875 0.33984375 0.0537109375 0.08251953125
0 0.7861328125 0.509765625 0.06591796875 0.11376953125
0 0.9248046875 0.5634765625 0.09814453125 0.1201171875
0 0.19482421875 0.05908203125 0.0205078125 0.04736328125
0 0.154296875 0.2626953125 0.04248046875 0.0771484375
0 0.7373046875 0.255859375 0.03466796875 0.04833984375
0 0.60009765625 0.134765625 0.06103515625 0.0654296875
0 0.37255859375 0.3115234375 0.04248046875 0.08935546875
0 0.568359375 0.08984375 0.04248046875 0.04345703125
0 0.9677734375 0.21630859375 0.05615234375 0.0810546875
0 0.75439453125 0.4404296875 0.08203125 0.08642578125
0 0.177734375 0.34814453125 0.0703125 0.08203125
0 0.23779296875 0.45703125 0.0751953125 0.09423828125
0 0.55078125 0.6298828125 0.08056640625 0.0654296875
0 0.2353515625 0.2041015625 0.0478515625 0.0673828125
0 0.94482421875 0.23681640625 0.04833984375 0.08251953125
0 0.73095703125 0.05859375 0.04296875 0.03955078125
0 0.52392578125 0.03564453125 0.04541015625 0.04833984375
0 0.8466796875 0.04248046875 0.04833984375 0.05615234375
0 0.81591796875 0.79248046875 0.103515625 0.12646484375
0 0.986328125 0.4013671875 0.02734375 0.08984375
0 0.771484375 0.02587890625 0.041015625 0.0517578125
0 0.857421875 0.01025390625 0.0234375 0.0205078125
0 0.82568359375 0.90966796875 0.1015625 0.17822265625
0 0.71044921875 0.0888671875 0.0224609375 0.05908203125
0 0.53466796875 0.51904296875 0.07568359375 0.06298828125
0 0.30859375 0.94189453125 0.0712890625 0.1123046875
0 0.7236328125 0.44140625 0.0244140625 0.08544921875