0 0.58447265625 0.5400390625 0.0166015625 0.0234375
0 0.31494140625 0.28076171875 0.0166015625 0.015625
0 0.349609375 0.2490234375 0.0166015625 0.0283203125
0 0.896484375 0.09912109375 0.017578125 0.021484375
0 0.3671875 0.24853515625 0.0126953125 0.0234375
0 0.53271484375 0.44580078125 0.0126953125 0.0224609375
0 0.36572265625 0.3779296875 0.0126953125 0.0263671875
0 0.44384765625 0.416015625 0.013671875 0.0205078125
0 0.58642578125 0.67138671875 0.0146484375 0.0224609375
0 0.53857421875 0.51318359375 0.0146484375 0.0263671875
0 0.54052734375 0.5390625 0.015625 0.0185546875
0 0.8271484375 0.16796875 0.013671875 0.025390625
0 0.54443359375 0.60546875 0.0146484375 0.0166015625
0 0.55517578125 0.56201171875 0.017578125 0.0166015625
0 0.28857421875 0.3642578125 0.015625 0.01953125
0 0.908203125 0.0498046875 0.015625 0.0126953125
0 0.8466796875 0.2236328125 0.015625 0.0146484375
0 0.81787109375 0.42431640625 0.013671875 0.021484375
0 0.83056640625 0.4931640625 0.0146484375 0.0185546875
0 0.7021484375 0.6123046875 0.0126953125 0.02734375
0 0.92041015625 0.08544921875 0.013671875 0.01953125
0 0.8544921875 0.51611328125 0.0166015625 0.017578125
0 0.91748046875 0.45458984375 0.01171875 0.0185546875
0 0.78369140625 0.29345703125 0.0166015625 0.015625
0 0.69677734375 0.478515625 0.015625 0.0146484375
0 0.65087890625 0.630859375 0.01171875 0.0185546875
0 0.81005859375 0.2314453125 0.017578125 0.017578125
0 0.78759765625 0.22412109375 0.0166015625 0.0166015625
0 0.82373046875 0.4931640625 0.0146484375 0.0244140625