0 0.58740234375 0.615234375 0.0400390625 0.080078125
0 0.13525390625 0.318359375 0.0224609375 0.0595703125
0 0.2412109375 0.3505859375 0.029296875 0.0537109375
0 0.68701171875 0.28369140625 0.03125 0.0546875
0 0.33984375 0.29833984375 0.0224609375 0.06640625
0 0.14990234375 0.21826171875 0.0263671875 0.0546875
0 0.154296875 0.1474609375 0.0283203125 0.0654296875
0 0.8232421875 0.6552734375 0.0380859375 0.052734375
0 0.17822265625 0.1083984375 0.0224609375 0.056640625
0 0.486328125 0.12646484375 0.0234375 0.0498046875
0 0.55322265625 0.21923828125 0.025390625 0.0576171875
0 0.49267578125 0.3095703125 0.0361328125 0.0517578125
0 0.466796875 0.94140625 0.0419921875 0.0791015625
0 0.19677734375 0.58935546875 0.033203125 0.072265625
0 0.42578125 0.31787109375 0.03515625 0.056640625
0 0.47021484375 0.46630859375 0.0263671875 0.068359375
0 0.39599609375 0.544921875 0.02734375 0.0703125
0 0.93994140625 0.6748046875 0.04296875 0.087890625
0 0.59912109375 0.15625 0.025390625 0.0595703125
0 0.51416015625 0.14599609375 0.0224609375 0.048828125
0 0.30810546875 0.11083984375 0.0283203125 0.056640625
0 0.39599609375 0.1982421875 0.0263671875 0.064453125
0 0.505859375 0.46630859375 0.03125 0.0693359375
0 0.4072265625 0.1650390625 0.0205078125 0.04296875
0 0.19189453125 0.0693359375 0.02734375 0.0556640625
0 0.74853515625 0.515625 0.0380859375 0.0419921875
0 0.0849609375 0.08056640625 0.0263671875 0.0556640625
0 0.3798828125 0.771484375 0.0390625 0.0634765625
0 0.4326171875 0.24755859375 0.03125 0.052734375
0 0.22705078125 0.6982421875 0.033203125 0.087890625
0 0.47607421875 0.3994140625 0.0380859375 0.0673828125
0 0.7509765625 0.55126953125 0.0341796875 0.0615234375
0 0.51904296875 0.05908203125 0.0419921875 0.0478515625
0 0.53173828125 0.3447265625 0.029296875 0.0732421875
0 0.22802734375 0.11572265625 0.03125 0.0576171875
0 0.81298828125 0.4169921875 0.0390625 0.0625
0 0.01220703125 0.19482421875 0.0244140625 0.0732421875
0 0.43603515625 0.61767578125 0.0283203125 0.064453125
0 0.53759765625 0.20556640625 0.037109375 0.0458984375
0 0.15380859375 0.09765625 0.0205078125 0.0341796875
0 0.5126953125 0.10205078125 0.0234375 0.0419921875
0 0.36083984375 0.10546875 0.0322265625 0.0439453125
0 0.73291015625 0.8056640625 0.0439453125 0.0654296875
0 0.32275390625 0.076171875 0.025390625 0.0458984375
0 0.5615234375 0.12841796875 0.0322265625 0.052734375
0 0.13427734375 0.06640625 0.0224609375 0.0361328125
0 0.81689453125 0.890625 0.0478515625 0.0869140625
0 0.326171875 0.20458984375 0.0322265625 0.0625
0 0.55615234375 0.0966796875 0.03125 0.037109375
0 0.0146484375 0.099609375 0.029296875 0.04296875
0 0.3505859375 0.46484375 0.0322265625 0.0615234375
0 0.3486328125 0.0302734375 0.033203125 0.0302734375
0 0.0859375 0.12255859375 0.02734375 0.0400390625
0 0.52978515625 0.138671875 0.0234375 0.0390625
0 0.005859375 0.07666015625 0.01171875 0.0244140625
0 0.9306640625 0.61865234375 0.02734375 0.0546875
0 0.888671875 0.9404296875 0.0224609375 0.0224609375