0 0.3896484375 0.7578125 0.01513671875 0.0361328125
0 0.9052734375 0.7041015625 0.0146484375 0.04150390625
0 0.37060546875 0.97119140625 0.03271484375 0.0537109375
0 0.50732421875 0.583984375 0.01318359375 0.03564453125
0 0.41552734375 0.384765625 0.02294921875 0.0263671875
0 0.6025390625 0.728515625 0.01416015625 0.03955078125
0 0.30517578125 0.70068359375 0.03857421875 0.04248046875
0 0.736328125 0.955078125 0.0322265625 0.08544921875
0 0.07763671875 0.7236328125 0.01513671875 0.03515625
0 0.64404296875 0.73681640625 0.0185546875 0.04541015625
0 0.6708984375 0.84375 0.02197265625 0.05419921875
0 0.7666015625 0.4677734375 0.009765625 0.03076171875
0 0.59423828125 0.357421875 0.01025390625 0.02294921875
0 0.390625 0.40234375 0.01171875 0.02392578125
0 0.181640625 0.67578125 0.01513671875 0.0400390625
0 0.75048828125 0.78955078125 0.02734375 0.04345703125
0 0.10595703125 0.9375 0.02197265625 0.056640625
0 0.34521484375 0.80517578125 0.02392578125 0.03466796875
0 0.212890625 0.76123046875 0.01953125 0.04150390625
0 0.8427734375 0.7998046875 0.015625 0.04833984375
0 0.82080078125 0.599609375 0.01904296875 0.03515625
0 0.072265625 0.978515625 0.0361328125 0.04296875
0 0.7900390625 0.9140625 0.01904296875 0.05517578125
0 0.89404296875 0.57958984375 0.02001953125 0.0341796875
0 0.92041015625 0.5419921875 0.0224609375 0.05615234375
0 0.22021484375 0.69140625 0.01806640625 0.03955078125
0 0.84765625 0.27197265625 0.0126953125 0.02734375
0 0.47998046875 0.41162109375 0.0107421875 0.0234375
0 0.287109375 0.689453125 0.0146484375 0.03857421875
0 0.54345703125 0.86669921875 0.0166015625 0.04638671875
0 0.64111328125 0.69091796875 0.013671875 0.0380859375
0 0.787109375 0.42138671875 0.0185546875 0.02587890625
0 0.0498046875 0.8466796875 0.02099609375 0.05078125
0 0.54296875 0.54541015625 0.02099609375 0.03173828125
0 0.572265625 0.84130859375 0.01708984375 0.046875
0 0.19580078125 0.818359375 0.0166015625 0.0439453125
0 0.802734375 0.54931640625 0.02099609375 0.0283203125
0 0.9072265625 0.2763671875 0.01611328125 0.0224609375
0 0.94189453125 0.326171875 0.02001953125 0.0224609375
0 0.72119140625 0.40087890625 0.01123046875 0.0166015625
0 0.85498046875 0.41796875 0.01171875 0.02587890625
0 0.32666015625 0.8251953125 0.01904296875 0.05859375
0 0.98046875 0.6494140625 0.0185546875 0.02734375
0 0.00732421875 0.79833984375 0.01416015625 0.041015625
0 0.15380859375 0.88720703125 0.0185546875 0.04736328125
0 0.38818359375 0.90087890625 0.0244140625 0.0322265625
0 0.54736328125 0.82275390625 0.01513671875 0.04345703125
0 0.13623046875 0.771484375 0.02001953125 0.04541015625
0 0.84814453125 0.6923828125 0.02001953125 0.04150390625
0 0.7099609375 0.43408203125 0.01025390625 0.02294921875
0 0.45556640625 0.955078125 0.015625 0.02978515625
0 0.859375 0.3134765625 0.009765625 0.0205078125
0 0.83984375 0.50390625 0.0126953125 0.02880859375
0 0.728515625 0.9306640625 0.01708984375 0.04345703125
0 0.93896484375 0.501953125 0.01611328125 0.02783203125
0 0.94921875 0.986328125 0.0224609375 0.02685546875
0 0.71240234375 0.41162109375 0.01025390625 0.02099609375
0 0.83154296875 0.2705078125 0.00830078125 0.01953125
0 0.91943359375 0.52734375 0.01708984375 0.02392578125
0 0.93505859375 0.3564453125 0.01904296875 0.0205078125
0 0.97802734375 0.25048828125 0.0146484375 0.02392578125
0 0.96533203125 0.25048828125 0.013671875 0.02294921875
0 0.02734375 0.9921875 0.025390625 0.015625
0 0.88232421875 0.42919921875 0.01318359375 0.02294921875
0 0.810546875 0.41162109375 0.01123046875 0.021484375
0 0.82470703125 0.40771484375 0.01611328125 0.02490234375
0 0.841796875 0.79150390625 0.0126953125 0.025390625
0 0.99658203125 0.248046875 0.0068359375 0.025390625
0 0.935546875 0.23583984375 0.01953125 0.02294921875
0 0.9921875 0.2490234375 0.01513671875 0.02587890625
0 0.9697265625 0.25 0.01513671875 0.0224609375
0 0.96142578125 0.24462890625 0.01123046875 0.02001953125