0 0.55810546875 0.72705078125 0.0107421875 0.0205078125
0 0.5537109375 0.85205078125 0.0146484375 0.0244140625
0 0.48681640625 0.7783203125 0.0166015625 0.025390625
0 0.31005859375 0.80810546875 0.0185546875 0.03515625
0 0.57763671875 0.94580078125 0.015625 0.025390625
0 0.60205078125 0.9326171875 0.015625 0.029296875
0 0.5361328125 0.84814453125 0.017578125 0.0244140625
0 0.52001953125 0.8671875 0.0126953125 0.021484375
0 0.5556640625 0.8994140625 0.0205078125 0.03125
0 0.53466796875 0.91259765625 0.0126953125 0.021484375
0 0.47900390625 0.947265625 0.015625 0.025390625
0 0.54638671875 0.74169921875 0.0146484375 0.0234375
0 0.45458984375 0.958984375 0.0166015625 0.0302734375
0 0.5078125 0.86328125 0.017578125 0.0283203125
0 0.4658203125 0.8974609375 0.013671875 0.025390625
0 0.4619140625 0.99755859375 0.015625 0.0048828125
0 0.4921875 0.8271484375 0.0166015625 0.0263671875
0 0.4892578125 0.89892578125 0.0126953125 0.0234375
0 0.5107421875 0.9755859375 0.0146484375 0.02734375
0 0.34130859375 0.9140625 0.0126953125 0.025390625
0 0.52880859375 0.978515625 0.0126953125 0.021484375
0 0.43603515625 0.87939453125 0.0146484375 0.0234375
0 0.45849609375 0.9453125 0.015625 0.0302734375
0 0.5185546875 0.9658203125 0.017578125 0.0322265625
0 0.4912109375 0.93115234375 0.01171875 0.021484375
0 0.51171875 0.90771484375 0.0126953125 0.0205078125
0 0.36181640625 0.8828125 0.01171875 0.0234375
0 0.42333984375 0.93798828125 0.015625 0.0263671875
0 0.38037109375 0.79345703125 0.0126953125 0.0224609375
0 0.5498046875 0.7666015625 0.021484375 0.037109375
0 0.451171875 0.89306640625 0.015625 0.0283203125
0 0.3857421875 0.83984375 0.013671875 0.0234375
0 0.3740234375 0.94091796875 0.0126953125 0.0234375
0 0.35546875 0.83349609375 0.0146484375 0.021484375
0 0.51318359375 0.939453125 0.0205078125 0.033203125
0 0.30908203125 0.8876953125 0.01953125 0.0341796875
0 0.3486328125 0.8759765625 0.013671875 0.0234375
0 0.4931640625 0.958984375 0.0205078125 0.02734375
0 0.35888671875 0.85986328125 0.013671875 0.01953125
0 0.38720703125 0.9638671875 0.0126953125 0.0244140625
0 0.4189453125 0.9873046875 0.013671875 0.025390625
0 0.447265625 0.91943359375 0.013671875 0.0234375
0 0.546875 0.97509765625 0.01171875 0.0185546875
0 0.4638671875 0.857421875 0.0107421875 0.021484375
0 0.53515625 0.9951171875 0.01171875 0.009765625
0 0.345703125 0.958984375 0.013671875 0.025390625
0 0.376953125 0.89892578125 0.0166015625 0.0244140625
0 0.39892578125 0.95751953125 0.013671875 0.021484375
0 0.25439453125 0.96630859375 0.013671875 0.0234375
0 0.5234375 0.99755859375 0.009765625 0.0048828125
0 0.62548828125 0.9677734375 0.0205078125 0.0322265625
0 0.6318359375 0.9609375 0.013671875 0.0234375
0 0.4921875 0.765625 0.0126953125 0.017578125
0 0.3603515625 0.98828125 0.01171875 0.0185546875
0 0.37353515625 0.99267578125 0.0126953125 0.0146484375
0 0.54736328125 0.9462890625 0.0263671875 0.0341796875
0 0.51513671875 0.98828125 0.0146484375 0.0185546875
0 0.64208984375 0.96484375 0.017578125 0.0263671875
0 0.50830078125 0.67822265625 0.0126953125 0.017578125
0 0.38232421875 0.82421875 0.013671875 0.01953125
0 0.53759765625 0.86572265625 0.015625 0.021484375
0 0.48974609375 0.970703125 0.0166015625 0.0205078125
0 0.48388671875 0.83251953125 0.017578125 0.0263671875
0 0.5048828125 0.97607421875 0.0166015625 0.0234375