0 0.1982421875 0.05517578125 0.0244140625 0.029296875
0 0.58642578125 0.23291015625 0.0205078125 0.0205078125
0 0.4697265625 0.2861328125 0.025390625 0.029296875
0 0.48974609375 0.16455078125 0.0234375 0.029296875
0 0.35009765625 0.28271484375 0.021484375 0.02734375
0 0.2646484375 0.21337890625 0.021484375 0.0234375
0 0.5673828125 0.31640625 0.0263671875 0.0400390625
0 0.33935546875 0.2470703125 0.0205078125 0.0224609375
0 0.35888671875 0.37158203125 0.017578125 0.0205078125
0 0.56396484375 0.2197265625 0.0224609375 0.0234375
0 0.54345703125 0.1015625 0.02734375 0.029296875
0 0.208984375 0.23193359375 0.02734375 0.0283203125
0 0.19775390625 0.029296875 0.021484375 0.0244140625
0 0.40380859375 0.13623046875 0.0263671875 0.033203125
0 0.3564453125 0.21923828125 0.01953125 0.0224609375
0 0.5341796875 0.025390625 0.015625 0.0234375
0 0.30615234375 0.32080078125 0.0205078125 0.021484375
0 0.2744140625 0.2744140625 0.01953125 0.02734375
0 0.640625 0.15771484375 0.017578125 0.0244140625
0 0.3388671875 0.15087890625 0.0224609375 0.029296875
0 0.11767578125 0.36962890625 0.0244140625 0.02734375
0 0.5048828125 0.322265625 0.0224609375 0.02734375
0 0.47900390625 0.48046875 0.0302734375 0.0361328125
0 0.16943359375 0.15185546875 0.01953125 0.02734375
0 0.53466796875 0.04931640625 0.0234375 0.021484375
0 0.16455078125 0.20166015625 0.025390625 0.033203125
0 0.275390625 0.326171875 0.0234375 0.021484375
0 0.4970703125 0.21923828125 0.01953125 0.02734375
0 0.5009765625 0.19921875 0.0263671875 0.03125
0 0.68798828125 0.6494140625 0.025390625 0.041015625
0 0.42138671875 0.24853515625 0.0234375 0.0283203125
0 0.4248046875 0.330078125 0.0224609375 0.025390625
0 0.40673828125 0.44873046875 0.02734375 0.03125
0 0.28271484375 0.34521484375 0.0283203125 0.0361328125
0 0.32568359375 0.322265625 0.0234375 0.03515625
0 0.33203125 0.15673828125 0.017578125 0.0244140625
0 0.26416015625 0.28515625 0.0234375 0.0302734375
0 0.53857421875 0.04296875 0.013671875 0.015625
0 0.49560546875 0.33349609375 0.021484375 0.0244140625
0 0.76025390625 0.78955078125 0.021484375 0.0244140625
0 0.35205078125 0.23095703125 0.0302734375 0.0458984375