0 0.86865234375 0.173828125 0.0380859375 0.068359375
0 0.62451171875 0.3837890625 0.0419921875 0.05859375
0 0.7998046875 0.5771484375 0.044921875 0.046875
0 0.89404296875 0.63671875 0.044921875 0.0615234375
0 0.89990234375 0.8173828125 0.0556640625 0.0654296875
0 0.84326171875 0.662109375 0.0458984375 0.05078125
0 0.29638671875 0.65185546875 0.037109375 0.0595703125
0 0.43212890625 0.4111328125 0.05078125 0.056640625
0 0.68603515625 0.63525390625 0.029296875 0.0400390625
0 0.46533203125 0.9306640625 0.0517578125 0.0556640625
0 0.2939453125 0.39208984375 0.03125 0.044921875
0 0.7060546875 0.79541015625 0.03125 0.0712890625
0 0.68359375 0.7919921875 0.0361328125 0.07421875
0 0.39990234375 0.0244140625 0.02734375 0.0322265625
0 0.83349609375 0.53955078125 0.0458984375 0.064453125
0 0.91796875 0.619140625 0.0400390625 0.080078125