0 0.28759765625 0.24658203125 0.01611328125 0.0341796875
0 0.35595703125 0.1630859375 0.0146484375 0.0341796875
0 0.35888671875 0.24462890625 0.02197265625 0.0224609375
0 0.2880859375 0.1982421875 0.01416015625 0.033203125
0 0.173828125 0.404296875 0.01123046875 0.03466796875
0 0.134765625 0.52734375 0.01123046875 0.03759765625
0 0.31005859375 0.435546875 0.015625 0.029296875
0 0.30859375 0.29345703125 0.0146484375 0.02978515625
0 0.11181640625 0.783203125 0.0126953125 0.0439453125
0 0.16162109375 0.5595703125 0.01123046875 0.03369140625
0 0.20068359375 0.720703125 0.01318359375 0.03515625
0 0.17431640625 0.04150390625 0.01416015625 0.0283203125
0 0.294921875 0.16259765625 0.0078125 0.0361328125
0 0.3447265625 0.169921875 0.0087890625 0.037109375
0 0.3544921875 0.19775390625 0.01513671875 0.0400390625