0 0.91748046875 0.46435546875 0.009765625 0.01123046875
0 0.99658203125 0.521484375 0.0068359375 0.01171875
0 0.8623046875 0.50830078125 0.009765625 0.01025390625
0 0.80224609375 0.88671875 0.01513671875 0.015625
0 0.9423828125 0.470703125 0.0087890625 0.0107421875
0 0.919921875 0.41552734375 0.00732421875 0.0126953125
0 0.8974609375 0.59130859375 0.01025390625 0.0107421875
0 0.83154296875 0.6318359375 0.0126953125 0.01416015625
0 0.8232421875 0.6142578125 0.0107421875 0.01220703125
0 0.81494140625 0.93408203125 0.01513671875 0.015625
0 0.90869140625 0.78759765625 0.01123046875 0.01220703125
0 0.88818359375 0.55908203125 0.009765625 0.01220703125
0 0.95458984375 0.4208984375 0.0126953125 0.01416015625
0 0.97314453125 0.96435546875 0.01416015625 0.015625
0 0.83544921875 0.71875 0.01220703125 0.01416015625
0 0.84423828125 0.703125 0.0126953125 0.015625
0 0.79638671875 0.72216796875 0.00732421875 0.01806640625
0 0.86083984375 0.61083984375 0.0107421875 0.01318359375
0 0.8466796875 0.5859375 0.01123046875 0.01171875
0 0.81396484375 0.958984375 0.01513671875 0.01513671875
0 0.95703125 0.9921875 0.01611328125 0.01513671875
0 0.859375 0.88232421875 0.01220703125 0.013671875
0 0.828125 0.8203125 0.0146484375 0.015625
0 0.8466796875 0.56884765625 0.01220703125 0.01171875
0 0.81298828125 0.66259765625 0.0078125 0.0185546875
0 0.91943359375 0.5927734375 0.01123046875 0.0107421875
0 0.79248046875 0.822265625 0.01171875 0.0244140625
0 0.9619140625 0.626953125 0.01171875 0.01318359375
0 0.87744140625 0.60400390625 0.00927734375 0.013671875
0 0.818359375 0.80908203125 0.005859375 0.01904296875
0 0.9033203125 0.51513671875 0.0107421875 0.01171875
0 0.90576171875 0.97119140625 0.01171875 0.02099609375
0 0.82666015625 0.98779296875 0.01416015625 0.0185546875
0 0.99658203125 0.60302734375 0.0068359375 0.0146484375
0 0.8056640625 0.9951171875 0.013671875 0.009765625
0 0.783203125 0.9072265625 0.005859375 0.02490234375
0 0.91162109375 0.5927734375 0.01171875 0.01171875
0 0.8876953125 0.431640625 0.005859375 0.01416015625
0 0.8291015625 0.69921875 0.00927734375 0.01220703125
0 0.87353515625 0.908203125 0.0126953125 0.013671875
0 0.892578125 0.669921875 0.0126953125 0.01416015625
0 0.84814453125 0.7685546875 0.0126953125 0.017578125
0 0.8427734375 0.79150390625 0.01416015625 0.0166015625
0 0.84765625 0.931640625 0.015625 0.01708984375
0 0.9189453125 0.525390625 0.01171875 0.01318359375
0 0.92041015625 0.62451171875 0.0126953125 0.0126953125
0 0.96923828125 0.8349609375 0.0126953125 0.01220703125
0 0.84765625 0.85009765625 0.01123046875 0.0166015625
0 0.859375 0.96875 0.01708984375 0.01953125
0 0.90087890625 0.666015625 0.02978515625 0.02294921875
0 0.94287109375 0.51708984375 0.01025390625 0.013671875
0 0.9453125 0.8447265625 0.0126953125 0.01806640625
0 0.958984375 0.736328125 0.01123046875 0.01611328125
0 0.91064453125 0.9375 0.01513671875 0.01611328125
0 0.9970703125 0.65966796875 0.005859375 0.0107421875
0 0.80810546875 0.650390625 0.0087890625 0.0166015625
0 0.8447265625 0.89501953125 0.015625 0.01513671875
0 0.92919921875 0.505859375 0.01123046875 0.01123046875
0 0.98486328125 0.68505859375 0.01220703125 0.01220703125
0 0.90576171875 0.65869140625 0.013671875 0.0146484375
0 0.96435546875 0.9052734375 0.01318359375 0.015625
0 0.83349609375 0.900390625 0.01708984375 0.01806640625
0 0.97998046875 0.7109375 0.01123046875 0.01318359375
0 0.9375 0.63623046875 0.0185546875 0.01611328125
0 0.93701171875 0.498046875 0.0068359375 0.01513671875
0 0.88671875 0.91748046875 0.0146484375 0.0166015625
0 0.98779296875 0.7734375 0.0126953125 0.01513671875
0 0.93603515625 0.9453125 0.013671875 0.01611328125
0 0.97216796875 0.888671875 0.013671875 0.01611328125
0 0.8818359375 0.85595703125 0.013671875 0.017578125
0 0.93701171875 0.6748046875 0.01123046875 0.01416015625
0 0.943359375 0.50634765625 0.01123046875 0.01171875
0 0.8212890625 0.62158203125 0.01513671875 0.01611328125
0 0.984375 0.86767578125 0.01611328125 0.01708984375
0 0.986328125 0.67041015625 0.0107421875 0.01220703125
0 0.9775390625 0.73095703125 0.013671875 0.013671875
0 0.93017578125 0.93212890625 0.017578125 0.01708984375
0 0.96337890625 0.75439453125 0.01416015625 0.0166015625
0 0.93701171875 0.916015625 0.01318359375 0.0126953125
0 0.919921875 0.85205078125 0.013671875 0.0166015625
0 0.97412109375 0.8095703125 0.013671875 0.0166015625
0 0.86474609375 0.7783203125 0.01513671875 0.02392578125
0 0.94189453125 0.8779296875 0.01806640625 0.02099609375
0 0.8759765625 0.9384765625 0.01513671875 0.02978515625
0 0.90771484375 0.89501953125 0.01708984375 0.01904296875
0 0.890625 0.82861328125 0.01318359375 0.01513671875
0 0.96240234375 0.68701171875 0.01416015625 0.01513671875
0 0.9462890625 0.8017578125 0.0126953125 0.01611328125
0 0.99755859375 0.7314453125 0.0048828125 0.01318359375
0 0.95263671875 0.69775390625 0.01416015625 0.0166015625
0 0.99658203125 0.80712890625 0.0068359375 0.0166015625
0 0.93505859375 0.72607421875 0.013671875 0.01513671875
0 0.92724609375 0.72021484375 0.01416015625 0.02099609375
0 0.92236328125 0.46630859375 0.017578125 0.0185546875
0 0.90576171875 0.71923828125 0.01416015625 0.015625
0 0.9921875 0.603515625 0.01416015625 0.015625
0 0.908203125 0.7119140625 0.0126953125 0.01806640625
0 0.9267578125 0.833984375 0.0166015625 0.0185546875
0 0.95947265625 0.708984375 0.0146484375 0.015625
0 0.98876953125 0.80126953125 0.013671875 0.02392578125
0 0.9501953125 0.82958984375 0.0146484375 0.0166015625
0 0.84765625 0.99658203125 0.01171875 0.005859375
0 0.90966796875 0.99658203125 0.013671875 0.005859375
0 0.92431640625 0.7978515625 0.0146484375 0.02294921875
0 0.943359375 0.6611328125 0.0126953125 0.0126953125
0 0.94384765625 0.82568359375 0.0146484375 0.01708984375
0 0.85546875 0.853515625 0.0185546875 0.021484375
0 0.87353515625 0.83251953125 0.01904296875 0.01806640625
0 0.8466796875 0.82666015625 0.01904296875 0.02294921875
0 0.91943359375 0.77001953125 0.01513671875 0.01513671875
0 0.9365234375 0.751953125 0.01416015625 0.0146484375
0 0.970703125 0.84033203125 0.013671875 0.01611328125
0 0.9130859375 0.7412109375 0.02099609375 0.01953125
0 0.9189453125 0.513671875 0.01611328125 0.01318359375
0 0.99609375 0.7734375 0.0078125 0.01416015625
0 0.990234375 0.9033203125 0.01953125 0.02734375