0 0.212890625 0.78173828125 0.0126953125 0.01416015625
0 0.1484375 0.671875 0.0107421875 0.01123046875
0 0.119140625 0.6396484375 0.0107421875 0.0107421875
0 0.1875 0.7470703125 0.01123046875 0.01220703125
0 0.18212890625 0.80224609375 0.013671875 0.01416015625
0 0.11376953125 0.49169921875 0.00732421875 0.009765625
0 0.0927734375 0.5185546875 0.00830078125 0.01220703125
0 0.1953125 0.8212890625 0.01611328125 0.0146484375
0 0.115234375 0.7587890625 0.01220703125 0.0126953125
0 0.06689453125 0.603515625 0.009765625 0.0107421875
0 0.01123046875 0.4501953125 0.00830078125 0.01171875
0 0.0234375 0.41015625 0.00830078125 0.01171875
0 0.0341796875 0.587890625 0.01318359375 0.01220703125
0 0.1044921875 0.47216796875 0.00732421875 0.015625
0 0.0849609375 0.623046875 0.00732421875 0.0126953125
0 0.09521484375 0.87939453125 0.01171875 0.01220703125
0 0.08837890625 0.8134765625 0.01171875 0.013671875
0 0.05810546875 0.6650390625 0.01025390625 0.01220703125
0 0.056640625 0.55078125 0.0107421875 0.01220703125
0 0.0361328125 0.66943359375 0.01171875 0.0126953125
0 0.01416015625 0.57666015625 0.009765625 0.01318359375
0 0.09814453125 0.83642578125 0.01318359375 0.01318359375
0 0.08251953125 0.859375 0.0126953125 0.01416015625
0 0.07861328125 0.42041015625 0.00830078125 0.0126953125
0 0.0458984375 0.40771484375 0.00927734375 0.01171875
0 0.03271484375 0.50439453125 0.0107421875 0.01123046875
0 0.0673828125 0.5263671875 0.01171875 0.0126953125
0 0.072265625 0.8701171875 0.0126953125 0.013671875
0 0.02001953125 0.69970703125 0.0126953125 0.01513671875
0 0.06591796875 0.92626953125 0.01513671875 0.013671875
0 0.04052734375 0.69775390625 0.0078125 0.01953125
0 0.06640625 0.5146484375 0.0087890625 0.01123046875
0 0.0703125 0.82861328125 0.01318359375 0.015625
0 0.03662109375 0.4365234375 0.00732421875 0.01611328125
0 0.02197265625 0.9140625 0.01318359375 0.01318359375
0 0.009765625 0.8154296875 0.01220703125 0.0146484375
0 0.01025390625 0.9921875 0.0146484375 0.015625
0 0.01171875 0.966796875 0.01513671875 0.01611328125
0 0.08251953125 0.92529296875 0.0166015625 0.01513671875
0 0.05712890625 0.83349609375 0.0126953125 0.015625
0 0.0986328125 0.74267578125 0.01171875 0.0146484375
0 0.03955078125 0.9677734375 0.01611328125 0.0146484375
0 0.06982421875 0.986328125 0.015625 0.02001953125
0 0.02978515625 0.51806640625 0.0107421875 0.01318359375
0 0.0390625 0.9375 0.01513671875 0.01416015625
0 0.0595703125 0.978515625 0.013671875 0.015625
0 0.0419921875 0.912109375 0.0166015625 0.0146484375
0 0.03466796875 0.8046875 0.0126953125 0.01416015625
0 0.06591796875 0.779296875 0.01416015625 0.013671875
0 0.08251953125 0.76611328125 0.013671875 0.0166015625
0 0.0771484375 0.9462890625 0.013671875 0.0205078125
0 0.03125 0.55908203125 0.0126953125 0.0185546875
0 0.04833984375 0.75048828125 0.01171875 0.015625
0 0.02734375 0.9443359375 0.01513671875 0.02001953125
0 0.025390625 0.99560546875 0.01513671875 0.0087890625
0 0.0849609375 0.73095703125 0.0126953125 0.015625
0 0.01953125 0.9287109375 0.015625 0.01611328125
0 0.076171875 0.748046875 0.0107421875 0.015625
0 0.02099609375 0.796875 0.0126953125 0.0166015625
0 0.08740234375 0.71435546875 0.0224609375 0.02294921875
0 0.033203125 0.76513671875 0.01513671875 0.015625
0 0.08203125 0.3916015625 0.0107421875 0.01123046875
0 0.06494140625 0.734375 0.0185546875 0.01953125
0 0.025390625 0.77587890625 0.0185546875 0.01806640625
0 0.04931640625 0.775390625 0.01513671875 0.0166015625
0 0.0029296875 0.73046875 0.005859375 0.01416015625