0 0.30078125 0.07177734375 0.03125 0.04931640625
0 0.3232421875 0.541015625 0.0380859375 0.095703125
0 0.45947265625 0.3095703125 0.046875 0.0703125
0 0.16064453125 0.62548828125 0.04345703125 0.09228515625
0 0.5478515625 0.4306640625 0.0498046875 0.08203125
0 0.337890625 0.15966796875 0.0390625 0.05517578125
0 0.16162109375 0.08056640625 0.0439453125 0.04296875
0 0.35791015625 0.28125 0.04833984375 0.048828125
0 0.21923828125 0.30419921875 0.029296875 0.06298828125
0 0.15771484375 0.03662109375 0.02978515625 0.05126953125
0 0.2333984375 0.1279296875 0.01513671875 0.06591796875
0 0.35302734375 0.5966796875 0.044921875 0.06201171875
0 0.57763671875 0.478515625 0.06494140625 0.0634765625
0 0.37890625 0.3115234375 0.046875 0.03857421875
0 0.490234375 0.34765625 0.04638671875 0.04638671875
0 0.02392578125 0.6123046875 0.04296875 0.13623046875
0 0.056640625 0.12890625 0.0224609375 0.07568359375
0 0.248046875 0.1552734375 0.0322265625 0.04541015625
0 0.07080078125 0.150390625 0.0185546875 0.0400390625
0 0.3603515625 0.19287109375 0.02685546875 0.0322265625
0 0.30419921875 0.14111328125 0.0263671875 0.01904296875