0 0.27734375 0.15283203125 0.06005859375 0.07080078125
0 0.69140625 0.701171875 0.07958984375 0.09765625
0 0.1923828125 0.24853515625 0.0498046875 0.05615234375
0 0.84765625 0.46630859375 0.07666015625 0.078125
0 0.388671875 0.57568359375 0.064453125 0.0830078125
0 0.3701171875 0.37841796875 0.052734375 0.06396484375
0 0.64111328125 0.58349609375 0.0673828125 0.08740234375
0 0.0791015625 0.39111328125 0.060546875 0.0712890625
0 0.10546875 0.07421875 0.03515625 0.04345703125
0 0.4541015625 0.498046875 0.06884765625 0.07275390625
0 0.07861328125 0.294921875 0.03564453125 0.05224609375
0 0.80908203125 0.67578125 0.08203125 0.09375
0 0.64404296875 0.37744140625 0.064453125 0.076171875
0 0.19921875 0.0634765625 0.0205078125 0.0400390625
0 0.83447265625 0.396484375 0.06201171875 0.06640625
0 0.33203125 0.66162109375 0.05908203125 0.08984375
0 0.24560546875 0.658203125 0.06298828125 0.09765625
0 0.8896484375 0.2802734375 0.05126953125 0.0693359375
0 0.453125 0.095703125 0.0361328125 0.03759765625
0 0.5087890625 0.5732421875 0.05712890625 0.0595703125
0 0.9580078125 0.7958984375 0.07763671875 0.0576171875
0 0.900390625 0.47900390625 0.06103515625 0.0419921875
0 0.9462890625 0.34033203125 0.0419921875 0.03125
0 0.841796875 0.84765625 0.0859375 0.0625
0 0.373046875 0.66357421875 0.0576171875 0.083984375
0 0.16455078125 0.5390625 0.05712890625 0.07421875
0 0.490234375 0.173828125 0.0478515625 0.05419921875
0 0.96337890625 0.15576171875 0.0390625 0.04541015625
0 0.79052734375 0.78564453125 0.0859375 0.091796875
0 0.8193359375 0.24609375 0.05224609375 0.052734375
0 0.208984375 0.4091796875 0.04541015625 0.05224609375
0 0.73779296875 0.0673828125 0.03564453125 0.03515625
0 0.28125 0.650390625 0.044921875 0.0927734375
0 0.9072265625 0.2138671875 0.0419921875 0.05126953125
0 0.57080078125 0.1943359375 0.0478515625 0.0546875
0 0.236328125 0.12060546875 0.0390625 0.04736328125
0 0.544921875 0.24072265625 0.0380859375 0.05029296875
0 0.978515625 0.28076171875 0.04296875 0.02978515625
0 0.93115234375 0.1142578125 0.03564453125 0.041015625
0 0.0673828125 0.083984375 0.021484375 0.05078125
0 0.63916015625 0.27001953125 0.02783203125 0.0703125
0 0.5732421875 0.314453125 0.0224609375 0.0654296875
0 0.447265625 0.416015625 0.03076171875 0.08056640625
0 0.70751953125 0.1611328125 0.041015625 0.041015625
0 0.794921875 0.06005859375 0.04248046875 0.03955078125
0 0.74560546875 0.13818359375 0.046875 0.04638671875
0 0.3486328125 0.2958984375 0.04638671875 0.03271484375
0 0.49462890625 0.142578125 0.03955078125 0.03369140625
0 0.71826171875 0.26708984375 0.05322265625 0.05029296875
0 0.72802734375 0.21728515625 0.06103515625 0.0537109375
0 0.8291015625 0.56591796875 0.0634765625 0.07666015625
0 0.84716796875 0.35546875 0.0673828125 0.0625
0 0.986328125 0.11328125 0.02734375 0.04052734375
0 0.416015625 0.20703125 0.04736328125 0.05322265625
0 0.51904296875 0.158203125 0.041015625 0.04052734375
0 0.892578125 0.169921875 0.048828125 0.0498046875
0 0.74658203125 0.2578125 0.04931640625 0.056640625
0 0.6767578125 0.12353515625 0.03662109375 0.048828125
0 0.7060546875 0.1298828125 0.04248046875 0.04541015625
0 0.5966796875 0.38232421875 0.0322265625 0.03662109375
0 0.658203125 0.0849609375 0.0166015625 0.04833984375
0 0.6806640625 0.0830078125 0.03662109375 0.02685546875
0 0.00830078125 0.0830078125 0.0166015625 0.046875
0 0.98974609375 0.23779296875 0.02001953125 0.0302734375
0 0.48095703125 0.12939453125 0.02587890625 0.0400390625
0 0.5556640625 0.50390625 0.03369140625 0.060546875
0 0.90966796875 0.2490234375 0.04296875 0.02783203125
0 0.42919921875 0.1669921875 0.0283203125 0.03271484375
0 0.98974609375 0.4873046875 0.0205078125 0.03369140625
0 0.73388671875 0.11083984375 0.02880859375 0.029296875
0 0.2353515625 0.09130859375 0.01513671875 0.0185546875
0 0.73779296875 0.19482421875 0.04248046875 0.02685546875
0 0.86328125 0.3330078125 0.0283203125 0.02294921875
0 0.98876953125 0.15966796875 0.0224609375 0.04443359375
0 0.72705078125 0.0732421875 0.0126953125 0.0205078125