0 0.27294921875 0.0908203125 0.03515625 0.0712890625
0 0.4765625 0.05908203125 0.0244140625 0.0654296875
0 0.3427734375 0.09375 0.0263671875 0.064453125
0 0.57958984375 0.0712890625 0.021484375 0.0712890625
0 0.16259765625 0.19482421875 0.02734375 0.0712890625
0 0.431640625 0.07470703125 0.0322265625 0.056640625
0 0.4462890625 0.33642578125 0.0224609375 0.0654296875
0 0.259765625 0.27685546875 0.01953125 0.068359375
0 0.228515625 0.603515625 0.02734375 0.0712890625
0 0.609375 0.05078125 0.0322265625 0.0712890625
0 0.11376953125 0.296875 0.025390625 0.0673828125
0 0.341796875 0.37255859375 0.0205078125 0.072265625
0 0.57666015625 0.3251953125 0.0234375 0.0771484375
0 0.091796875 0.27685546875 0.0244140625 0.0634765625
0 0.1337890625 0.52490234375 0.0205078125 0.0625
0 0.537109375 0.12841796875 0.033203125 0.0693359375
0 0.36767578125 0.34130859375 0.0205078125 0.0703125
0 0.548828125 0.24365234375 0.033203125 0.0634765625
0 0.10791015625 0.63330078125 0.025390625 0.064453125
0 0.048828125 0.49609375 0.0341796875 0.0625
0 0.59033203125 0.3896484375 0.02734375 0.0673828125
0 0.09423828125 0.0234375 0.0244140625 0.046875
0 0.763671875 0.7041015625 0.0224609375 0.06640625
0 0.4052734375 0.2744140625 0.0283203125 0.0537109375
0 0.16015625 0.79052734375 0.025390625 0.068359375
0 0.67431640625 0.68115234375 0.025390625 0.0625
0 0.27783203125 0.7109375 0.0224609375 0.0673828125
0 0.30615234375 0.484375 0.0302734375 0.0751953125
0 0.26123046875 0.3896484375 0.0341796875 0.052734375
0 0.7060546875 0.5029296875 0.03125 0.076171875
0 0.65869140625 0.48046875 0.0244140625 0.076171875
0 0.35302734375 0.5009765625 0.025390625 0.064453125
0 0.40966796875 0.5986328125 0.025390625 0.068359375
0 0.44921875 0.23388671875 0.0322265625 0.056640625
0 0.392578125 0.462890625 0.02734375 0.0634765625
0 0.423828125 0.8056640625 0.03125 0.0654296875
0 0.04736328125 0.34716796875 0.0361328125 0.0517578125
0 0.62890625 0.7119140625 0.021484375 0.052734375
0 0.271484375 0.8076171875 0.03125 0.0546875
0 0.328125 0.560546875 0.021484375 0.0791015625
0 0.18505859375 0.12890625 0.0361328125 0.048828125
0 0.31103515625 0.62939453125 0.0234375 0.0712890625
0 0.39208984375 0.017578125 0.0322265625 0.03515625
0 0.48193359375 0.1611328125 0.033203125 0.0693359375
0 0.43505859375 0.64306640625 0.03125 0.0673828125
0 0.427734375 0.1884765625 0.0224609375 0.0625
0 0.529296875 0.6220703125 0.0361328125 0.056640625
0 0.29833984375 0.91162109375 0.025390625 0.0693359375
0 0.18798828125 0.4208984375 0.033203125 0.0673828125
0 0.15087890625 0.08642578125 0.0400390625 0.05078125
0 0.451171875 0.13623046875 0.037109375 0.0576171875
0 0.3671875 0.744140625 0.037109375 0.0595703125
0 0.3408203125 0.63232421875 0.0302734375 0.0693359375
0 0.04931640625 0.1064453125 0.0302734375 0.0439453125
0 0.0439453125 0.736328125 0.0322265625 0.0390625
0 0.50634765625 0.892578125 0.03515625 0.0546875
0 0.71240234375 0.76611328125 0.04296875 0.0537109375
0 0.4501953125 0.5908203125 0.0419921875 0.0537109375
0 0.8125 0.17333984375 0.03515625 0.0673828125
0 0.1298828125 0.21142578125 0.025390625 0.0654296875
0 0.27294921875 0.21435546875 0.02734375 0.0732421875
0 0.6533203125 0.06396484375 0.029296875 0.0771484375
0 0.552734375 0.85498046875 0.03125 0.0693359375
0 0.49072265625 0.72705078125 0.0302734375 0.0703125
0 0.4599609375 0.00830078125 0.01953125 0.0166015625
0 0.1162109375 0.931640625 0.0322265625 0.0576171875
0 0.28857421875 0.3583984375 0.029296875 0.0751953125
0 0.4404296875 0.87890625 0.03125 0.0693359375
0 0.6240234375 0.529296875 0.03515625 0.0546875