0 0.16064453125 0.39306640625 0.025390625 0.025390625
0 0.416015625 0.58251953125 0.0224609375 0.0322265625
0 0.560546875 0.68359375 0.0166015625 0.017578125
0 0.48974609375 0.5771484375 0.0166015625 0.01953125
0 0.52734375 0.57568359375 0.0205078125 0.0244140625
0 0.58984375 0.3603515625 0.0185546875 0.0185546875
0 0.18603515625 0.88427734375 0.021484375 0.01953125
0 0.29443359375 0.46484375 0.0224609375 0.0302734375
0 0.55615234375 0.68310546875 0.0087890625 0.0126953125
0 0.33056640625 0.7470703125 0.0244140625 0.02734375
0 0.05029296875 0.10546875 0.0205078125 0.0224609375