0 0.46630859375 0.6416015625 0.01318359375 0.048828125
0 0.61083984375 0.642578125 0.021484375 0.041015625
0 0.28662109375 0.396484375 0.02783203125 0.05517578125
0 0.52197265625 0.71240234375 0.013671875 0.0498046875
0 0.47998046875 0.5986328125 0.0244140625 0.04638671875
0 0.81494140625 0.6181640625 0.02099609375 0.03369140625
0 0.30810546875 0.517578125 0.01953125 0.0556640625
0 0.44482421875 0.64794921875 0.01953125 0.0439453125
0 0.69189453125 0.88916015625 0.021484375 0.05615234375
0 0.84130859375 0.60302734375 0.02197265625 0.0390625
0 0.572265625 0.7021484375 0.0166015625 0.05517578125
0 0.8212890625 0.6767578125 0.01806640625 0.04296875
0 0.73583984375 0.98095703125 0.01708984375 0.03662109375
0 0.57958984375 0.61669921875 0.02978515625 0.02880859375
0 0.16259765625 0.16650390625 0.02197265625 0.0625
0 0.2451171875 0.1328125 0.01953125 0.068359375
0 0.17431640625 0.025390625 0.0185546875 0.05029296875
0 0.1884765625 0.07421875 0.01708984375 0.05322265625
0 0.203125 0.07568359375 0.0185546875 0.04833984375
0 0.22705078125 0.0771484375 0.02587890625 0.05419921875
0 0.2236328125 0.046875 0.02587890625 0.05517578125
0 0.1953125 0.01123046875 0.0234375 0.0224609375