0 0.3173828125 0.94873046875 0.044921875 0.041015625
0 0.4990234375 0.5703125 0.0419921875 0.0732421875
0 0.62451171875 0.67333984375 0.033203125 0.0693359375
0 0.50537109375 0.6142578125 0.0400390625 0.048828125
0 0.56884765625 0.724609375 0.02783203125 0.04345703125
0 0.98583984375 0.32568359375 0.02783203125 0.04248046875
0 0.03857421875 0.208984375 0.02783203125 0.06884765625
0 0.10009765625 0.755859375 0.0390625 0.04443359375
0 0.39453125 0.8974609375 0.03173828125 0.06005859375
0 0.724609375 0.61376953125 0.0361328125 0.07421875
0 0.3701171875 0.65478515625 0.0283203125 0.0673828125
0 0.91796875 0.5068359375 0.04296875 0.05615234375
0 0.30419921875 0.9755859375 0.0263671875 0.04833984375
0 0.3203125 0.501953125 0.037109375 0.0625
0 0.38916015625 0.59521484375 0.03759765625 0.06884765625
0 0.23681640625 0.7763671875 0.0390625 0.0654296875
0 0.93505859375 0.865234375 0.03369140625 0.08544921875
0 0.1025390625 0.615234375 0.033203125 0.0712890625
0 0.58203125 0.7001953125 0.02685546875 0.0419921875
0 0.6015625 0.51611328125 0.037109375 0.03759765625
0 0.33056640625 0.2783203125 0.03515625 0.07958984375
0 0.55615234375 0.3828125 0.033203125 0.076171875
0 0.4853515625 0.0146484375 0.048828125 0.02880859375
0 0.38330078125 0.271484375 0.037109375 0.07763671875
0 0.9716796875 0.6123046875 0.033203125 0.07275390625
0 0.720703125 0.107421875 0.05322265625 0.03466796875
0 0.65869140625 0.38427734375 0.025390625 0.048828125