0 0.8232421875 0.50927734375 0.013671875 0.0244140625
0 0.59375 0.337890625 0.0146484375 0.0205078125
0 0.4560546875 0.326171875 0.0185546875 0.0390625
0 0.9267578125 0.05126953125 0.015625 0.0322265625
0 0.56494140625 0.4052734375 0.017578125 0.0322265625
0 0.54248046875 0.4326171875 0.017578125 0.02734375
0 0.462890625 0.0986328125 0.0166015625 0.0361328125
0 0.99755859375 0.37939453125 0.0048828125 0.0302734375
0 0.85888671875 0.43310546875 0.01953125 0.0322265625
0 0.68701171875 0.453125 0.017578125 0.0322265625
0 0.4755859375 0.0234375 0.015625 0.03515625
0 0.99462890625 0.29833984375 0.0107421875 0.0283203125
0 0.48681640625 0.15380859375 0.0166015625 0.0302734375
0 0.69091796875 0.03662109375 0.015625 0.0205078125
0 0.48193359375 0.35107421875 0.013671875 0.0380859375
0 0.45166015625 0.20947265625 0.01953125 0.0361328125
0 0.8818359375 0.43017578125 0.01953125 0.029296875
0 0.98583984375 0.3486328125 0.017578125 0.0361328125
0 0.775390625 0.42626953125 0.013671875 0.029296875
0 0.5400390625 0.359375 0.0146484375 0.03125
0 0.8828125 0.17138671875 0.015625 0.0380859375
0 0.80029296875 0.0634765625 0.0205078125 0.0380859375
0 0.4619140625 0.26025390625 0.015625 0.0380859375
0 0.88916015625 0.29052734375 0.01953125 0.02734375
0 0.83935546875 0.18212890625 0.0185546875 0.0380859375
0 0.78955078125 0.2412109375 0.0166015625 0.0400390625
0 0.50390625 0.2880859375 0.0146484375 0.0283203125
0 0.51953125 0.2353515625 0.01171875 0.029296875
0 0.63427734375 0.408203125 0.0166015625 0.03125
0 0.86279296875 0.3349609375 0.0166015625 0.0341796875
0 0.80078125 0.09912109375 0.013671875 0.0234375
0 0.77294921875 0.3935546875 0.01171875 0.025390625
0 0.66650390625 0.07275390625 0.015625 0.033203125
0 0.84033203125 0.2890625 0.0185546875 0.0380859375
0 0.5830078125 0.04736328125 0.021484375 0.025390625
0 0.78466796875 0.2978515625 0.01953125 0.0341796875
0 0.85791015625 0.1533203125 0.01953125 0.0390625
0 0.54638671875 0.27880859375 0.0146484375 0.0400390625
0 0.484375 0.11865234375 0.017578125 0.029296875
0 0.85546875 0.26416015625 0.0185546875 0.025390625
0 0.54052734375 0.16015625 0.017578125 0.029296875
0 0.66845703125 0.25634765625 0.01171875 0.021484375
0 0.63427734375 0.10986328125 0.01171875 0.0283203125
0 0.4638671875 0.2109375 0.01953125 0.0380859375
0 0.7001953125 0.3623046875 0.01953125 0.02734375
0 0.873046875 0.189453125 0.01171875 0.0322265625
0 0.6640625 0.310546875 0.0146484375 0.0224609375
0 0.63232421875 0.203125 0.0166015625 0.02734375
0 0.78466796875 0.3642578125 0.0166015625 0.0341796875
0 0.72900390625 0.2607421875 0.029296875 0.037109375
0 0.59033203125 0.2099609375 0.0146484375 0.033203125
0 0.693359375 0.2919921875 0.0166015625 0.0302734375
0 0.693359375 0.26220703125 0.0146484375 0.02734375
0 0.74560546875 0.13623046875 0.017578125 0.0263671875
0 0.73046875 0.4248046875 0.013671875 0.0234375
0 0.673828125 0.1669921875 0.017578125 0.03125
0 0.865234375 0.13134765625 0.013671875 0.0263671875
0 0.6484375 0.13623046875 0.017578125 0.0302734375
0 0.7685546875 0.1875 0.0205078125 0.0458984375
0 0.70751953125 0.19140625 0.0205078125 0.0302734375
0 0.8740234375 0.13134765625 0.0166015625 0.0341796875
0 0.607421875 0.0419921875 0.021484375 0.0302734375
0 0.73193359375 0.203125 0.015625 0.0244140625
0 0.79345703125 0.39453125 0.01953125 0.0283203125
0 0.56298828125 0.19384765625 0.0146484375 0.0380859375
0 0.7412109375 0.333984375 0.0107421875 0.0205078125
0 0.7392578125 0.1875 0.017578125 0.029296875
0 0.6904296875 0.4609375 0.009765625 0.017578125