0 0.58740234375 0.52978515625 0.0322265625 0.09326171875
0 0.79736328125 0.263671875 0.05029296875 0.07861328125
0 0.96630859375 0.27734375 0.046875 0.1005859375
0 0.19384765625 0.29638671875 0.03662109375 0.11572265625
0 0.44189453125 0.07470703125 0.0302734375 0.07958984375
0 0.91357421875 0.1181640625 0.048828125 0.06787109375
0 0.76513671875 0.22314453125 0.06298828125 0.0478515625
0 0.5673828125 0.5322265625 0.03369140625 0.09912109375
0 0.2978515625 0.33544921875 0.04931640625 0.0703125
0 0.314453125 0.462890625 0.05419921875 0.0732421875
0 0.52734375 0.5263671875 0.03369140625 0.07177734375
0 0.22705078125 0.1767578125 0.029296875 0.05419921875
0 0.892578125 0.2978515625 0.03076171875 0.056640625
0 0.193359375 0.08154296875 0.04150390625 0.046875
0 0.7919921875 0.18212890625 0.03125 0.0498046875
0 0.65771484375 0.33642578125 0.02294921875 0.0673828125
0 0.93994140625 0.22509765625 0.03076171875 0.05078125
0 0.53466796875 0.076171875 0.033203125 0.06298828125
0 0.6923828125 0.27294921875 0.03564453125 0.041015625
0 0.24365234375 0.2470703125 0.0341796875 0.05615234375
0 0.71142578125 0.43310546875 0.03125 0.06884765625
0 0.90966796875 0.06494140625 0.03271484375 0.0400390625
0 0.1591796875 0.33544921875 0.02099609375 0.06591796875
0 0.87939453125 0.15185546875 0.01513671875 0.048828125
0 0.77490234375 0.08544921875 0.0146484375 0.04150390625
0 0.65576171875 0.04931640625 0.0146484375 0.0361328125
0 0.2626953125 0.41162109375 0.0478515625 0.07275390625
0 0.7197265625 0.20068359375 0.01513671875 0.04833984375
0 0.61181640625 0.150390625 0.017578125 0.04541015625
0 0.58740234375 0.353515625 0.02685546875 0.06201171875
0 0.20556640625 0.45458984375 0.03662109375 0.07080078125
0 0.6162109375 0.03076171875 0.025390625 0.0361328125
0 0.5625 0.3291015625 0.02978515625 0.060546875
0 0.40869140625 0.0966796875 0.01513671875 0.0400390625
0 0.60302734375 0.09716796875 0.017578125 0.033203125
0 0.150390625 0.25830078125 0.01953125 0.0654296875
0 0.70849609375 0.0361328125 0.01416015625 0.03369140625
0 0.412109375 0.06689453125 0.01611328125 0.04345703125
0 0.2470703125 0.0283203125 0.01611328125 0.03564453125
0 0.24658203125 0.13232421875 0.02392578125 0.0244140625
0 0.4921875 0.4931640625 0.021484375 0.0732421875
0 0.04052734375 0.08544921875 0.0166015625 0.04296875
0 0.0078125 0.630859375 0.01513671875 0.08935546875
0 0.51025390625 0.0126953125 0.01806640625 0.02490234375
0 0.1630859375 0.01123046875 0.0244140625 0.02197265625
0 0.466796875 0.01123046875 0.0126953125 0.0224609375
0 0.318359375 0.162109375 0.0146484375 0.0244140625