0 0.4130859375 0.748046875 0.033203125 0.04345703125
0 0.3759765625 0.39111328125 0.033203125 0.05908203125
0 0.80419921875 0.18701171875 0.0439453125 0.05859375
0 0.8251953125 0.4306640625 0.0400390625 0.0400390625
0 0.45166015625 0.853515625 0.04638671875 0.033203125
0 0.58544921875 0.7646484375 0.04248046875 0.04296875
0 0.375 0.6826171875 0.03173828125 0.0595703125
0 0.85986328125 0.75146484375 0.0390625 0.0517578125
0 0.39306640625 0.4765625 0.03955078125 0.060546875
0 0.74755859375 0.79541015625 0.033203125 0.06298828125
0 0.76416015625 0.8740234375 0.04638671875 0.0498046875
0 0.8271484375 0.63818359375 0.037109375 0.0478515625
0 0.833984375 0.10205078125 0.03857421875 0.04150390625
0 0.9462890625 0.86181640625 0.044921875 0.0517578125
0 0.41455078125 0.9228515625 0.0576171875 0.0341796875
0 0.92919921875 0.724609375 0.033203125 0.05517578125
0 0.82861328125 0.8642578125 0.02685546875 0.068359375
0 0.9853515625 0.62890625 0.029296875 0.05029296875
0 0.71728515625 0.80419921875 0.04296875 0.0380859375
0 0.9287109375 0.20263671875 0.03515625 0.0517578125
0 0.876953125 0.4892578125 0.04150390625 0.06982421875
0 0.9794921875 0.56884765625 0.0341796875 0.052734375
0 0.95458984375 0.3876953125 0.02978515625 0.04443359375
0 0.88037109375 0.015625 0.0341796875 0.03125
0 0.94091796875 0.5927734375 0.03857421875 0.03125
0 0.376953125 0.9453125 0.041015625 0.0380859375
0 0.8955078125 0.30908203125 0.03759765625 0.0419921875
0 0.88671875 0.23583984375 0.03466796875 0.0458984375
0 0.80419921875 0.01171875 0.02587890625 0.02294921875
0 0.99658203125 0.4619140625 0.0068359375 0.099609375
0 0.9775390625 0.3974609375 0.02734375 0.0439453125