0 0.86669921875 0.685546875 0.02001953125 0.03662109375
0 0.5947265625 0.78125 0.02001953125 0.03759765625
0 0.95361328125 0.8095703125 0.0185546875 0.04052734375
0 0.14599609375 0.66845703125 0.0244140625 0.037109375
0 0.240234375 0.79150390625 0.02099609375 0.04296875
0 0.15283203125 0.61962890625 0.015625 0.0341796875
0 0.69091796875 0.65380859375 0.0185546875 0.03564453125
0 0.396484375 0.689453125 0.021484375 0.03662109375
0 0.2041015625 0.630859375 0.0166015625 0.03515625
0 0.3212890625 0.78076171875 0.02294921875 0.04443359375
0 0.4697265625 0.783203125 0.01953125 0.0517578125
0 0.66552734375 0.8642578125 0.02783203125 0.03466796875
0 0.2548828125 0.70703125 0.01708984375 0.03369140625
0 0.087890625 0.81494140625 0.0322265625 0.0439453125
0 0.75634765625 0.72021484375 0.01318359375 0.03271484375
0 0.84521484375 0.64306640625 0.01806640625 0.03857421875
0 0.509765625 0.95751953125 0.025390625 0.0517578125
0 0.666015625 0.89599609375 0.01708984375 0.04833984375
0 0.2861328125 0.81689453125 0.03466796875 0.02783203125
0 0.16015625 0.8251953125 0.0283203125 0.04345703125
0 0.66943359375 0.76611328125 0.033203125 0.0390625
0 0.01220703125 0.6162109375 0.01708984375 0.03515625
0 0.8681640625 0.97119140625 0.0205078125 0.048828125
0 0.55419921875 0.77734375 0.01806640625 0.03564453125
0 0.8359375 0.6796875 0.0283203125 0.03662109375
0 0.958984375 0.7392578125 0.01318359375 0.02783203125
0 0.2080078125 0.91845703125 0.02197265625 0.06396484375
0 0.1357421875 0.80224609375 0.0302734375 0.0439453125
0 0.533203125 0.6689453125 0.03076171875 0.03857421875
0 0.86474609375 0.9052734375 0.03369140625 0.0478515625
0 0.384765625 0.9853515625 0.037109375 0.029296875
0 0.35302734375 0.6689453125 0.03076171875 0.03857421875
0 0.0244140625 0.880859375 0.02001953125 0.044921875
0 0.35888671875 0.86962890625 0.01513671875 0.04345703125
0 0.1943359375 0.75341796875 0.01708984375 0.033203125
0 0.48046875 0.94287109375 0.021484375 0.044921875
0 0.5634765625 0.86474609375 0.03125 0.04931640625
0 0.55712890625 0.97705078125 0.04345703125 0.04541015625
0 0.6298828125 0.8798828125 0.02490234375 0.0380859375
0 0.033203125 0.6162109375 0.01318359375 0.03125
0 0.39453125 0.6484375 0.01953125 0.033203125
0 0.4892578125 0.6005859375 0.01611328125 0.01904296875
0 0.154296875 0.693359375 0.02587890625 0.02294921875
0 0.5400390625 0.654296875 0.02392578125 0.029296875
0 0.0380859375 0.78955078125 0.02978515625 0.03564453125
0 0.3779296875 0.8525390625 0.0146484375 0.05029296875
0 0.9189453125 0.9775390625 0.0322265625 0.04296875
0 0.19189453125 0.86865234375 0.02880859375 0.04833984375
0 0.78369140625 0.96533203125 0.03369140625 0.05126953125
0 0.7099609375 0.96484375 0.07275390625 0.06982421875
0 0.64599609375 0.81103515625 0.03076171875 0.04345703125
0 0.5283203125 0.8232421875 0.02294921875 0.03955078125
0 0.7734375 0.62939453125 0.02880859375 0.03369140625
0 0.681640625 0.9375 0.033203125 0.0341796875
0 0.173828125 0.9072265625 0.01904296875 0.04931640625
0 0.70849609375 0.8759765625 0.0224609375 0.04248046875
0 0.39208984375 0.8212890625 0.01904296875 0.0458984375
0 0.13671875 0.75537109375 0.01806640625 0.02734375
0 0.2919921875 0.638671875 0.01806640625 0.0224609375
0 0.37109375 0.82275390625 0.02734375 0.03125
0 0.177734375 0.85595703125 0.01806640625 0.04296875
0 0.966796875 0.9892578125 0.0302734375 0.02099609375
0 0.2080078125 0.900390625 0.01708984375 0.0244140625
0 0.26025390625 0.9853515625 0.0185546875 0.02880859375
0 0.00732421875 0.9619140625 0.0146484375 0.04345703125
0 0.00341796875 0.697265625 0.0068359375 0.03515625
0 0.314453125 0.78515625 0.01025390625 0.03076171875
0 0.62158203125 0.8720703125 0.01220703125 0.02880859375
0 0.1689453125 0.81494140625 0.01025390625 0.02392578125
0 0.1337890625 0.68505859375 0.0126953125 0.0185546875
0 0.2080078125 0.62060546875 0.00830078125 0.01708984375
0 0.4833984375 0.9287109375 0.013671875 0.0205078125
0 0.5751953125 0.853515625 0.01123046875 0.01806640625
0 0.9072265625 0.9892578125 0.01611328125 0.021484375
0 0.6806640625 0.7548828125 0.01025390625 0.0146484375