0 0.08544921875 0.724609375 0.01708984375 0.02001953125
0 0.1826171875 0.42822265625 0.01318359375 0.01806640625
0 0.130859375 0.4228515625 0.013671875 0.0185546875
0 0.0498046875 0.83935546875 0.0146484375 0.01708984375
0 0.048828125 0.62060546875 0.01513671875 0.01513671875
0 0.08203125 0.3095703125 0.0146484375 0.01708984375
0 0.0576171875 0.45458984375 0.01806640625 0.01953125
0 0.0078125 0.462890625 0.013671875 0.01611328125
0 0.1328125 0.2978515625 0.01123046875 0.0185546875
0 0.048828125 0.451171875 0.013671875 0.0224609375
0 0.17236328125 0.42138671875 0.015625 0.025390625
0 0.12109375 0.41796875 0.009765625 0.015625
0 0.99755859375 0.11083984375 0.0048828125 0.0234375