0 0.66015625 0.37744140625 0.021484375 0.01953125
0 0.64892578125 0.384765625 0.01953125 0.021484375
0 0.62109375 0.4150390625 0.0283203125 0.0341796875
0 0.81689453125 0.11865234375 0.0146484375 0.0146484375
0 0.82861328125 0.103515625 0.0166015625 0.0185546875
0 0.666015625 0.39794921875 0.017578125 0.0166015625
0 0.7021484375 0.44287109375 0.01953125 0.025390625
0 0.8271484375 0.443359375 0.0166015625 0.017578125
0 0.7451171875 0.2412109375 0.0146484375 0.0205078125
0 0.79833984375 0.39306640625 0.01953125 0.01953125
0 0.68896484375 0.43359375 0.0185546875 0.0224609375
0 0.86474609375 0.4365234375 0.017578125 0.021484375
0 0.732421875 0.42529296875 0.015625 0.0166015625
0 0.88330078125 0.1435546875 0.0146484375 0.021484375
0 0.71630859375 0.36328125 0.0166015625 0.017578125
0 0.67041015625 0.408203125 0.0185546875 0.0185546875
0 0.74462890625 0.22802734375 0.015625 0.01953125
0 0.63916015625 0.0908203125 0.0166015625 0.021484375
0 0.75537109375 0.28955078125 0.0185546875 0.021484375
0 0.78564453125 0.27001953125 0.017578125 0.025390625
0 0.75341796875 0.3408203125 0.0166015625 0.0185546875
0 0.5576171875 0.1357421875 0.025390625 0.0322265625
0 0.849609375 0.25048828125 0.0205078125 0.0244140625
0 0.51171875 0.26220703125 0.0205078125 0.0224609375
0 0.37255859375 0.0419921875 0.017578125 0.0302734375
0 0.37744140625 0.01171875 0.0185546875 0.0234375
0 0.619140625 0.10791015625 0.0166015625 0.0244140625
0 0.70458984375 0.24560546875 0.015625 0.0283203125
0 0.65185546875 0.07470703125 0.015625 0.015625