0 0.796875 0.31201171875 0.01953125 0.0263671875
0 0.86669921875 0.1396484375 0.013671875 0.0322265625
0 0.8369140625 0.0810546875 0.013671875 0.03515625
0 0.91064453125 0.15625 0.017578125 0.029296875
0 0.654296875 0.04248046875 0.0205078125 0.025390625
0 0.708984375 0.29931640625 0.015625 0.0302734375
0 0.6591796875 0.490234375 0.0205078125 0.021484375
0 0.67333984375 0.2490234375 0.0126953125 0.03515625
0 0.671875 0.41015625 0.0234375 0.03125
0 0.59619140625 0.03955078125 0.01171875 0.0341796875
0 0.71044921875 0.2529296875 0.013671875 0.0302734375
0 0.5595703125 0.30126953125 0.01171875 0.03515625
0 0.544921875 0.09765625 0.0126953125 0.0322265625
0 0.28759765625 0.052734375 0.015625 0.03125
0 0.109375 0.3935546875 0.0087890625 0.02734375
0 0.0234375 0.41943359375 0.0166015625 0.0419921875
0 0.05615234375 0.44970703125 0.0185546875 0.025390625
0 0.1416015625 0.033203125 0.0107421875 0.033203125
0 0.43359375 0.14697265625 0.0126953125 0.0361328125
0 0.17236328125 0.162109375 0.0107421875 0.03125
0 0.4765625 0.10302734375 0.017578125 0.025390625
0 0.50244140625 0.08154296875 0.0107421875 0.0361328125
0 0.32763671875 0.1884765625 0.0087890625 0.029296875
0 0.330078125 0.1337890625 0.015625 0.029296875
0 0.146484375 0.0966796875 0.0166015625 0.03515625
0 0.109375 0.06787109375 0.01171875 0.0361328125
0 0.271484375 0.2998046875 0.017578125 0.0390625
0 0.58203125 0.26953125 0.0146484375 0.0361328125
0 0.14111328125 0.0693359375 0.0107421875 0.0322265625
0 0.0791015625 0.06396484375 0.015625 0.03515625
0 0.3291015625 0.01611328125 0.01953125 0.0322265625
0 0.1220703125 0.1171875 0.013671875 0.0302734375
0 0.17822265625 0.10888671875 0.009765625 0.037109375
0 0.37548828125 0.10498046875 0.013671875 0.03125
0 0.205078125 0.06103515625 0.0107421875 0.0341796875
0 0.09423828125 0.1806640625 0.013671875 0.0322265625
0 0.16455078125 0.05712890625 0.01953125 0.0263671875
0 0.05029296875 0.00732421875 0.0166015625 0.0146484375
0 0.11767578125 0.0224609375 0.0126953125 0.029296875
0 0.02490234375 0.08349609375 0.0087890625 0.03125
0 0.591796875 0.01025390625 0.0087890625 0.0126953125