0 0.3779296875 0.28662109375 0.0625 0.07568359375
0 0.447265625 0.439453125 0.05126953125 0.05908203125
0 0.2783203125 0.1474609375 0.03564453125 0.06396484375
0 0.36279296875 0.42626953125 0.0517578125 0.0556640625
0 0.5947265625 0.45068359375 0.0478515625 0.087890625
0 0.6298828125 0.3291015625 0.06787109375 0.04931640625
0 0.47265625 0.1865234375 0.03759765625 0.07958984375
0 0.0380859375 0.12060546875 0.03515625 0.02734375
0 0.62451171875 0.07177734375 0.04443359375 0.060546875
0 0.310546875 0.20849609375 0.05859375 0.06787109375
0 0.0302734375 0.37060546875 0.05859375 0.07470703125
0 0.708984375 0.16796875 0.048828125 0.07177734375
0 0.802734375 0.10546875 0.05712890625 0.06005859375
0 0.94580078125 0.34521484375 0.0751953125 0.09375
0 0.64990234375 0.3984375 0.06298828125 0.05029296875
0 0.8046875 0.009765625 0.0390625 0.01953125
0 0.98583984375 0.0537109375 0.0283203125 0.02783203125
0 0.97802734375 0.109375 0.0439453125 0.0703125
0 0.341796875 0.107421875 0.0439453125 0.05810546875
0 0.80712890625 0.26513671875 0.0693359375 0.06689453125
0 0.08984375 0.02978515625 0.033203125 0.04248046875
0 0.8359375 0.31396484375 0.05517578125 0.08642578125
0 0.2001953125 0.1845703125 0.0673828125 0.0390625
0 0.662109375 0.751953125 0.08251953125 0.140625
0 0.2099609375 0.685546875 0.11181640625 0.11328125
0 0.95947265625 0.12353515625 0.041015625 0.06982421875
0 0.65625 0.04833984375 0.05517578125 0.05419921875
0 0.7890625 0.2041015625 0.03662109375 0.0546875
0 0.78271484375 0.14306640625 0.03076171875 0.041015625
0 0.9345703125 0.02197265625 0.04150390625 0.0439453125
0 0.52880859375 0.97998046875 0.125 0.03955078125
0 0.62353515625 0.0205078125 0.0380859375 0.04052734375
0 0.76611328125 0.78466796875 0.107421875 0.13916015625
0 0.26025390625 0.791015625 0.07373046875 0.0908203125
0 0.142578125 0.64990234375 0.07080078125 0.1123046875
0 0.880859375 0.55078125 0.08154296875 0.1162109375
0 0.8681640625 0.48583984375 0.0810546875 0.07421875
0 0.4931640625 0.5966796875 0.05419921875 0.1259765625
0 0.14794921875 0.27978515625 0.04541015625 0.0517578125
0 0.81884765625 0.857421875 0.138671875 0.19189453125
0 0.74853515625 0.01904296875 0.01953125 0.03759765625
0 0.283203125 0.0078125 0.02197265625 0.015625
0 0.99267578125 0.2275390625 0.0146484375 0.0595703125
0 0.78564453125 0.09716796875 0.0244140625 0.0439453125
0 0.76611328125 0.0068359375 0.0205078125 0.013671875