0 0.6953125 0.54443359375 0.0556640625 0.0615234375
0 0.6337890625 0.89990234375 0.068359375 0.0556640625
0 0.10693359375 0.82666015625 0.0439453125 0.04296875
0 0.1103515625 0.64453125 0.0302734375 0.04296875
0 0.0498046875 0.7333984375 0.0283203125 0.0390625
0 0.7509765625 0.8759765625 0.0498046875 0.0458984375
0 0.6279296875 0.57470703125 0.037109375 0.0419921875
0 0.3818359375 0.587890625 0.0400390625 0.044921875
0 0.3359375 0.2578125 0.048828125 0.060546875
0 0.52490234375 0.6552734375 0.033203125 0.0322265625
0 0.69091796875 0.40869140625 0.0302734375 0.0361328125
0 0.09619140625 0.46044921875 0.0400390625 0.044921875
0 0.1826171875 0.31591796875 0.0419921875 0.044921875
0 0.458984375 0.49560546875 0.0322265625 0.0380859375
0 0.033203125 0.3857421875 0.03515625 0.044921875
0 0.32861328125 0.43359375 0.0400390625 0.037109375
0 0.19140625 0.82861328125 0.041015625 0.064453125
0 0.25732421875 0.85302734375 0.029296875 0.03125
0 0.5732421875 0.275390625 0.033203125 0.0322265625
0 0.14990234375 0.5322265625 0.03125 0.052734375
0 0.26416015625 0.35595703125 0.0283203125 0.0341796875
0 0.2265625 0.6259765625 0.0361328125 0.0419921875
0 0.1064453125 0.71533203125 0.0302734375 0.05078125
0 0.2939453125 0.65771484375 0.0341796875 0.0517578125
0 0.19921875 0.5146484375 0.0283203125 0.0419921875
0 0.2431640625 0.09619140625 0.0361328125 0.0400390625
0 0.13525390625 0.26611328125 0.064453125 0.0625
0 0.3544921875 0.31689453125 0.03515625 0.0322265625
0 0.48291015625 0.142578125 0.041015625 0.0517578125
0 0.16015625 0.865234375 0.0439453125 0.052734375
0 0.2109375 0.9814453125 0.041015625 0.037109375
0 0.3583984375 0.04638671875 0.02734375 0.02734375
0 0.6845703125 0.85791015625 0.0380859375 0.0546875
0 0.16259765625 0.5830078125 0.0380859375 0.052734375
0 0.341796875 0.169921875 0.0595703125 0.080078125
0 0.17333984375 0.62060546875 0.037109375 0.046875
0 0.50244140625 0.216796875 0.037109375 0.0498046875
0 0.05712890625 0.55908203125 0.0361328125 0.05078125
0 0.4248046875 0.2568359375 0.044921875 0.048828125
0 0.064453125 0.107421875 0.02734375 0.029296875
0 0.294921875 0.18505859375 0.0673828125 0.0576171875
0 0.0126953125 0.28564453125 0.025390625 0.0400390625
0 0.4482421875 0.41259765625 0.0478515625 0.052734375
0 0.3359375 0.55859375 0.0234375 0.0439453125
0 0.333984375 0.11767578125 0.041015625 0.041015625
0 0.1240234375 0.18994140625 0.037109375 0.0419921875
0 0.5400390625 0.1435546875 0.02734375 0.0361328125
0 0.40087890625 0.5595703125 0.033203125 0.0302734375
0 0.14013671875 0.396484375 0.025390625 0.0400390625
0 0.32421875 0.15673828125 0.025390625 0.037109375
0 0.1162109375 0.25146484375 0.033203125 0.03125
0 0.337890625 0.53759765625 0.0390625 0.0400390625
0 0.09765625 0.5966796875 0.033203125 0.0390625
0 0.63037109375 0.9345703125 0.033203125 0.04296875
0 0.37255859375 0.517578125 0.025390625 0.0322265625
0 0.37353515625 0.037109375 0.0673828125 0.0478515625
0 0.2041015625 0.7646484375 0.0224609375 0.0234375
0 0.23583984375 0.7333984375 0.0185546875 0.01953125
0 0.45849609375 0.18212890625 0.021484375 0.03125