0 0.935546875 0.0908203125 0.01171875 0.0380859375
0 0.9306640625 0.169921875 0.0166015625 0.0400390625
0 0.76171875 0.01513671875 0.01171875 0.0302734375
0 0.75341796875 0.111328125 0.0126953125 0.037109375
0 0.77099609375 0.0546875 0.0185546875 0.029296875
0 0.65625 0.068359375 0.0126953125 0.033203125
0 0.185546875 0.0810546875 0.013671875 0.0341796875
0 0.95849609375 0.0859375 0.0126953125 0.033203125
0 0.99072265625 0.5146484375 0.013671875 0.0322265625
0 0.10302734375 0.0908203125 0.0166015625 0.0302734375
0 0.490234375 0.16162109375 0.01953125 0.0439453125
0 0.4365234375 0.1904296875 0.0166015625 0.03515625
0 0.09423828125 0.140625 0.017578125 0.041015625
0 0.40185546875 0.02099609375 0.015625 0.0205078125
0 0.435546875 0.05126953125 0.02734375 0.0458984375
0 0.55029296875 0.068359375 0.0185546875 0.0322265625
0 0.68212890625 0.0380859375 0.015625 0.0390625
0 0.8720703125 0.15771484375 0.0224609375 0.046875
0 0.8671875 0.08544921875 0.0107421875 0.0302734375
0 0.54052734375 0.166015625 0.01171875 0.03125
0 0.7431640625 0.119140625 0.01171875 0.03515625
0 0.92041015625 0.03466796875 0.015625 0.03515625
0 0.767578125 0.099609375 0.015625 0.0322265625
0 0.896484375 0.1259765625 0.0126953125 0.0322265625
0 0.55224609375 0.26025390625 0.01171875 0.03515625
0 0.70654296875 0.06103515625 0.013671875 0.0361328125
0 0.51318359375 0.07958984375 0.0107421875 0.041015625
0 0.78369140625 0.0966796875 0.015625 0.033203125
0 0.5458984375 0.2373046875 0.0126953125 0.0390625
0 0.62060546875 0.0166015625 0.0185546875 0.033203125
0 0.64404296875 0.02099609375 0.0185546875 0.0380859375
0 0.60009765625 0.041015625 0.017578125 0.03515625
0 0.79736328125 0.0068359375 0.0107421875 0.013671875
0 0.71826171875 0.01611328125 0.0107421875 0.0322265625
0 0.97998046875 0.005859375 0.0068359375 0.01171875
0 0.98583984375 0.12890625 0.00390625 0.0263671875
0 0.439453125 0.0107421875 0.0146484375 0.017578125
0 0.0859375 0.20068359375 0.015625 0.0498046875
0 0.1201171875 0.11767578125 0.021484375 0.0458984375