0 0.51904296875 0.33203125 0.08935546875 0.22998046875
0 0.201171875 0.6748046875 0.0869140625 0.25390625
0 0.5107421875 0.83447265625 0.10986328125 0.21044921875
0 0.6435546875 0.49658203125 0.10400390625 0.13671875
0 0.30712890625 0.34423828125 0.0869140625 0.1630859375
0 0.7646484375 0.04345703125 0.1640625 0.0869140625
0 0.03466796875 0.9521484375 0.068359375 0.095703125
0 0.1376953125 0.92529296875 0.125 0.1357421875
0 0.56591796875 0.47900390625 0.1015625 0.17333984375
0 0.3203125 0.904296875 0.12548828125 0.185546875
0 0.927734375 0.74755859375 0.1181640625 0.3037109375
0 0.1357421875 0.84326171875 0.12841796875 0.1904296875
0 0.08642578125 0.71484375 0.05322265625 0.244140625