0 0.2685546875 0.37353515625 0.00439453125 0.02392578125
0 0.29150390625 0.26513671875 0.0068359375 0.0263671875
0 0.1103515625 0.123046875 0.0126953125 0.01708984375
0 0.2060546875 0.77001953125 0.01416015625 0.01904296875
0 0.3818359375 0.837890625 0.0068359375 0.02880859375
0 0.2109375 0.6689453125 0.00732421875 0.03125
0 0.20947265625 0.69677734375 0.01220703125 0.02685546875
0 0.2548828125 0.12890625 0.00927734375 0.02978515625
0 0.1552734375 0.650390625 0.00732421875 0.0390625
0 0.37744140625 0.912109375 0.01220703125 0.02587890625
0 0.392578125 0.89501953125 0.0087890625 0.02685546875
0 0.12890625 0.3681640625 0.00927734375 0.029296875
0 0.322265625 0.951171875 0.01318359375 0.021484375
0 0.2548828125 0.57373046875 0.01025390625 0.03662109375