0 0.77685546875 0.576171875 0.017578125 0.0205078125
0 0.79931640625 0.42578125 0.015625 0.017578125
0 0.86083984375 0.35888671875 0.0146484375 0.0185546875
0 0.81982421875 0.37939453125 0.0126953125 0.015625
0 0.90478515625 0.7451171875 0.025390625 0.0205078125
0 0.87841796875 0.52734375 0.0166015625 0.021484375
0 0.9892578125 0.88232421875 0.017578125 0.0224609375
0 0.90673828125 0.109375 0.013671875 0.013671875
0 0.7890625 0.52685546875 0.0146484375 0.021484375
0 0.80615234375 0.1943359375 0.0126953125 0.0146484375
0 0.908203125 0.619140625 0.0185546875 0.01953125
0 0.81494140625 0.064453125 0.01171875 0.015625
0 0.90283203125 0.3955078125 0.015625 0.0166015625
0 0.93017578125 0.67138671875 0.015625 0.0166015625
0 0.93701171875 0.20166015625 0.0146484375 0.0166015625
0 0.93212890625 0.39501953125 0.0166015625 0.017578125
0 0.9375 0.64306640625 0.015625 0.017578125
0 0.96630859375 0.36669921875 0.017578125 0.017578125
0 0.90869140625 0.22412109375 0.013671875 0.0166015625
0 0.95361328125 0.65478515625 0.017578125 0.01953125
0 0.7529296875 0.0732421875 0.0087890625 0.0166015625
0 0.8837890625 0.32275390625 0.0166015625 0.0224609375
0 0.77978515625 0.1103515625 0.0078125 0.015625
0 0.84521484375 0.08740234375 0.0146484375 0.0185546875
0 0.87841796875 0.21240234375 0.015625 0.015625
0 0.876953125 0.4990234375 0.0166015625 0.0205078125
0 0.91162109375 0.57080078125 0.0166015625 0.017578125
0 0.83056640625 0.6083984375 0.013671875 0.02734375
0 0.96435546875 0.76904296875 0.025390625 0.02734375
0 0.93994140625 0.603515625 0.01953125 0.01953125
0 0.9970703125 0.56982421875 0.005859375 0.0185546875
0 0.90869140625 0.5888671875 0.017578125 0.0205078125
0 0.94921875 0.2998046875 0.015625 0.0185546875
0 0.96533203125 0.724609375 0.0205078125 0.021484375
0 0.95458984375 0.60546875 0.017578125 0.0205078125
0 0.82080078125 0.59228515625 0.01171875 0.0263671875
0 0.9365234375 0.42236328125 0.0185546875 0.0244140625
0 0.994140625 0.8291015625 0.01171875 0.01953125
0 0.9248046875 0.46826171875 0.017578125 0.021484375
0 0.9716796875 0.751953125 0.017578125 0.02734375
0 0.90625 0.06298828125 0.015625 0.021484375
0 0.99072265625 0.79541015625 0.0185546875 0.0302734375
0 0.951171875 0.27685546875 0.009765625 0.021484375
0 0.99560546875 0.69970703125 0.0087890625 0.0205078125
0 0.9970703125 0.54296875 0.005859375 0.01953125
0 0.92626953125 0.53955078125 0.017578125 0.01953125
0 0.908203125 0.5263671875 0.017578125 0.01953125
0 0.97412109375 0.5595703125 0.01953125 0.0224609375
0 0.91943359375 0.25048828125 0.015625 0.0224609375
0 0.90625 0.50439453125 0.0185546875 0.0185546875
0 0.9404296875 0.52783203125 0.01953125 0.021484375
0 0.9248046875 0.50390625 0.013671875 0.021484375
0 0.92138671875 0.2412109375 0.0126953125 0.015625
0 0.89111328125 0.48291015625 0.0185546875 0.021484375
0 0.93408203125 0.48828125 0.017578125 0.017578125
0 0.8896484375 0.4599609375 0.0166015625 0.0205078125
0 0.9052734375 0.47314453125 0.0205078125 0.0234375
0 0.9765625 0.525390625 0.01953125 0.0205078125
0 0.98486328125 0.55078125 0.0185546875 0.021484375
0 0.939453125 0.49853515625 0.0185546875 0.021484375
0 0.9638671875 0.52880859375 0.01953125 0.0244140625
0 0.9619140625 0.74072265625 0.015625 0.0205078125
0 0.748046875 0.076171875 0.0087890625 0.01171875
0 0.998046875 0.466796875 0.00390625 0.01953125
0 0.896484375 0.02685546875 0.013671875 0.017578125
0 0.96875 0.5419921875 0.0263671875 0.0205078125