0 0.5498046875 0.4326171875 0.0166015625 0.0380859375
0 0.93408203125 0.06640625 0.01025390625 0.03076171875
0 0.75634765625 0.44970703125 0.021484375 0.0458984375
0 0.69921875 0.32470703125 0.01806640625 0.04931640625
0 0.3271484375 0.06787109375 0.01611328125 0.02685546875
0 0.4150390625 0.1025390625 0.0205078125 0.03125
0 0.65185546875 0.20849609375 0.01708984375 0.03076171875
0 0.52978515625 0.65869140625 0.01708984375 0.04248046875
0 0.365234375 0.04833984375 0.021484375 0.01708984375
0 0.279296875 0.056640625 0.01611328125 0.0244140625
0 0.376953125 0.0595703125 0.01318359375 0.025390625
0 0.4228515625 0.26611328125 0.01904296875 0.033203125
0 0.203125 0.08642578125 0.01953125 0.02587890625
0 0.71923828125 0.12890625 0.0126953125 0.0224609375
0 0.57373046875 0.2275390625 0.0166015625 0.0361328125
0 0.34619140625 0.12255859375 0.01708984375 0.033203125
0 0.71826171875 0.14794921875 0.0126953125 0.0361328125
0 0.65673828125 0.04541015625 0.01513671875 0.0185546875
0 0.35400390625 0.224609375 0.01123046875 0.037109375
0 0.529296875 0.287109375 0.01904296875 0.0322265625
0 0.44091796875 0.74169921875 0.01611328125 0.03515625
0 0.69677734375 0.14990234375 0.0126953125 0.03271484375
0 0.529296875 0.0068359375 0.01708984375 0.0126953125
0 0.33837890625 0.55908203125 0.02197265625 0.044921875
0 0.36376953125 0.2197265625 0.0126953125 0.03955078125
0 0.37451171875 0.67236328125 0.03125 0.037109375