0 0.69091796875 0.806640625 0.052734375 0.083984375
0 0.2412109375 0.67724609375 0.05224609375 0.0712890625
0 0.44189453125 0.6953125 0.05810546875 0.07666015625
0 0.36572265625 0.720703125 0.06640625 0.0712890625
0 0.15966796875 0.51318359375 0.0419921875 0.056640625
0 0.869140625 0.43359375 0.05615234375 0.05126953125
0 0.9130859375 0.48193359375 0.0390625 0.0625
0 0.53173828125 0.513671875 0.05078125 0.05322265625
0 0.41162109375 0.55029296875 0.0439453125 0.06396484375
0 0.77783203125 0.4375 0.04248046875 0.05322265625
0 0.68310546875 0.494140625 0.0556640625 0.0546875
0 0.68017578125 0.375 0.0400390625 0.04345703125
0 0.34423828125 0.5703125 0.02734375 0.052734375
0 0.78369140625 0.57177734375 0.064453125 0.0673828125
0 0.38330078125 0.34228515625 0.03466796875 0.04248046875
0 0.39501953125 0.44189453125 0.03271484375 0.04541015625
0 0.05078125 0.380859375 0.03369140625 0.03857421875
0 0.72412109375 0.65380859375 0.07373046875 0.0732421875
0 0.47900390625 0.8994140625 0.048828125 0.07861328125
0 0.68603515625 0.630859375 0.06005859375 0.0615234375
0 0.82080078125 0.39990234375 0.0263671875 0.0537109375
0 0.5380859375 0.8828125 0.07763671875 0.08837890625
0 0.33154296875 0.35546875 0.01806640625 0.0390625
0 0.126953125 0.4384765625 0.02294921875 0.04443359375
0 0.4609375 0.27392578125 0.02587890625 0.03369140625
0 0.28125 0.943359375 0.07373046875 0.076171875
0 0.88134765625 0.65185546875 0.0703125 0.072265625
0 0.9453125 0.421875 0.0419921875 0.05224609375
0 0.501953125 0.26220703125 0.02978515625 0.03564453125
0 0.84716796875 0.5830078125 0.07373046875 0.06201171875
0 0.01513671875 0.44384765625 0.0302734375 0.04345703125
0 0.46875 0.578125 0.0546875 0.06884765625
0 0.66455078125 0.34423828125 0.0322265625 0.033203125
0 0.38427734375 0.64404296875 0.05712890625 0.03369140625
0 0.1025390625 0.24560546875 0.02685546875 0.03076171875
0 0.43408203125 0.224609375 0.025390625 0.03076171875
0 0.72607421875 0.2646484375 0.029296875 0.03857421875
0 0.0966796875 0.525390625 0.02685546875 0.04052734375
0 0.470703125 0.4853515625 0.04248046875 0.04052734375
0 0.2314453125 0.24755859375 0.02294921875 0.02734375
0 0.62060546875 0.91943359375 0.05126953125 0.0810546875
0 0.38720703125 0.28857421875 0.033203125 0.03564453125
0 0.13525390625 0.5537109375 0.02734375 0.052734375
0 0.20654296875 0.24365234375 0.0244140625 0.02978515625
0 0.2080078125 0.21875 0.0205078125 0.02587890625
0 0.482421875 0.5068359375 0.04052734375 0.0419921875
0 0.2509765625 0.13671875 0.013671875 0.02099609375
0 0.59423828125 0.884765625 0.048828125 0.08447265625
0 0.8505859375 0.3349609375 0.048828125 0.04345703125
0 0.216796875 0.125 0.01318359375 0.02294921875
0 0.16015625 0.138671875 0.01220703125 0.02392578125
0 0.1484375 0.185546875 0.02197265625 0.0244140625
0 0.72509765625 0.5234375 0.04052734375 0.05419921875
0 0.47314453125 0.541015625 0.0498046875 0.0419921875
0 0.3818359375 0.19921875 0.0263671875 0.029296875
0 0.267578125 0.28759765625 0.015625 0.0283203125
0 0.4248046875 0.0712890625 0.0166015625 0.0205078125
0 0.72314453125 0.34716796875 0.0390625 0.0390625
0 0.2802734375 0.15087890625 0.01318359375 0.02099609375
0 0.029296875 0.31982421875 0.0302734375 0.03662109375
0 0.0732421875 0.20263671875 0.0126953125 0.0234375
0 0.0498046875 0.3095703125 0.0234375 0.0361328125
0 0.794921875 0.30126953125 0.01416015625 0.0458984375
0 0.142578125 0.1279296875 0.0166015625 0.01904296875
0 0.2431640625 0.8837890625 0.07470703125 0.08837890625
0 0.384765625 0.14599609375 0.02001953125 0.0244140625
0 0.029296875 0.27880859375 0.0205078125 0.02490234375
0 0.08544921875 0.1884765625 0.017578125 0.0234375
0 0.2138671875 0.16650390625 0.0234375 0.02490234375
0 0.3984375 0.185546875 0.0146484375 0.01611328125
0 0.41650390625 0.1953125 0.02099609375 0.02783203125
0 0.310546875 0.17822265625 0.02197265625 0.01806640625
0 0.111328125 0.18408203125 0.0185546875 0.0224609375
0 0.3388671875 0.2099609375 0.021484375 0.01611328125
0 0.2822265625 0.18505859375 0.017578125 0.0146484375
0 0.0224609375 0.296875 0.0244140625 0.0322265625
0 0.408203125 0.173828125 0.02587890625 0.02392578125
0 0.2265625 0.177734375 0.0146484375 0.02294921875
0 0.36572265625 0.076171875 0.01416015625 0.01806640625
0 0.11328125 0.2080078125 0.0234375 0.0302734375
0 0.095703125 0.21875 0.0234375 0.02685546875
0 0.1865234375 0.1591796875 0.02001953125 0.02392578125
0 0.17724609375 0.13818359375 0.01708984375 0.01806640625
0 0.08154296875 0.21337890625 0.01220703125 0.029296875
0 0.31591796875 0.19482421875 0.013671875 0.03076171875
0 0.01220703125 0.14111328125 0.02099609375 0.02099609375
0 0.4072265625 0.07421875 0.01416015625 0.01806640625
0 0.01220703125 0.126953125 0.015625 0.01416015625