0 0.7978515625 0.39306640625 0.01953125 0.02978515625
0 0.95556640625 0.12060546875 0.025390625 0.0517578125
0 0.7763671875 0.3916015625 0.013671875 0.03564453125
0 0.69970703125 0.34326171875 0.01171875 0.03515625
0 0.73828125 0.2451171875 0.01171875 0.0283203125
0 0.8623046875 0.15625 0.0126953125 0.03466796875
0 0.62548828125 0.3525390625 0.0126953125 0.03125
0 0.517578125 0.40625 0.01416015625 0.03076171875
0 0.642578125 0.353515625 0.00830078125 0.03515625
0 0.564453125 0.35107421875 0.01171875 0.0263671875
0 0.599609375 0.32861328125 0.01220703125 0.02978515625
0 0.60888671875 0.3916015625 0.01025390625 0.029296875
0 0.70263671875 0.22705078125 0.01171875 0.0341796875
0 0.541015625 0.32421875 0.01171875 0.029296875
0 0.84521484375 0.06591796875 0.01025390625 0.03369140625
0 0.7119140625 0.216796875 0.0126953125 0.0322265625
0 0.4375 0.18896484375 0.01416015625 0.03173828125
0 0.7783203125 0.17236328125 0.0185546875 0.02197265625
0 0.62353515625 0.19775390625 0.013671875 0.03125
0 0.84033203125 0.1162109375 0.01318359375 0.03271484375
0 0.9033203125 0.16162109375 0.01513671875 0.03515625
0 0.71728515625 0.16455078125 0.0126953125 0.03125
0 0.64111328125 0.12744140625 0.00927734375 0.03125
0 0.67822265625 0.1318359375 0.01220703125 0.033203125
0 0.8310546875 0.154296875 0.0146484375 0.03564453125
0 0.79150390625 0.3212890625 0.01416015625 0.02587890625
0 0.40185546875 0.16845703125 0.0146484375 0.029296875
0 0.521484375 0.27783203125 0.009765625 0.0341796875
0 0.73974609375 0.17333984375 0.01416015625 0.0322265625
0 0.7890625 0.07080078125 0.01025390625 0.03125
0 0.81103515625 0.03466796875 0.01220703125 0.03173828125
0 0.54345703125 0.28125 0.013671875 0.03173828125
0 0.6162109375 0.25732421875 0.01513671875 0.02734375
0 0.6396484375 0.04345703125 0.0107421875 0.03369140625
0 0.5810546875 0.1484375 0.01318359375 0.033203125
0 0.6201171875 0.16162109375 0.013671875 0.0322265625
0 0.4951171875 0.16943359375 0.0126953125 0.02978515625
0 0.6748046875 0.3330078125 0.01611328125 0.02392578125
0 0.5576171875 0.17041015625 0.01171875 0.0341796875
0 0.79638671875 0.111328125 0.01171875 0.03369140625
0 0.77880859375 0.14404296875 0.01416015625 0.03759765625
0 0.642578125 0.3173828125 0.01025390625 0.0390625
0 0.4443359375 0.1484375 0.01416015625 0.03369140625
0 0.44873046875 0.0986328125 0.0126953125 0.029296875
0 0.47412109375 0.25390625 0.01416015625 0.03369140625
0 0.564453125 0.2568359375 0.01025390625 0.03564453125
0 0.7421875 0.04150390625 0.013671875 0.03271484375
0 0.904296875 0.08740234375 0.01416015625 0.04296875
0 0.72021484375 0.11181640625 0.009765625 0.029296875
0 0.75732421875 0.0732421875 0.01220703125 0.0322265625
0 0.46728515625 0.287109375 0.01904296875 0.01904296875
0 0.767578125 0.12353515625 0.01513671875 0.02685546875
0 0.2763671875 0.08837890625 0.01318359375 0.03125
0 0.365234375 0.01611328125 0.01611328125 0.02880859375
0 0.4697265625 0.15087890625 0.01416015625 0.03173828125
0 0.7529296875 0.01318359375 0.013671875 0.0263671875
0 0.58349609375 0.0673828125 0.009765625 0.03955078125
0 0.44677734375 0.2978515625 0.01171875 0.0380859375
0 0.6962890625 0.06005859375 0.01318359375 0.03369140625
0 0.63720703125 0.28857421875 0.01220703125 0.03466796875
0 0.533203125 0.17431640625 0.0146484375 0.029296875
0 0.75244140625 0.1376953125 0.0185546875 0.02880859375
0 0.4912109375 0.115234375 0.01904296875 0.02587890625
0 0.380859375 0.09814453125 0.015625 0.0283203125
0 0.5888671875 0.0830078125 0.01220703125 0.04345703125
0 0.6220703125 0.07421875 0.015625 0.037109375
0 0.60107421875 0.033203125 0.0107421875 0.03515625
0 0.703125 0.0830078125 0.01513671875 0.0341796875
0 0.53125 0.1064453125 0.0087890625 0.03515625
0 0.46435546875 0.07373046875 0.01318359375 0.0322265625
0 0.55078125 0.03515625 0.01513671875 0.03271484375
0 0.619140625 0.0283203125 0.01416015625 0.03125
0 0.51025390625 0.08740234375 0.015625 0.0302734375
0 0.38037109375 0.2333984375 0.01611328125 0.0224609375
0 0.4521484375 0.341796875 0.00927734375 0.03466796875
0 0.61376953125 0.0390625 0.01123046875 0.0322265625
0 0.54638671875 0.0791015625 0.01611328125 0.0322265625
0 0.54833984375 0.2109375 0.01123046875 0.0400390625
0 0.2353515625 0.10302734375 0.009765625 0.03369140625
0 0.306640625 0.04833984375 0.00927734375 0.03369140625
0 0.2265625 0.29736328125 0.0107421875 0.02587890625
0 0.3056640625 0.14111328125 0.0107421875 0.02783203125
0 0.263671875 0.01806640625 0.01025390625 0.03466796875
0 0.31689453125 0.13671875 0.01904296875 0.029296875
0 0.47802734375 0.07666015625 0.01123046875 0.03125
0 0.45068359375 0.01513671875 0.013671875 0.02978515625
0 0.4931640625 0.08251953125 0.01708984375 0.0205078125
0 0.81640625 0.00927734375 0.0087890625 0.0185546875
0 0.6767578125 0.1806640625 0.0107421875 0.03076171875
0 0.990234375 0.0693359375 0.01318359375 0.03173828125
0 0.4228515625 0.015625 0.01171875 0.0302734375
0 0.4638671875 0.04443359375 0.01123046875 0.033203125
0 0.4951171875 0.3046875 0.01025390625 0.03125
0 0.38720703125 0.12158203125 0.01025390625 0.0361328125
0 0.921875 0.03759765625 0.01123046875 0.029296875
0 0.48193359375 0.01318359375 0.0107421875 0.025390625
0 0.5849609375 0.021484375 0.01123046875 0.033203125
0 0.21630859375 0.02099609375 0.01123046875 0.03759765625
0 0.5498046875 0.01416015625 0.0185546875 0.02294921875
0 0.86572265625 0.11572265625 0.01806640625 0.0107421875
0 0.509765625 0.0146484375 0.01171875 0.029296875
0 0.75634765625 0.24169921875 0.01318359375 0.03564453125
0 0.23828125 0.0625 0.00830078125 0.03466796875
0 0.2216796875 0.234375 0.0107421875 0.02783203125
0 0.39453125 0.00830078125 0.01123046875 0.0166015625
0 0.47216796875 0.03369140625 0.0205078125 0.0224609375
0 0.2890625 0.09423828125 0.01513671875 0.0380859375
0 0.52880859375 0.01220703125 0.0107421875 0.0244140625
0 0.57421875 0.251953125 0.01123046875 0.03857421875
0 0.3125 0.00634765625 0.00830078125 0.01220703125
0 0.4931640625 0.01318359375 0.013671875 0.0263671875
0 0.20458984375 0.08349609375 0.02587890625 0.0361328125
0 0.20361328125 0.10546875 0.0146484375 0.03466796875
0 0.86474609375 0.12548828125 0.021484375 0.01416015625