0 0.93115234375 0.8623046875 0.02099609375 0.0537109375
0 0.85009765625 0.732421875 0.017578125 0.0556640625
0 0.75439453125 0.51220703125 0.017578125 0.03662109375
0 0.73291015625 0.0234375 0.02587890625 0.044921875
0 0.70751953125 0.68017578125 0.01806640625 0.0498046875
0 0.8076171875 0.4970703125 0.02490234375 0.04248046875
0 0.724609375 0.4892578125 0.0185546875 0.0361328125
0 0.6845703125 0.81787109375 0.0234375 0.04736328125
0 0.55419921875 0.79833984375 0.02294921875 0.0478515625
0 0.98974609375 0.837890625 0.0185546875 0.0439453125
0 0.7333984375 0.9599609375 0.02587890625 0.0537109375
0 0.67919921875 0.18994140625 0.02001953125 0.04541015625
0 0.62109375 0.57373046875 0.01220703125 0.02783203125
0 0.8017578125 0.74365234375 0.01953125 0.0546875
0 0.755859375 0.2998046875 0.0205078125 0.04248046875
0 0.6103515625 0.365234375 0.01708984375 0.04052734375
0 0.68603515625 0.515625 0.01953125 0.04638671875
0 0.9892578125 0.55078125 0.021484375 0.064453125
0 0.81640625 0.98828125 0.0166015625 0.0234375
0 0.64892578125 0.45263671875 0.01171875 0.0390625
0 0.630859375 0.4501953125 0.02294921875 0.04638671875
0 0.740234375 0.6416015625 0.02001953125 0.0458984375
0 0.72900390625 0.32275390625 0.0166015625 0.037109375
0 0.66015625 0.32861328125 0.021484375 0.05517578125
0 0.6552734375 0.37158203125 0.01611328125 0.04150390625
0 0.7724609375 0.71044921875 0.0205078125 0.04150390625
0 0.56787109375 0.67138671875 0.01513671875 0.0478515625
0 0.54150390625 0.099609375 0.0234375 0.06201171875
0 0.63525390625 0.396484375 0.01318359375 0.04150390625
0 0.677734375 0.49462890625 0.0146484375 0.03466796875
0 0.53759765625 0.087890625 0.01171875 0.037109375
0 0.1396484375 0.96337890625 0.0126953125 0.02099609375
0 0.99755859375 0.31298828125 0.0048828125 0.02294921875