0 0.71728515625 0.7138671875 0.0166015625 0.03515625
0 0.71240234375 0.66845703125 0.017578125 0.03515625
0 0.6513671875 0.7177734375 0.01953125 0.0263671875
0 0.841796875 0.8359375 0.017578125 0.0322265625
0 0.6982421875 0.8662109375 0.0185546875 0.029296875
0 0.84326171875 0.05859375 0.0146484375 0.0341796875
0 0.65380859375 0.640625 0.013671875 0.0263671875
0 0.76025390625 0.24365234375 0.0166015625 0.029296875
0 0.83203125 0.2236328125 0.0166015625 0.0322265625
0 0.8935546875 0.94189453125 0.015625 0.02734375
0 0.65185546875 0.68017578125 0.0107421875 0.0224609375
0 0.6298828125 0.01171875 0.01171875 0.0234375
0 0.87353515625 0.9384765625 0.0126953125 0.0341796875
0 0.69482421875 0.60498046875 0.0126953125 0.03515625
0 0.6787109375 0.173828125 0.0166015625 0.041015625
0 0.689453125 0.185546875 0.0146484375 0.0380859375
0 0.69775390625 0.7529296875 0.015625 0.037109375
0 0.8037109375 0.5126953125 0.015625 0.029296875
0 0.70361328125 0.765625 0.005859375 0.0107421875