0 0.1484375 0.55859375 0.0419921875 0.0576171875
0 0.14404296875 0.6650390625 0.029296875 0.0693359375
0 0.0654296875 0.63134765625 0.025390625 0.0458984375
0 0.04443359375 0.59033203125 0.0322265625 0.05859375
0 0.0849609375 0.32568359375 0.0302734375 0.0537109375
0 0.2275390625 0.59228515625 0.0224609375 0.0361328125
0 0.01513671875 0.41455078125 0.0302734375 0.0693359375
0 0.16455078125 0.5009765625 0.03125 0.0703125
0 0.037109375 0.22412109375 0.03125 0.0556640625
0 0.05810546875 0.185546875 0.0341796875 0.0576171875
0 0.1943359375 0.65478515625 0.0263671875 0.05859375
0 0.150390625 0.42333984375 0.0361328125 0.06640625
0 0.0126953125 0.15625 0.0244140625 0.046875
0 0.07080078125 0.24853515625 0.0380859375 0.0576171875
0 0.0751953125 0.37890625 0.03125 0.0615234375
0 0.025390625 0.3115234375 0.0283203125 0.0556640625
0 0.05126953125 0.27197265625 0.0224609375 0.04296875
0 0.0625 0.3955078125 0.0302734375 0.0595703125
0 0.166015625 0.60400390625 0.03125 0.064453125
0 0.25537109375 0.67431640625 0.029296875 0.0595703125
0 0.09033203125 0.37060546875 0.0283203125 0.05859375
0 0.0859375 0.1591796875 0.0263671875 0.052734375
0 0.10546875 0.91650390625 0.0341796875 0.064453125
0 0.06005859375 0.69677734375 0.0244140625 0.0498046875
0 0.05908203125 0.10888671875 0.0244140625 0.03125
0 0.03515625 0.1396484375 0.0224609375 0.0439453125
0 0.029296875 0.18115234375 0.021484375 0.0322265625
0 0.02734375 0.14404296875 0.0205078125 0.0361328125
0 0.04248046875 0.13720703125 0.0263671875 0.046875
0 0.04443359375 0.1201171875 0.0205078125 0.03125
0 0.060546875 0.2138671875 0.0224609375 0.03125
0 0.07275390625 0.15869140625 0.0224609375 0.0419921875
0 0.06982421875 0.177734375 0.0205078125 0.0390625