0 0.90185546875 0.37451171875 0.0107421875 0.017578125
0 0.8134765625 0.63671875 0.01513671875 0.01953125
0 0.78955078125 0.734375 0.013671875 0.01806640625
0 0.7822265625 0.85107421875 0.015625 0.01953125
0 0.8203125 0.556640625 0.01025390625 0.0166015625
0 0.95166015625 0.41796875 0.0126953125 0.017578125
0 0.89306640625 0.45166015625 0.01416015625 0.02001953125
0 0.82080078125 0.80908203125 0.013671875 0.0244140625
0 0.87548828125 0.58642578125 0.013671875 0.01416015625
0 0.85986328125 0.556640625 0.01318359375 0.015625
0 0.96875 0.45703125 0.0087890625 0.0205078125
0 0.85400390625 0.75634765625 0.0146484375 0.02294921875
0 0.833984375 0.6123046875 0.01171875 0.01611328125
0 0.98681640625 0.38232421875 0.01123046875 0.01904296875
0 0.83251953125 0.6865234375 0.0126953125 0.0146484375
0 0.85693359375 0.7919921875 0.01171875 0.02294921875
0 0.88916015625 0.36328125 0.0107421875 0.0166015625
0 0.8125 0.75537109375 0.015625 0.01953125
0 0.900390625 0.50390625 0.01318359375 0.01416015625
0 0.994140625 0.490234375 0.01171875 0.02001953125
0 0.84619140625 0.71337890625 0.015625 0.02197265625
0 0.9482421875 0.92626953125 0.0166015625 0.01953125
0 0.89013671875 0.5234375 0.0146484375 0.02001953125
0 0.85986328125 0.64697265625 0.01611328125 0.017578125
0 0.86669921875 0.63134765625 0.0166015625 0.01513671875
0 0.94091796875 0.87841796875 0.0166015625 0.02001953125
0 0.89892578125 0.919921875 0.01611328125 0.017578125
0 0.8896484375 0.56005859375 0.01220703125 0.01513671875
0 0.98583984375 0.41796875 0.01025390625 0.02001953125
0 0.95947265625 0.81787109375 0.0126953125 0.017578125
0 0.8212890625 0.77685546875 0.0126953125 0.02734375
0 0.876953125 0.943359375 0.01806640625 0.02685546875
0 0.9794921875 0.87109375 0.01513671875 0.0234375
0 0.87939453125 0.67822265625 0.013671875 0.02099609375
0 0.9091796875 0.61376953125 0.0146484375 0.01904296875
0 0.9736328125 0.9755859375 0.01611328125 0.02197265625
0 0.9599609375 0.58984375 0.013671875 0.01904296875
0 0.89208984375 0.69921875 0.01611328125 0.0205078125
0 0.7880859375 0.921875 0.015625 0.02490234375
0 0.93505859375 0.611328125 0.01416015625 0.01806640625
0 0.865234375 0.904296875 0.01513671875 0.02392578125
0 0.92822265625 0.52978515625 0.013671875 0.017578125
0 0.9970703125 0.42529296875 0.005859375 0.0166015625
0 0.978515625 0.55322265625 0.01416015625 0.01708984375
0 0.9541015625 0.50390625 0.0146484375 0.01904296875
0 0.96923828125 0.93310546875 0.0126953125 0.029296875
0 0.91943359375 0.7919921875 0.0146484375 0.02294921875
0 0.8994140625 0.89404296875 0.0146484375 0.02099609375
0 0.9248046875 0.552734375 0.0146484375 0.017578125
0 0.943359375 0.5517578125 0.01416015625 0.01904296875
0 0.87548828125 0.884765625 0.013671875 0.01904296875
0 0.96826171875 0.5478515625 0.01220703125 0.017578125
0 0.876953125 0.85595703125 0.01416015625 0.02099609375
0 0.9619140625 0.51171875 0.01171875 0.02294921875
0 0.98583984375 0.76171875 0.015625 0.02099609375
0 0.77001953125 0.9169921875 0.01171875 0.0283203125
0 0.79443359375 0.890625 0.0126953125 0.02587890625
0 0.90966796875 0.86962890625 0.0166015625 0.02197265625
0 0.91748046875 0.740234375 0.01171875 0.0244140625
0 0.9375 0.9931640625 0.015625 0.01171875
0 0.98486328125 0.361328125 0.01806640625 0.01953125
0 0.9140625 0.7119140625 0.01513671875 0.02099609375
0 0.802734375 0.9208984375 0.01220703125 0.02392578125
0 0.7861328125 0.791015625 0.01171875 0.029296875
0 0.78564453125 0.81103515625 0.01318359375 0.02294921875
0 0.92919921875 0.59375 0.0146484375 0.0185546875
0 0.93896484375 0.755859375 0.015625 0.01806640625
0 0.92431640625 0.8388671875 0.0166015625 0.02099609375
0 0.9443359375 0.66943359375 0.01416015625 0.01904296875
0 0.9140625 0.65869140625 0.01806640625 0.02001953125
0 0.93310546875 0.826171875 0.00927734375 0.0283203125
0 0.89697265625 0.828125 0.021484375 0.0234375
0 0.97802734375 0.65283203125 0.01611328125 0.021484375
0 0.96484375 0.720703125 0.015625 0.01904296875
0 0.95556640625 0.748046875 0.013671875 0.0234375
0 0.970703125 0.669921875 0.013671875 0.0185546875
0 0.9384765625 0.5732421875 0.0126953125 0.01708984375
0 0.9853515625 0.34423828125 0.02392578125 0.02197265625
0 0.9921875 0.6650390625 0.015625 0.0263671875
0 0.96142578125 0.703125 0.015625 0.02099609375
0 0.98583984375 0.5849609375 0.009765625 0.02197265625
0 0.99560546875 0.3388671875 0.0087890625 0.01318359375
0 0.958984375 0.67919921875 0.0166015625 0.021484375
0 0.99560546875 0.3486328125 0.0087890625 0.02197265625
0 0.9765625 0.689453125 0.015625 0.0234375
0 0.99755859375 0.68896484375 0.0048828125 0.0166015625
0 0.9921875 0.78662109375 0.01513671875 0.0263671875
0 0.98828125 0.767578125 0.01708984375 0.0185546875
0 0.9130859375 0.64990234375 0.01611328125 0.0205078125
0 0.970703125 0.67919921875 0.01806640625 0.01708984375
0 0.771484375 0.896484375 0.0107421875 0.0234375
0 0.8056640625 0.88623046875 0.01171875 0.02978515625
0 0.98828125 0.5634765625 0.0146484375 0.02783203125