0 0.41064453125 0.84716796875 0.07177734375 0.08154296875
0 0.119140625 0.31201171875 0.02783203125 0.05224609375
0 0.91552734375 0.603515625 0.05615234375 0.0654296875
0 0.205078125 0.50830078125 0.06201171875 0.046875
0 0.8271484375 0.314453125 0.04150390625 0.06005859375
0 0.09765625 0.658203125 0.02685546875 0.095703125
0 0.67626953125 0.271484375 0.04541015625 0.0400390625
0 0.400390625 0.25634765625 0.02490234375 0.0576171875
0 0.16943359375 0.41796875 0.05224609375 0.04052734375
0 0.47314453125 0.68798828125 0.0419921875 0.083984375
0 0.912109375 0.44775390625 0.0283203125 0.07275390625
0 0.17041015625 0.673828125 0.02978515625 0.08544921875
0 0.2958984375 0.2587890625 0.0244140625 0.04638671875
0 0.6689453125 0.30712890625 0.04541015625 0.05419921875
0 0.3056640625 0.2958984375 0.02197265625 0.05908203125
0 0.7548828125 0.6943359375 0.02783203125 0.08837890625
0 0.07763671875 0.54345703125 0.0380859375 0.06884765625
0 0.11376953125 0.43896484375 0.02099609375 0.07421875
0 0.1962890625 0.24072265625 0.0244140625 0.037109375
0 0.53271484375 0.0908203125 0.01708984375 0.0546875
0 0.2509765625 0.38525390625 0.02490234375 0.060546875
0 0.64794921875 0.07177734375 0.025390625 0.05029296875
0 0.5517578125 0.04638671875 0.015625 0.0556640625
0 0.32568359375 0.0703125 0.015625 0.02587890625
0 0.5068359375 0.62451171875 0.0234375 0.0947265625
0 0.1474609375 0.0224609375 0.0390625 0.041015625
0 0.3515625 0.09130859375 0.021484375 0.03076171875
0 0.72705078125 0.0498046875 0.01904296875 0.04931640625
0 0.66796875 0.251953125 0.04296875 0.04638671875
0 0.6201171875 0.2099609375 0.0361328125 0.0322265625
0 0.57421875 0.09423828125 0.02587890625 0.05810546875
0 0.591796875 0.1484375 0.02685546875 0.05029296875
0 0.466796875 0.19140625 0.0263671875 0.05078125
0 0.5009765625 0.06396484375 0.02685546875 0.0537109375
0 0.3134765625 0.20703125 0.03662109375 0.04443359375
0 0.8408203125 0.177734375 0.03662109375 0.05419921875
0 0.4609375 0.04443359375 0.02978515625 0.03466796875
0 0.1748046875 0.13720703125 0.0205078125 0.0537109375
0 0.82568359375 0.5205078125 0.02294921875 0.09033203125
0 0.7099609375 0.24560546875 0.04150390625 0.0458984375
0 0.7890625 0.01318359375 0.03271484375 0.02490234375
0 0.966796875 0.630859375 0.041015625 0.09130859375
0 0.6669921875 0.10498046875 0.03076171875 0.05126953125
0 0.4375 0.09521484375 0.0283203125 0.02978515625
0 0.265625 0.41650390625 0.03369140625 0.04833984375
0 0.12451171875 0.4736328125 0.0283203125 0.0390625
0 0.52587890625 0.013671875 0.017578125 0.02734375
0 0.85107421875 0.681640625 0.05029296875 0.09912109375
0 0.84423828125 0.0107421875 0.03125 0.021484375
0 0.94091796875 0.0771484375 0.0302734375 0.0380859375
0 0.92041015625 0.64599609375 0.0478515625 0.056640625
0 0.49072265625 0.611328125 0.02734375 0.09033203125