0 0.2890625 0.48779296875 0.0361328125 0.05859375
0 0.9873046875 0.6728515625 0.025390625 0.05859375
0 0.43408203125 0.189453125 0.0517578125 0.1103515625
0 0.9755859375 0.474609375 0.0390625 0.0771484375
0 0.4423828125 0.06494140625 0.037109375 0.0615234375
0 0.20849609375 0.48974609375 0.0302734375 0.072265625
0 0.9033203125 0.7548828125 0.0361328125 0.0859375
0 0.49853515625 0.83251953125 0.0517578125 0.0615234375
0 0.32177734375 0.333984375 0.0283203125 0.0556640625
0 0.56982421875 0.89990234375 0.0283203125 0.0458984375
0 0.36572265625 0.32763671875 0.0458984375 0.0498046875
0 0.80322265625 0.197265625 0.03515625 0.046875
0 0.73486328125 0.72412109375 0.037109375 0.0546875
0 0.7412109375 0.14013671875 0.0361328125 0.0712890625
0 0.25830078125 0.1806640625 0.03515625 0.0615234375
0 0.88427734375 0.255859375 0.0390625 0.0654296875
0 0.6953125 0.708984375 0.0419921875 0.05859375
0 0.4453125 0.4697265625 0.048828125 0.0478515625
0 0.43505859375 0.65380859375 0.0390625 0.0673828125
0 0.65673828125 0.01806640625 0.0400390625 0.0361328125
0 0.36328125 0.50390625 0.04296875 0.0693359375
0 0.48046875 0.39404296875 0.04296875 0.0634765625
0 0.85595703125 0.013671875 0.0400390625 0.02734375
0 0.91845703125 0.5625 0.0263671875 0.0791015625
0 0.28466796875 0.041015625 0.0283203125 0.0380859375
0 0.77197265625 0.19482421875 0.0380859375 0.04296875
0 0.95166015625 0.732421875 0.0244140625 0.06640625
0 0.81640625 0.02734375 0.0234375 0.0546875
0 0.43603515625 0.1025390625 0.025390625 0.068359375