0 0.98486328125 0.84912109375 0.01025390625 0.0224609375
0 0.9921875 0.81494140625 0.01220703125 0.0224609375
0 0.8896484375 0.6376953125 0.00830078125 0.0234375
0 0.91748046875 0.666015625 0.0078125 0.02392578125
0 0.97900390625 0.228515625 0.009765625 0.02001953125
0 0.85888671875 0.7783203125 0.01220703125 0.017578125
0 0.89990234375 0.416015625 0.005859375 0.02197265625
0 0.984375 0.984375 0.0185546875 0.0234375
0 0.98193359375 0.30859375 0.01123046875 0.02294921875
0 0.9814453125 0.2724609375 0.0107421875 0.01611328125
0 0.86572265625 0.6669921875 0.01025390625 0.0205078125
0 0.98193359375 0.7041015625 0.01025390625 0.01953125
0 0.939453125 0.52880859375 0.0078125 0.0234375
0 0.92626953125 0.291015625 0.00732421875 0.017578125
0 0.9189453125 0.34619140625 0.01171875 0.01708984375
0 0.99755859375 0.306640625 0.00439453125 0.0244140625
0 0.9248046875 0.306640625 0.0078125 0.017578125
0 0.84619140625 0.63134765625 0.00634765625 0.015625
0 0.77685546875 0.98779296875 0.0087890625 0.02001953125
0 0.91162109375 0.3486328125 0.00732421875 0.0107421875