0 0.69580078125 0.67138671875 0.2109375 0.15234375
0 0.6806640625 0.59521484375 0.14306640625 0.15283203125
0 0.646484375 0.265625 0.091796875 0.09375
0 0.92333984375 0.27001953125 0.10205078125 0.0849609375
0 0.40283203125 0.119140625 0.123046875 0.0908203125
0 0.59619140625 0.05419921875 0.07861328125 0.09326171875
0 0.78662109375 0.5029296875 0.10205078125 0.11328125
0 0.38037109375 0.23583984375 0.091796875 0.08740234375
0 0.3046875 0.33544921875 0.10107421875 0.10986328125
0 0.5322265625 0.05419921875 0.08544921875 0.083984375
0 0.87890625 0.42578125 0.1171875 0.09326171875
0 0.388671875 0.2978515625 0.0966796875 0.0927734375
0 0.0830078125 0.09375 0.06884765625 0.08056640625
0 0.2734375 0.02783203125 0.07568359375 0.05517578125
0 0.2490234375 0.13916015625 0.0810546875 0.06103515625
0 0.666015625 0.07421875 0.04736328125 0.12890625