0 0.43212890625 0.697265625 0.015625 0.0654296875
0 0.37841796875 0.76416015625 0.03955078125 0.0703125
0 0.994140625 0.79833984375 0.01171875 0.05224609375
0 0.40380859375 0.97607421875 0.0419921875 0.0478515625
0 0.390625 0.9111328125 0.03271484375 0.06396484375
0 0.3466796875 0.93505859375 0.03271484375 0.07421875
0 0.3818359375 0.26953125 0.02783203125 0.056640625
0 0.77783203125 0.76953125 0.04638671875 0.06005859375
0 0.93603515625 0.26953125 0.0185546875 0.0537109375
0 0.89404296875 0.34423828125 0.029296875 0.0576171875
0 0.529296875 0.8193359375 0.0283203125 0.0751953125
0 0.892578125 0.408203125 0.01953125 0.04638671875
0 0.8427734375 0.48876953125 0.01708984375 0.06640625
0 0.73291015625 0.345703125 0.0146484375 0.05322265625
0 0.927734375 0.7421875 0.0302734375 0.03515625
0 0.548828125 0.89306640625 0.01611328125 0.06982421875
0 0.95849609375 0.35546875 0.02880859375 0.04833984375
0 0.41064453125 0.14306640625 0.0185546875 0.05126953125
0 0.80615234375 0.970703125 0.0244140625 0.04736328125
0 0.53515625 0.76953125 0.0419921875 0.05419921875
0 0.435546875 0.08349609375 0.01708984375 0.060546875
0 0.953125 0.4169921875 0.0224609375 0.03515625