0 0.41015625 0.72705078125 0.03125 0.037109375
0 0.83154296875 0.83251953125 0.0419921875 0.044921875
0 0.0791015625 0.73681640625 0.0380859375 0.03515625
0 0.26513671875 0.63916015625 0.02734375 0.02734375
0 0.412109375 0.80078125 0.0341796875 0.0390625
0 0.90185546875 0.9482421875 0.0517578125 0.0517578125
0 0.01416015625 0.82275390625 0.0283203125 0.0478515625
0 0.775390625 0.837890625 0.046875 0.0478515625
0 0.48583984375 0.68212890625 0.0302734375 0.0302734375
0 0.82421875 0.90673828125 0.0537109375 0.05078125
0 0.32568359375 0.8466796875 0.046875 0.04296875
0 0.60791015625 0.73779296875 0.0390625 0.037109375
0 0.130859375 0.81591796875 0.0478515625 0.0458984375
0 0.34326171875 0.8759765625 0.0478515625 0.044921875
0 0.56591796875 0.763671875 0.0302734375 0.0341796875
0 0.2490234375 0.6796875 0.0302734375 0.0322265625
0 0.6474609375 0.77783203125 0.0341796875 0.0390625
0 0.65234375 0.8447265625 0.0439453125 0.04296875
0 0.298828125 0.740234375 0.0361328125 0.037109375
0 0.6650390625 0.80712890625 0.0439453125 0.0390625
0 0.05322265625 0.8291015625 0.0478515625 0.0478515625
0 0.111328125 0.560546875 0.0234375 0.0244140625
0 0.12255859375 0.78466796875 0.041015625 0.03515625
0 0.73876953125 0.81201171875 0.0439453125 0.04296875
0 0.0078125 0.599609375 0.015625 0.02734375
0 0.7802734375 0.896484375 0.0517578125 0.0478515625
0 0.56591796875 0.9697265625 0.0634765625 0.0576171875
0 0.25244140625 0.9501953125 0.0517578125 0.03515625
0 0.00390625 0.7001953125 0.0078125 0.03515625
0 0.1494140625 0.8359375 0.0380859375 0.02734375
0 0.8203125 0.94482421875 0.0498046875 0.0517578125
0 0.2880859375 0.6728515625 0.0224609375 0.02734375
0 0.720703125 0.9873046875 0.0625 0.025390625
0 0.70263671875 0.97314453125 0.0654296875 0.0537109375
0 0.7880859375 0.93798828125 0.052734375 0.0498046875
0 0.30859375 0.66357421875 0.0263671875 0.03125
0 0.61328125 0.93701171875 0.0341796875 0.060546875
0 0.26708984375 0.7265625 0.0380859375 0.0341796875
0 0.01220703125 0.54345703125 0.0205078125 0.021484375
0 0.61279296875 0.89990234375 0.0595703125 0.052734375
0 0.15869140625 0.587890625 0.0224609375 0.0224609375
0 0.20849609375 0.791015625 0.029296875 0.037109375
0 0.0712890625 0.67919921875 0.025390625 0.033203125
0 0.521484375 0.89453125 0.04296875 0.044921875
0 0.083984375 0.5771484375 0.025390625 0.0234375
0 0.54638671875 0.87841796875 0.0517578125 0.05078125
0 0.48876953125 0.736328125 0.0302734375 0.02734375
0 0.08349609375 0.63720703125 0.0244140625 0.025390625
0 0.287109375 0.85302734375 0.03515625 0.033203125
0 0.01416015625 0.56689453125 0.025390625 0.02734375
0 0.53564453125 0.8349609375 0.0380859375 0.037109375
0 0.712890625 0.86572265625 0.0517578125 0.0478515625
0 0.0322265625 0.60888671875 0.0234375 0.0234375
0 0.05712890625 0.5859375 0.017578125 0.0146484375
0 0.12548828125 0.6103515625 0.0205078125 0.0185546875
0 0.0634765625 0.9072265625 0.041015625 0.05078125
0 0.17724609375 0.603515625 0.0185546875 0.0234375
0 0.5517578125 0.85107421875 0.044921875 0.0400390625
0 0.154296875 0.60400390625 0.02734375 0.02734375
0 0.58740234375 0.85107421875 0.0361328125 0.03515625
0 0.48779296875 0.751953125 0.025390625 0.029296875
0 0.06884765625 0.63037109375 0.01953125 0.0283203125
0 0.03173828125 0.556640625 0.0205078125 0.0224609375
0 0.2890625 0.72216796875 0.029296875 0.0341796875
0 0.08837890625 0.904296875 0.0380859375 0.033203125
0 0.59521484375 0.88037109375 0.0458984375 0.0400390625
0 0.0869140625 0.5888671875 0.01953125 0.0234375
0 0.87451171875 0.93408203125 0.025390625 0.05078125
0 0.09814453125 0.5966796875 0.015625 0.0234375
0 0.54931640625 0.71142578125 0.017578125 0.02734375
0 0.01416015625 0.6865234375 0.0224609375 0.0322265625
0 0.443359375 0.9921875 0.033203125 0.015625
0 0.138671875 0.57958984375 0.0146484375 0.009765625
0 0.92626953125 0.916015625 0.0185546875 0.0419921875
0 0.7646484375 0.830078125 0.0224609375 0.033203125
0 0.1484375 0.59423828125 0.0126953125 0.0146484375
0 0.08056640625 0.5 0.0166015625 0.0185546875
0 0.478515625 0.7333984375 0.0126953125 0.0185546875