0 0.841796875 0.7724609375 0.01220703125 0.0244140625
0 0.853515625 0.76611328125 0.0126953125 0.0263671875
0 0.90185546875 0.62841796875 0.0166015625 0.02783203125
0 0.87744140625 0.712890625 0.017578125 0.02197265625
0 0.9306640625 0.8916015625 0.009765625 0.02197265625
0 0.8037109375 0.8759765625 0.01025390625 0.0244140625
0 0.8056640625 0.93994140625 0.01220703125 0.021484375
0 0.85302734375 0.88720703125 0.009765625 0.02392578125
0 0.86572265625 0.71484375 0.01025390625 0.021484375
0 0.900390625 0.923828125 0.00830078125 0.02587890625
0 0.84130859375 0.748046875 0.00732421875 0.021484375
0 0.79052734375 0.89404296875 0.01025390625 0.02685546875
0 0.85791015625 0.91064453125 0.01025390625 0.02392578125
0 0.91943359375 0.9521484375 0.0107421875 0.02685546875
0 0.91943359375 0.83984375 0.01220703125 0.02490234375
0 0.81591796875 0.90625 0.0166015625 0.0322265625
0 0.92529296875 0.8916015625 0.00927734375 0.02197265625
0 0.84375 0.7607421875 0.0068359375 0.0185546875
0 0.990234375 0.68701171875 0.015625 0.0234375