0 0.47607421875 0.9384765625 0.0244140625 0.0146484375
0 0.60400390625 0.533203125 0.017578125 0.0146484375
0 0.61669921875 0.5234375 0.0146484375 0.0126953125
0 0.626953125 0.52392578125 0.0126953125 0.0126953125
0 0.60791015625 0.62841796875 0.01953125 0.015625
0 0.09326171875 0.54638671875 0.017578125 0.01171875
0 0.50634765625 0.7724609375 0.0224609375 0.0146484375
0 0.73095703125 0.57666015625 0.0166015625 0.013671875
0 0.6220703125 0.66015625 0.017578125 0.013671875
0 0.6025390625 0.67529296875 0.0205078125 0.013671875
0 0.12939453125 0.58837890625 0.0244140625 0.013671875
0 0.60400390625 0.5859375 0.0263671875 0.0146484375
0 0.60986328125 0.61181640625 0.0234375 0.015625
0 0.1142578125 0.3828125 0.0185546875 0.01171875
0 0.68798828125 0.6494140625 0.0185546875 0.015625
0 0.4619140625 0.7646484375 0.0166015625 0.0146484375
0 0.62060546875 0.6357421875 0.0185546875 0.013671875
0 0.17919921875 0.60791015625 0.0224609375 0.013671875
0 0.53125 0.70458984375 0.025390625 0.0146484375
0 0.65576171875 0.5576171875 0.025390625 0.015625
0 0.6826171875 0.6064453125 0.02734375 0.0146484375
0 0.73388671875 0.71044921875 0.0166015625 0.015625
0 0.630859375 0.54150390625 0.017578125 0.0107421875
0 0.06005859375 0.41259765625 0.0166015625 0.0126953125
0 0.091796875 0.38818359375 0.013671875 0.013671875
0 0.1953125 0.41455078125 0.0166015625 0.0107421875
0 0.38330078125 0.49072265625 0.0244140625 0.013671875
0 0.0732421875 0.38818359375 0.0205078125 0.013671875
0 0.49853515625 0.89599609375 0.017578125 0.0146484375
0 0.1689453125 0.37841796875 0.0224609375 0.0126953125
0 0.099609375 0.55615234375 0.0205078125 0.0126953125
0 0.09130859375 0.58056640625 0.0224609375 0.013671875
0 0.08154296875 0.3583984375 0.0234375 0.0126953125
0 0.32568359375 0.49365234375 0.0234375 0.013671875
0 0.53955078125 0.7880859375 0.0185546875 0.0146484375
0 0.40576171875 0.421875 0.0341796875 0.0185546875
0 0.32421875 0.40771484375 0.0224609375 0.0126953125
0 0.26611328125 0.39208984375 0.01953125 0.013671875
0 0.5654296875 0.447265625 0.0146484375 0.01171875