0 0.40966796875 0.64111328125 0.015625 0.017578125
0 0.2890625 0.33251953125 0.01171875 0.0302734375
0 0.50439453125 0.6796875 0.0107421875 0.0322265625
0 0.10595703125 0.3203125 0.01220703125 0.03369140625
0 0.43212890625 0.755859375 0.01611328125 0.02783203125
0 0.46337890625 0.54833984375 0.0146484375 0.0302734375
0 0.51220703125 0.75 0.0126953125 0.0341796875
0 0.45947265625 0.79296875 0.01220703125 0.03369140625
0 0.05810546875 0.40673828125 0.01953125 0.0244140625
0 0.0654296875 0.361328125 0.017578125 0.029296875
0 0.4248046875 0.60986328125 0.013671875 0.03369140625
0 0.365234375 0.8427734375 0.01708984375 0.02734375
0 0.0419921875 0.79150390625 0.0126953125 0.0322265625
0 0.01806640625 0.4208984375 0.013671875 0.02880859375
0 0.361328125 0.646484375 0.01318359375 0.03662109375
0 0.28369140625 0.8369140625 0.01904296875 0.02490234375
0 0.03564453125 0.48046875 0.01806640625 0.02392578125
0 0.00537109375 0.56689453125 0.0107421875 0.02099609375
0 0.046875 0.83056640625 0.01171875 0.02587890625
0 0.33837890625 0.927734375 0.0078125 0.0185546875
0 0.27197265625 0.9755859375 0.0078125 0.02880859375
0 0.14111328125 0.625 0.01708984375 0.03076171875
0 0.5244140625 0.90869140625 0.01171875 0.02490234375
0 0.138671875 0.56640625 0.017578125 0.0283203125
0 0.33203125 0.5576171875 0.0166015625 0.02490234375
0 0.302734375 0.97509765625 0.0087890625 0.01953125
0 0.04248046875 0.3671875 0.021484375 0.0224609375
0 0.11181640625 0.52099609375 0.015625 0.02685546875
0 0.0693359375 0.97900390625 0.015625 0.02490234375
0 0.28515625 0.96728515625 0.0126953125 0.01513671875
0 0.193359375 0.4970703125 0.017578125 0.025390625
0 0.2578125 0.5595703125 0.0146484375 0.0302734375
0 0.54638671875 0.91943359375 0.0166015625 0.021484375
0 0.00634765625 0.37548828125 0.0126953125 0.0234375
0 0.11669921875 0.54931640625 0.01708984375 0.02685546875
0 0.07470703125 0.70166015625 0.0166015625 0.029296875
0 0.24462890625 0.626953125 0.01318359375 0.0224609375
0 0.2900390625 0.7138671875 0.0107421875 0.01953125
0 0.19482421875 0.7353515625 0.01318359375 0.03076171875
0 0.21728515625 0.87744140625 0.0166015625 0.0341796875
0 0.11083984375 0.9833984375 0.013671875 0.02978515625
0 0.18310546875 0.923828125 0.01318359375 0.02734375
0 0.31494140625 0.73974609375 0.0166015625 0.03076171875
0 0.236328125 0.79345703125 0.01171875 0.02783203125
0 0.13037109375 0.73095703125 0.01416015625 0.02734375
0 0.248046875 0.828125 0.015625 0.02978515625
0 0.23486328125 0.59521484375 0.01611328125 0.02734375
0 0.31689453125 0.6357421875 0.017578125 0.02783203125
0 0.07861328125 0.58251953125 0.0166015625 0.0322265625
0 0.15869140625 0.916015625 0.01708984375 0.03466796875
0 0.10107421875 0.75732421875 0.0166015625 0.02783203125
0 0.1611328125 0.484375 0.01611328125 0.02685546875
0 0.09521484375 0.9443359375 0.01318359375 0.02880859375
0 0.08935546875 0.88671875 0.02001953125 0.02978515625
0 0.080078125 0.84375 0.01611328125 0.03369140625
0 0.28955078125 0.984375 0.009765625 0.02001953125
0 0.17724609375 0.97998046875 0.017578125 0.03271484375
0 0.13330078125 0.974609375 0.01513671875 0.02978515625
0 0.1474609375 0.97412109375 0.0146484375 0.03125
0 0.1591796875 0.876953125 0.01611328125 0.0263671875
0 0.3046875 0.59765625 0.01611328125 0.02490234375
0 0.17578125 0.73974609375 0.01513671875 0.02734375
0 0.21923828125 0.5439453125 0.0185546875 0.03173828125
0 0.43115234375 0.9404296875 0.01708984375 0.0146484375
0 0.52880859375 0.833984375 0.01904296875 0.02490234375
0 0.0712890625 0.62451171875 0.01611328125 0.02880859375
0 0.166015625 0.599609375 0.015625 0.0234375
0 0.17529296875 0.5439453125 0.02294921875 0.0341796875
0 0.08349609375 0.64599609375 0.01025390625 0.0166015625
0 0.2431640625 0.68359375 0.0166015625 0.033203125
0 0.24853515625 0.7236328125 0.015625 0.03759765625
0 0.28857421875 0.6455078125 0.01708984375 0.0263671875
0 0.189453125 0.56787109375 0.00830078125 0.02587890625
0 0.25830078125 0.71875 0.0126953125 0.041015625
0 0.23779296875 0.765625 0.01171875 0.02734375
0 0.44287109375 0.95849609375 0.00927734375 0.033203125
0 0.16259765625 0.93408203125 0.01708984375 0.04443359375
0 0.00439453125 0.3427734375 0.00830078125 0.015625
0 0.17138671875 0.57373046875 0.01953125 0.02490234375
0 0.20166015625 0.56787109375 0.01123046875 0.02685546875
0 0.19921875 0.56103515625 0.0126953125 0.0234375
0 0.28173828125 0.95458984375 0.00537109375 0.01953125
0 0.4501953125 0.96240234375 0.00927734375 0.0244140625
0 0.43505859375 0.95263671875 0.0146484375 0.0185546875