0 0.47021484375 0.53515625 0.03515625 0.0478515625
0 0.13232421875 0.7548828125 0.0322265625 0.0556640625
0 0.4150390625 0.1591796875 0.03173828125 0.044921875
0 0.3095703125 0.7548828125 0.0166015625 0.0634765625
0 0.8203125 0.54052734375 0.03857421875 0.04150390625
0 0.1162109375 0.685546875 0.033203125 0.0341796875
0 0.4873046875 0.2421875 0.0302734375 0.05224609375
0 0.19189453125 0.46435546875 0.029296875 0.08056640625
0 0.5947265625 0.4677734375 0.021484375 0.06884765625
0 0.0380859375 0.74365234375 0.015625 0.0576171875
0 0.4443359375 0.6455078125 0.01953125 0.05029296875
0 0.2734375 0.302734375 0.01708984375 0.0703125
0 0.3896484375 0.87548828125 0.017578125 0.0615234375
0 0.53125 0.84130859375 0.041015625 0.05419921875
0 0.1650390625 0.7509765625 0.02099609375 0.06103515625
0 0.75244140625 0.6513671875 0.03271484375 0.0390625
0 0.72607421875 0.68701171875 0.02490234375 0.06201171875
0 0.4404296875 0.212890625 0.0380859375 0.03857421875
0 0.01513671875 0.658203125 0.02978515625 0.033203125
0 0.82568359375 0.9296875 0.0341796875 0.0458984375
0 0.49462890625 0.2900390625 0.0302734375 0.03759765625
0 0.7021484375 0.86962890625 0.02734375 0.0517578125
0 0.07666015625 0.978515625 0.03515625 0.04296875
0 0.41845703125 0.30126953125 0.0302734375 0.0419921875
0 0.07373046875 0.46630859375 0.015625 0.07177734375
0 0.66455078125 0.685546875 0.0205078125 0.0615234375
0 0.4892578125 0.689453125 0.02392578125 0.0556640625
0 0.6875 0.4140625 0.0302734375 0.0625
0 0.43359375 0.744140625 0.02197265625 0.05810546875
0 0.66845703125 0.8349609375 0.03662109375 0.0517578125
0 0.62255859375 0.11865234375 0.0400390625 0.0703125
0 0.29150390625 0.79736328125 0.01806640625 0.0595703125
0 0.62353515625 0.8466796875 0.03076171875 0.0654296875
0 0.79736328125 0.90869140625 0.03271484375 0.0498046875
0 0.73291015625 0.94189453125 0.02001953125 0.05419921875
0 0.810546875 0.6220703125 0.03125 0.046875
0 0.24951171875 0.720703125 0.02197265625 0.046875
0 0.72607421875 0.607421875 0.0283203125 0.052734375
0 0.810546875 0.40234375 0.0283203125 0.06298828125
0 0.81689453125 0.6806640625 0.03369140625 0.04296875
0 0.3916015625 0.89599609375 0.044921875 0.06640625
0 0.64404296875 0.75439453125 0.033203125 0.0517578125
0 0.79443359375 0.96826171875 0.0302734375 0.0634765625
0 0.12451171875 0.88720703125 0.0322265625 0.02880859375
0 0.68603515625 0.57373046875 0.03564453125 0.0400390625
0 0.12060546875 0.71923828125 0.03466796875 0.0283203125
0 0.8154296875 0.98583984375 0.025390625 0.02783203125