0 0.765625 0.30615234375 0.0234375 0.0322265625
0 0.62939453125 0.59228515625 0.0185546875 0.0302734375
0 0.70458984375 0.35546875 0.0263671875 0.03515625
0 0.63916015625 0.39208984375 0.0283203125 0.02734375
0 0.64599609375 0.44677734375 0.02734375 0.02734375
0 0.87939453125 0.29541015625 0.017578125 0.029296875
0 0.671875 0.3857421875 0.0234375 0.029296875
0 0.9013671875 0.46875 0.021484375 0.037109375
0 0.76611328125 0.36669921875 0.025390625 0.0263671875
0 0.65771484375 0.61474609375 0.0224609375 0.0341796875
0 0.85302734375 0.4658203125 0.025390625 0.0302734375
0 0.68701171875 0.458984375 0.01953125 0.029296875
0 0.935546875 0.306640625 0.01953125 0.029296875
0 0.8935546875 0.8759765625 0.03125 0.0400390625
0 0.7587890625 0.83349609375 0.0234375 0.0380859375
0 0.91064453125 0.81201171875 0.0205078125 0.0361328125
0 0.98388671875 0.87646484375 0.025390625 0.041015625
0 0.9306640625 0.66357421875 0.01953125 0.0322265625
0 0.74072265625 0.92236328125 0.01953125 0.0283203125
0 0.67041015625 0.548828125 0.025390625 0.025390625
0 0.7099609375 0.63525390625 0.0166015625 0.02734375
0 0.70068359375 0.3369140625 0.025390625 0.03515625
0 0.80859375 0.29638671875 0.0234375 0.02734375
0 0.69970703125 0.8603515625 0.025390625 0.0322265625
0 0.8935546875 0.6396484375 0.0263671875 0.02734375
0 0.71533203125 0.52587890625 0.02734375 0.029296875
0 0.96533203125 0.890625 0.0185546875 0.0263671875
0 0.77392578125 0.47705078125 0.0234375 0.03125
0 0.69384765625 0.7490234375 0.021484375 0.033203125
0 0.8740234375 0.541015625 0.0224609375 0.0341796875
0 0.7978515625 0.7265625 0.0166015625 0.0205078125
0 0.76416015625 0.74560546875 0.0166015625 0.029296875
0 0.80908203125 0.77685546875 0.0224609375 0.0283203125
0 0.92919921875 0.49267578125 0.0234375 0.0419921875
0 0.8779296875 0.8330078125 0.0234375 0.041015625
0 0.98583984375 0.72900390625 0.0244140625 0.0341796875
0 0.8310546875 0.84765625 0.029296875 0.052734375
0 0.853515625 0.68603515625 0.025390625 0.033203125
0 0.806640625 0.63916015625 0.0185546875 0.03125
0 0.853515625 0.74609375 0.0244140625 0.0361328125
0 0.99072265625 0.65625 0.0166015625 0.021484375
0 0.85693359375 0.6015625 0.01953125 0.01953125
0 0.91455078125 0.3251953125 0.0234375 0.02734375
0 0.7236328125 0.46240234375 0.0205078125 0.021484375
0 0.8310546875 0.8271484375 0.0234375 0.0380859375
0 0.986328125 0.7568359375 0.0224609375 0.0361328125
0 0.791015625 0.79541015625 0.0263671875 0.029296875
0 0.86572265625 0.81591796875 0.0205078125 0.0283203125
0 0.85107421875 0.63525390625 0.025390625 0.0380859375
0 0.7685546875 0.51220703125 0.025390625 0.0234375
0 0.994140625 0.76025390625 0.01171875 0.0380859375
0 0.77587890625 0.5712890625 0.0283203125 0.0380859375
0 0.9951171875 0.79345703125 0.009765625 0.0244140625
0 0.92236328125 0.48681640625 0.0205078125 0.0341796875
0 0.9013671875 0.31982421875 0.021484375 0.0322265625
0 0.876953125 0.515625 0.01953125 0.033203125
0 0.78564453125 0.55517578125 0.021484375 0.02734375