0 0.529296875 0.80322265625 0.0205078125 0.0615234375
0 0.7705078125 0.134765625 0.01416015625 0.0224609375
0 0.728515625 0.0849609375 0.01171875 0.02783203125
0 0.68994140625 0.0107421875 0.0078125 0.021484375
0 0.8505859375 0.361328125 0.01806640625 0.0302734375
0 0.63916015625 0.083984375 0.0107421875 0.0283203125
0 0.6630859375 0.05615234375 0.017578125 0.02783203125
0 0.67919921875 0.0166015625 0.009765625 0.02587890625
0 0.83935546875 0.2705078125 0.00927734375 0.03564453125
0 0.55419921875 0.78466796875 0.0146484375 0.05517578125
0 0.95703125 0.1806640625 0.01416015625 0.03662109375
0 0.89013671875 0.2626953125 0.0087890625 0.03369140625
0 0.9306640625 0.22802734375 0.015625 0.037109375
0 0.86279296875 0.0341796875 0.0087890625 0.037109375
0 0.8740234375 0.30419921875 0.015625 0.033203125