0 0.2646484375 0.189453125 0.0390625 0.0693359375
0 0.341796875 0.38134765625 0.0263671875 0.0537109375
0 0.48681640625 0.4609375 0.021484375 0.0634765625
0 0.30419921875 0.521484375 0.025390625 0.052734375
0 0.49267578125 0.7119140625 0.0302734375 0.0546875
0 0.57958984375 0.158203125 0.0205078125 0.0712890625
0 0.56103515625 0.06005859375 0.025390625 0.0615234375
0 0.71142578125 0.38330078125 0.0380859375 0.0390625
0 0.67236328125 0.28564453125 0.033203125 0.05859375
0 0.3662109375 0.69580078125 0.0361328125 0.072265625
0 0.490234375 0.10791015625 0.03515625 0.046875
0 0.9423828125 0.93701171875 0.021484375 0.06640625
0 0.40380859375 0.078125 0.0283203125 0.0625
0 0.86181640625 0.251953125 0.0439453125 0.068359375
0 0.9931640625 0.859375 0.013671875 0.08203125
0 0.48388671875 0.4091796875 0.0419921875 0.05859375
0 0.4697265625 0.52197265625 0.025390625 0.068359375
0 0.5654296875 0.32373046875 0.03515625 0.072265625
0 0.318359375 0.83642578125 0.03515625 0.0546875
0 0.3916015625 0.853515625 0.0400390625 0.0712890625
0 0.90966796875 0.3818359375 0.0380859375 0.0478515625
0 0.78857421875 0.515625 0.0390625 0.078125
0 0.92919921875 0.64453125 0.044921875 0.07421875
0 0.6640625 0.1220703125 0.03515625 0.0546875
0 0.40576171875 0.67626953125 0.04296875 0.0478515625
0 0.8740234375 0.421875 0.0322265625 0.0791015625
0 0.48779296875 0.31884765625 0.0419921875 0.04296875
0 0.84814453125 0.572265625 0.0322265625 0.044921875
0 0.72998046875 0.1982421875 0.0302734375 0.0537109375
0 0.47705078125 0.8251953125 0.044921875 0.048828125
0 0.240234375 0.837890625 0.025390625 0.0732421875
0 0.7001953125 0.15771484375 0.0322265625 0.060546875
0 0.8134765625 0.5703125 0.0322265625 0.04296875