0 0.3564453125 0.103515625 0.017578125 0.05078125
0 0.189453125 0.09326171875 0.02392578125 0.04931640625
0 0.18310546875 0.013671875 0.02294921875 0.02685546875
0 0.24072265625 0.08251953125 0.02099609375 0.04345703125
0 0.35302734375 0.1630859375 0.02001953125 0.0517578125
0 0.01953125 0.3388671875 0.0390625 0.06005859375
0 0.18017578125 0.27880859375 0.02392578125 0.0673828125
0 0.0595703125 0.41015625 0.04541015625 0.064453125
0 0.10595703125 0.37109375 0.05419921875 0.0693359375
0 0.06005859375 0.1455078125 0.0400390625 0.04736328125
0 0.05615234375 0.18310546875 0.02783203125 0.0556640625
0 0.27685546875 0.07666015625 0.01513671875 0.05126953125
0 0.21142578125 0.19482421875 0.02392578125 0.0673828125
0 0.0859375 0.26513671875 0.03466796875 0.0615234375
0 0.0615234375 0.2578125 0.0224609375 0.0498046875