0 0.08447265625 0.431640625 0.0126953125 0.0185546875
0 0.20849609375 0.67919921875 0.017578125 0.021484375
0 0.24609375 0.7724609375 0.015625 0.01953125
0 0.26953125 0.88671875 0.0185546875 0.021484375
0 0.19091796875 0.6005859375 0.0126953125 0.017578125
0 0.04150390625 0.4814453125 0.0146484375 0.01953125
0 0.10400390625 0.5068359375 0.0166015625 0.021484375
0 0.22509765625 0.8505859375 0.0166015625 0.0263671875
0 0.14013671875 0.6376953125 0.015625 0.015625
0 0.1513671875 0.60595703125 0.015625 0.017578125
0 0.02978515625 0.5224609375 0.01171875 0.021484375
0 0.18505859375 0.80322265625 0.017578125 0.0244140625
0 0.18505859375 0.65771484375 0.013671875 0.017578125
0 0.00390625 0.45068359375 0.0078125 0.0205078125
0 0.19677734375 0.73095703125 0.0146484375 0.0166015625
0 0.18701171875 0.8388671875 0.0146484375 0.0244140625
0 0.095703125 0.4189453125 0.0126953125 0.017578125
0 0.22607421875 0.79638671875 0.0185546875 0.021484375
0 0.10400390625 0.5595703125 0.0146484375 0.015625
0 0.00927734375 0.55908203125 0.0146484375 0.021484375
0 0.18701171875 0.75927734375 0.0185546875 0.0244140625
0 0.115234375 0.984375 0.01953125 0.021484375
0 0.11669921875 0.57763671875 0.017578125 0.021484375
0 0.1640625 0.69580078125 0.0185546875 0.01953125
0 0.1552734375 0.68115234375 0.0185546875 0.017578125
0 0.1162109375 0.93603515625 0.01953125 0.0224609375
0 0.16357421875 0.97119140625 0.0185546875 0.01953125
0 0.12255859375 0.61376953125 0.0146484375 0.0166015625
0 0.00732421875 0.486328125 0.0126953125 0.021484375
0 0.08935546875 0.87890625 0.0146484375 0.01953125
0 0.22021484375 0.81884765625 0.0166015625 0.029296875
0 0.1884765625 0.98828125 0.021484375 0.0234375
0 0.07666015625 0.93408203125 0.0185546875 0.025390625
0 0.14892578125 0.7294921875 0.0166015625 0.0224609375
0 0.11083984375 0.66943359375 0.017578125 0.0205078125
0 0.05712890625 0.65283203125 0.0166015625 0.0205078125
0 0.1396484375 0.751953125 0.0185546875 0.0224609375
0 0.2734375 0.9580078125 0.0185546875 0.0263671875
0 0.08447265625 0.6708984375 0.0166015625 0.01953125
0 0.19482421875 0.951171875 0.0185546875 0.025390625
0 0.080078125 0.5888671875 0.015625 0.01953125
0 0.03369140625 0.619140625 0.0166015625 0.0185546875
0 0.05078125 0.56689453125 0.017578125 0.0205078125
0 0.09521484375 0.9892578125 0.0166015625 0.021484375
0 0.12548828125 0.84765625 0.017578125 0.0244140625
0 0.1591796875 0.94580078125 0.017578125 0.0224609375
0 0.08642578125 0.611328125 0.0166015625 0.01953125
0 0.068359375 0.61279296875 0.0166015625 0.0205078125
0 0.181640625 0.93310546875 0.0166015625 0.0205078125
0 0.04296875 0.61279296875 0.0146484375 0.01953125
0 0.17626953125 0.90478515625 0.0166015625 0.0224609375
0 0.04443359375 0.57568359375 0.0146484375 0.0244140625
0 0.05517578125 0.82666015625 0.0185546875 0.0234375
0 0.29052734375 0.95068359375 0.015625 0.029296875
0 0.2626953125 0.927734375 0.0166015625 0.02734375
0 0.14599609375 0.9228515625 0.01953125 0.0244140625
0 0.1201171875 0.7958984375 0.0146484375 0.025390625
0 0.00537109375 0.4296875 0.0107421875 0.021484375
0 0.11962890625 0.767578125 0.017578125 0.0224609375
0 0.2587890625 0.958984375 0.015625 0.025390625
0 0.25732421875 0.828125 0.015625 0.0302734375
0 0.26025390625 0.84765625 0.0166015625 0.0244140625
0 0.087890625 0.65234375 0.0166015625 0.0205078125
0 0.10107421875 0.814453125 0.017578125 0.0205078125
0 0.126953125 0.89453125 0.01953125 0.0234375
0 0.08349609375 0.7294921875 0.0166015625 0.0205078125
0 0.11181640625 0.71484375 0.0205078125 0.0224609375
0 0.11669921875 0.88330078125 0.0126953125 0.029296875
0 0.15234375 0.88037109375 0.0244140625 0.0263671875
0 0.0478515625 0.7177734375 0.0185546875 0.0234375
0 0.0703125 0.783203125 0.0185546875 0.021484375
0 0.08349609375 0.80908203125 0.0166015625 0.025390625
0 0.0576171875 0.73388671875 0.0166015625 0.0205078125
0 0.076171875 0.6337890625 0.0146484375 0.0185546875
0 0.00537109375 0.4130859375 0.0107421875 0.025390625
0 0.03564453125 0.73193359375 0.01953125 0.0283203125
0 0.0712890625 0.76513671875 0.0185546875 0.0234375
0 0.03076171875 0.65185546875 0.0126953125 0.0234375
0 0.0703125 0.7412109375 0.01953125 0.0234375
0 0.05419921875 0.75390625 0.0185546875 0.025390625
0 0.03369140625 0.75634765625 0.0068359375 0.017578125
0 0.052734375 0.8525390625 0.0185546875 0.0283203125
0 0.0537109375 0.8330078125 0.01953125 0.0205078125
0 0.11181640625 0.7060546875 0.0185546875 0.0224609375
0 0.05859375 0.7431640625 0.0205078125 0.01953125
0 0.2861328125 0.93017578125 0.013671875 0.0244140625
0 0.2509765625 0.9248046875 0.015625 0.03125
0 0.025390625 0.630859375 0.0185546875 0.029296875