0 0.56884765625 0.35693359375 0.00537109375 0.02392578125
0 0.5771484375 0.34375 0.0087890625 0.029296875
0 0.7470703125 0.4443359375 0.0107421875 0.0390625
0 0.736328125 0.619140625 0.02197265625 0.02783203125
0 0.94873046875 0.0390625 0.0078125 0.02587890625
0 0.87744140625 0.46142578125 0.01220703125 0.04345703125
0 0.7119140625 0.396484375 0.01416015625 0.029296875
0 0.67138671875 0.34423828125 0.017578125 0.0302734375
0 0.837890625 0.5107421875 0.01708984375 0.037109375
0 0.9169921875 0.0771484375 0.00830078125 0.0224609375
0 0.8466796875 0.271484375 0.0166015625 0.02490234375
0 0.7744140625 0.60107421875 0.0185546875 0.033203125
0 0.6103515625 0.306640625 0.01953125 0.02880859375
0 0.58935546875 0.3251953125 0.01171875 0.0302734375
0 0.76171875 0.60107421875 0.01123046875 0.03857421875
0 0.8740234375 0.0888671875 0.00927734375 0.02685546875
0 0.90283203125 0.0322265625 0.0087890625 0.021484375
0 0.8818359375 0.01318359375 0.0078125 0.0263671875
0 0.9287109375 0.07373046875 0.00830078125 0.02294921875
0 0.84033203125 0.185546875 0.017578125 0.02392578125
0 0.74560546875 0.5322265625 0.01416015625 0.037109375
0 0.8623046875 0.0224609375 0.0107421875 0.0205078125
0 0.7783203125 0.30859375 0.0146484375 0.03076171875