0 0.044921875 0.326171875 0.017578125 0.01904296875
0 0.09326171875 0.234375 0.017578125 0.02099609375
0 0.20654296875 0.1025390625 0.017578125 0.0205078125
0 0.19873046875 0.03271484375 0.0205078125 0.01953125
0 0.11474609375 0.37353515625 0.025390625 0.02001953125
0 0.0458984375 0.345703125 0.02490234375 0.0205078125
0 0.06103515625 0.033203125 0.01904296875 0.02294921875
0 0.0703125 0.20751953125 0.02001953125 0.01953125
0 0.19287109375 0.48779296875 0.02099609375 0.02490234375
0 0.1279296875 0.119140625 0.0234375 0.021484375
0 0.1005859375 0.11376953125 0.02001953125 0.01953125
0 0.1826171875 0.81201171875 0.0341796875 0.0224609375
0 0.09619140625 0.1435546875 0.0263671875 0.02001953125
0 0.0302734375 0.0458984375 0.0205078125 0.0205078125
0 0.0771484375 0.13818359375 0.01806640625 0.02099609375
0 0.09130859375 0.00927734375 0.0224609375 0.0185546875
0 0.12841796875 0.7958984375 0.02685546875 0.044921875
0 0.15234375 0.3740234375 0.00927734375 0.03369140625
0 0.0107421875 0.79833984375 0.021484375 0.0341796875
0 0.01220703125 0.69140625 0.01318359375 0.03857421875
0 0.02783203125 0.666015625 0.01953125 0.04296875
0 0.0048828125 0.8271484375 0.009765625 0.02490234375