0 0.4638671875 0.22412109375 0.0283203125 0.021484375
0 0.45849609375 0.2412109375 0.02734375 0.0283203125
0 0.4013671875 0.1572265625 0.025390625 0.02734375
0 0.40283203125 0.126953125 0.0234375 0.025390625
0 0.3818359375 0.1767578125 0.0166015625 0.033203125
0 0.49951171875 0.2822265625 0.0185546875 0.037109375
0 0.48828125 0.25390625 0.01953125 0.037109375
0 0.2412109375 0.353515625 0.0224609375 0.046875
0 0.53955078125 0.1806640625 0.0205078125 0.0390625
0 0.1328125 0.22265625 0.03125 0.0439453125
0 0.54833984375 0.27734375 0.021484375 0.0361328125
0 0.4404296875 0.31005859375 0.0283203125 0.0380859375
0 0.201171875 0.38232421875 0.0283203125 0.046875
0 0.44384765625 0.27685546875 0.0283203125 0.0302734375
0 0.43994140625 0.36376953125 0.03125 0.04296875
0 0.4736328125 0.126953125 0.015625 0.0302734375
0 0.1337890625 0.08740234375 0.017578125 0.025390625
0 0.47705078125 0.31982421875 0.0302734375 0.037109375
0 0.23095703125 0.17431640625 0.015625 0.0205078125
0 0.41015625 0.27685546875 0.029296875 0.0380859375
0 0.111328125 0.43505859375 0.0380859375 0.0458984375
0 0.18115234375 0.32763671875 0.0234375 0.033203125
0 0.18017578125 0.0751953125 0.01953125 0.021484375
0 0.2646484375 0.10302734375 0.03125 0.0322265625
0 0.3994140625 0.31005859375 0.015625 0.02734375
0 0.54248046875 0.4033203125 0.0400390625 0.044921875