0 0.2265625 0.626953125 0.0185546875 0.02392578125
0 0.9208984375 0.94189453125 0.02294921875 0.02734375
0 0.20361328125 0.4130859375 0.01904296875 0.01806640625
0 0.15625 0.4814453125 0.01611328125 0.0224609375
0 0.66162109375 0.87744140625 0.01708984375 0.03076171875
0 0.8125 0.6875 0.025390625 0.0224609375
0 0.39208984375 0.45947265625 0.01611328125 0.0205078125
0 0.755859375 0.5849609375 0.02099609375 0.021484375
0 0.8310546875 0.681640625 0.01611328125 0.029296875
0 0.78173828125 0.86279296875 0.01318359375 0.03662109375
0 0.615234375 0.7646484375 0.017578125 0.03857421875
0 0.33251953125 0.5263671875 0.01513671875 0.03125
0 0.92822265625 0.97900390625 0.0234375 0.02490234375
0 0.71728515625 0.732421875 0.01513671875 0.0302734375
0 0.38720703125 0.6591796875 0.01220703125 0.0322265625
0 0.56787109375 0.50390625 0.01025390625 0.0302734375
0 0.38623046875 0.57275390625 0.0146484375 0.0302734375
0 0.3115234375 0.48388671875 0.01220703125 0.03173828125
0 0.55126953125 0.67236328125 0.0107421875 0.0380859375
0 0.64501953125 0.7802734375 0.0126953125 0.04150390625
0 0.77294921875 0.5673828125 0.01025390625 0.03466796875
0 0.3720703125 0.8037109375 0.01318359375 0.037109375
0 0.57763671875 0.6630859375 0.01025390625 0.0380859375
0 0.412109375 0.4921875 0.01171875 0.03564453125
0 0.10791015625 0.802734375 0.01416015625 0.03271484375
0 0.439453125 0.974609375 0.015625 0.03466796875
0 0.19921875 0.47314453125 0.0087890625 0.03271484375
0 0.63916015625 0.70361328125 0.01708984375 0.03466796875
0 0.458984375 0.96337890625 0.01220703125 0.03515625
0 0.2666015625 0.71484375 0.0146484375 0.0341796875
0 0.29931640625 0.958984375 0.0146484375 0.03369140625
0 0.0234375 0.98779296875 0.017578125 0.02392578125
0 0.1396484375 0.73974609375 0.01806640625 0.0283203125
0 0.29345703125 0.732421875 0.01123046875 0.03369140625
0 0.3818359375 0.60791015625 0.01171875 0.0322265625
0 0.08056640625 0.689453125 0.02294921875 0.04931640625
0 0.35498046875 0.603515625 0.00830078125 0.03662109375
0 0.11474609375 0.51708984375 0.01123046875 0.0341796875
0 0.04541015625 0.7490234375 0.01513671875 0.03369140625
0 0.09033203125 0.82080078125 0.0087890625 0.0400390625
0 0.01171875 0.60595703125 0.02197265625 0.03955078125
0 0.3125 0.80322265625 0.01416015625 0.02734375
0 0.6064453125 0.984375 0.01025390625 0.0302734375
0 0.16748046875 0.89306640625 0.01513671875 0.0341796875
0 0.26123046875 0.888671875 0.009765625 0.0302734375
0 0.0791015625 0.787109375 0.00927734375 0.03759765625
0 0.1640625 0.59814453125 0.009765625 0.03662109375
0 0.30712890625 0.7861328125 0.01025390625 0.04150390625
0 0.45849609375 0.611328125 0.00927734375 0.03759765625
0 0.07373046875 0.7177734375 0.0107421875 0.0361328125
0 0.11181640625 0.865234375 0.0126953125 0.03466796875
0 0.1181640625 0.72900390625 0.00927734375 0.03466796875
0 0.0615234375 0.8154296875 0.01171875 0.037109375
0 0.126953125 0.7734375 0.0166015625 0.03271484375
0 0.22900390625 0.7724609375 0.01318359375 0.0361328125
0 0.1669921875 0.841796875 0.0107421875 0.03369140625
0 0.142578125 0.978515625 0.01611328125 0.0361328125
0 0.2470703125 0.751953125 0.00927734375 0.03076171875
0 0.0205078125 0.96435546875 0.0146484375 0.033203125
0 0.220703125 0.96630859375 0.0107421875 0.03564453125
0 0.36962890625 0.908203125 0.0107421875 0.0400390625
0 0.1474609375 0.83251953125 0.01025390625 0.03369140625
0 0.00537109375 0.7041015625 0.0107421875 0.03759765625
0 0.39306640625 0.70166015625 0.013671875 0.0361328125
0 0.17333984375 0.9609375 0.0166015625 0.037109375
0 0.00830078125 0.6005859375 0.01025390625 0.03759765625
0 0.07275390625 0.68115234375 0.0087890625 0.02783203125
0 0.37841796875 0.45556640625 0.0087890625 0.0185546875
0 0.0048828125 0.58642578125 0.0087890625 0.03515625
0 0.95849609375 0.54833984375 0.0146484375 0.02392578125
0 0.20166015625 0.83056640625 0.0185546875 0.04541015625
0 0.18310546875 0.83642578125 0.02197265625 0.05322265625