0 0.5498046875 0.68408203125 0.04638671875 0.0517578125
0 0.564453125 0.44384765625 0.0380859375 0.05517578125
0 0.63720703125 0.62890625 0.04931640625 0.05517578125
0 0.67822265625 0.41357421875 0.041015625 0.04248046875
0 0.482421875 0.689453125 0.04296875 0.04638671875
0 0.71630859375 0.517578125 0.03662109375 0.052734375
0 0.4208984375 0.96533203125 0.03564453125 0.0546875
0 0.5712890625 0.54833984375 0.0322265625 0.0517578125
0 0.5205078125 0.77001953125 0.044921875 0.0576171875
0 0.7978515625 0.27587890625 0.05322265625 0.07861328125
0 0.7578125 0.41650390625 0.04345703125 0.0615234375
0 0.36572265625 0.97900390625 0.0478515625 0.0419921875
0 0.4697265625 0.5224609375 0.04052734375 0.0439453125
0 0.6181640625 0.470703125 0.0302734375 0.07666015625
0 0.857421875 0.46630859375 0.03515625 0.05615234375
0 0.8955078125 0.6982421875 0.0400390625 0.0546875
0 0.9794921875 0.435546875 0.03125 0.06787109375
0 0.61572265625 0.97314453125 0.04931640625 0.046875
0 0.9384765625 0.55224609375 0.04638671875 0.08349609375
0 0.65576171875 0.45751953125 0.03662109375 0.0625