0 0.599609375 0.1455078125 0.0458984375 0.06640625
0 0.181640625 0.3134765625 0.04541015625 0.04931640625
0 0.4912109375 0.39990234375 0.0263671875 0.06884765625
0 0.0927734375 0.166015625 0.041015625 0.04296875
0 0.5546875 0.67236328125 0.03271484375 0.0576171875
0 0.23828125 0.0703125 0.0302734375 0.05126953125
0 0.58837890625 0.798828125 0.04296875 0.03076171875
0 0.0634765625 0.68017578125 0.02734375 0.06591796875
0 0.5341796875 0.908203125 0.05029296875 0.041015625
0 0.6357421875 0.90283203125 0.04296875 0.0341796875
0 0.423828125 0.57373046875 0.03076171875 0.0576171875
0 0.7236328125 0.7333984375 0.02587890625 0.06201171875
0 0.67529296875 0.4873046875 0.0341796875 0.06103515625
0 0.2578125 0.9853515625 0.03564453125 0.02880859375
0 0.1943359375 0.5634765625 0.0341796875 0.04248046875
0 0.16748046875 0.6669921875 0.0390625 0.04248046875
0 0.3193359375 0.1259765625 0.0341796875 0.0634765625
0 0.76025390625 0.4912109375 0.0244140625 0.07958984375
0 0.3701171875 0.9775390625 0.037109375 0.03271484375
0 0.2236328125 0.1748046875 0.0322265625 0.05517578125
0 0.625 0.49951171875 0.029296875 0.06982421875
0 0.3134765625 0.912109375 0.0380859375 0.03271484375
0 0.17041015625 0.41064453125 0.03759765625 0.03857421875
0 0.00439453125 0.66162109375 0.00830078125 0.02490234375
0 0.16552734375 0.4462890625 0.0341796875 0.03369140625
0 0.4345703125 0.17236328125 0.04296875 0.044921875
0 0.49169921875 0.1708984375 0.0185546875 0.07275390625
0 0.1279296875 0.9931640625 0.029296875 0.01318359375
0 0.01953125 0.818359375 0.0380859375 0.0419921875