0 0.24072265625 0.376953125 0.07568359375 0.13623046875
0 0.66943359375 0.42626953125 0.09130859375 0.11669921875
0 0.623046875 0.08544921875 0.0693359375 0.09619140625
0 0.7958984375 0.38623046875 0.07080078125 0.1201171875
0 0.716796875 0.10107421875 0.05712890625 0.1044921875
0 0.72265625 0.91162109375 0.11865234375 0.15771484375
0 0.400390625 0.14794921875 0.1005859375 0.10888671875
0 0.6552734375 0.0390625 0.05419921875 0.07421875
0 0.7900390625 0.58935546875 0.0771484375 0.1865234375
0 0.091796875 0.04345703125 0.048828125 0.0869140625
0 0.04296875 0.31787109375 0.08447265625 0.17919921875
0 0.19580078125 0.03076171875 0.0478515625 0.06005859375