0 0.48388671875 0.0693359375 0.052734375 0.0703125
0 0.9736328125 0.130859375 0.052734375 0.0625
0 0.4619140625 0.4951171875 0.12109375 0.1259765625
0 0.46435546875 0.3486328125 0.091796875 0.1142578125
0 0.14697265625 0.52685546875 0.134765625 0.1328125
0 0.75927734375 0.98681640625 0.1357421875 0.0263671875
0 0.53759765625 0.15283203125 0.08203125 0.0849609375
0 0.064453125 0.26025390625 0.0703125 0.1025390625
0 0.47265625 0.02490234375 0.064453125 0.0498046875
0 0.990234375 0.4140625 0.01953125 0.091796875
0 0.48828125 0.0234375 0.02734375 0.0419921875
0 0.51708984375 0.13037109375 0.025390625 0.0361328125
0 0.1259765625 0.49267578125 0.0634765625 0.05859375