0 0.74609375 0.173828125 0.064453125 0.0595703125
0 0.59423828125 0.2958984375 0.0458984375 0.1103515625
0 0.70703125 0.1826171875 0.044921875 0.087890625
0 0.7236328125 0.4873046875 0.06640625 0.0849609375
0 0.78759765625 0.25390625 0.0419921875 0.1103515625
0 0.93408203125 0.12646484375 0.0478515625 0.09375
0 0.67919921875 0.2900390625 0.0341796875 0.111328125
0 0.798828125 0.3779296875 0.0498046875 0.103515625
0 0.8115234375 0.0673828125 0.0458984375 0.0869140625
0 0.86962890625 0.05078125 0.0517578125 0.0439453125
0 0.9765625 0.5732421875 0.046875 0.1015625
0 0.25439453125 0.03076171875 0.0771484375 0.0615234375