0 0.46337890625 0.3349609375 0.11328125 0.23828125
0 0.8154296875 0.642578125 0.11328125 0.26171875
0 0.5244140625 0.833984375 0.130859375 0.220703125
0 0.35693359375 0.51171875 0.1181640625 0.146484375
0 0.67529296875 0.32470703125 0.103515625 0.1708984375
0 0.18896484375 0.07373046875 0.171875 0.103515625
0 0.9853515625 0.90087890625 0.029296875 0.1025390625
0 0.90478515625 0.88525390625 0.138671875 0.1484375
0 0.43212890625 0.48583984375 0.119140625 0.1826171875
0 0.72119140625 0.88330078125 0.14453125 0.197265625
0 0.1005859375 0.791015625 0.1494140625 0.314453125
0 0.89794921875 0.80322265625 0.1474609375 0.203125
0 0.93359375 0.67041015625 0.078125 0.248046875