0 0.77197265625 0.1103515625 0.1015625 0.1494140625
0 0.86474609375 0.9140625 0.1572265625 0.171875
0 0.61328125 0.7529296875 0.14453125 0.1640625
0 0.59375 0.24755859375 0.1875 0.15234375
0 0.93017578125 0.42919921875 0.08984375 0.2255859375
0 0.8671875 0.34619140625 0.1044921875 0.2099609375
0 0.578125 0.88427734375 0.1416015625 0.185546875
0 0.50732421875 0.4638671875 0.1357421875 0.109375
0 0.791015625 0.3369140625 0.1357421875 0.2451171875
0 0.435546875 0.76171875 0.1533203125 0.1357421875
0 0.36328125 0.9384765625 0.154296875 0.1025390625
0 0.578125 0.55078125 0.1513671875 0.111328125
0 0.4111328125 0.8330078125 0.15625 0.134765625
0 0.51123046875 0.7001953125 0.091796875 0.205078125