0 0.80908203125 0.75537109375 0.0146484375 0.0244140625
0 0.8662109375 0.65869140625 0.0126953125 0.0166015625
0 0.88134765625 0.71923828125 0.01171875 0.0185546875
0 0.888671875 0.583984375 0.01171875 0.0185546875
0 0.9033203125 0.607421875 0.0078125 0.015625
0 0.88818359375 0.6015625 0.01171875 0.0166015625
0 0.96240234375 0.5478515625 0.01171875 0.017578125
0 0.92578125 0.7451171875 0.0126953125 0.01953125
0 0.8408203125 0.77392578125 0.0107421875 0.0185546875
0 0.8193359375 0.7783203125 0.009765625 0.0224609375
0 0.833984375 0.771484375 0.0078125 0.01953125
0 0.8251953125 0.7724609375 0.009765625 0.0166015625
0 0.923828125 0.8349609375 0.01171875 0.015625
0 0.9833984375 0.59228515625 0.013671875 0.029296875
0 0.86181640625 0.9599609375 0.0126953125 0.0224609375
0 0.89111328125 0.8046875 0.0166015625 0.025390625
0 0.8037109375 0.95703125 0.015625 0.03125
0 0.77490234375 0.849609375 0.0146484375 0.0244140625
0 0.90625 0.94482421875 0.0126953125 0.025390625
0 0.779296875 0.783203125 0.0166015625 0.0322265625
0 0.6796875 0.9326171875 0.017578125 0.041015625
0 0.91796875 0.5791015625 0.0126953125 0.0244140625
0 0.6474609375 0.9951171875 0.01953125 0.009765625
0 0.8818359375 0.9599609375 0.013671875 0.025390625
0 0.865234375 0.91162109375 0.015625 0.0283203125
0 0.85595703125 0.98974609375 0.0166015625 0.0205078125