0 0.73779296875 0.3056640625 0.0322265625 0.0615234375
0 0.69921875 0.30908203125 0.0576171875 0.07421875
0 0.70166015625 0.224609375 0.0302734375 0.0341796875
0 0.69921875 0.19873046875 0.0390625 0.044921875
0 0.75048828125 0.2744140625 0.060546875 0.072265625
0 0.66650390625 0.17724609375 0.0361328125 0.04296875
0 0.81298828125 0.1787109375 0.04296875 0.0498046875
0 0.845703125 0.11328125 0.0361328125 0.04296875
0 0.92529296875 0.16845703125 0.0439453125 0.052734375
0 0.74755859375 0.1494140625 0.046875 0.0478515625
0 0.59033203125 0.3818359375 0.0625 0.06640625
0 0.82861328125 0.11572265625 0.01953125 0.0361328125