0 0.8232421875 0.81982421875 0.02001953125 0.02001953125
0 0.70947265625 0.95849609375 0.017578125 0.02392578125
0 0.84423828125 0.90625 0.01953125 0.02001953125
0 0.7900390625 0.78955078125 0.017578125 0.01708984375
0 0.76171875 0.7138671875 0.01953125 0.017578125
0 0.671875 0.9619140625 0.02734375 0.02587890625
0 0.9345703125 0.38330078125 0.01806640625 0.015625
0 0.9833984375 0.5966796875 0.01904296875 0.017578125
0 0.85498046875 0.96337890625 0.02001953125 0.01904296875
0 0.8974609375 0.568359375 0.01611328125 0.0185546875
0 0.888671875 0.82275390625 0.01806640625 0.01953125
0 0.96240234375 0.31591796875 0.0107421875 0.0146484375
0 0.9228515625 0.75244140625 0.02587890625 0.02099609375
0 0.787109375 0.17822265625 0.01513671875 0.015625
0 0.513671875 0.439453125 0.015625 0.015625
0 0.94921875 0.7099609375 0.01611328125 0.017578125
0 0.94677734375 0.7958984375 0.01708984375 0.01513671875
0 0.94873046875 0.6376953125 0.01611328125 0.01708984375
0 0.6064453125 0.494140625 0.01611328125 0.01708984375
0 0.93359375 0.318359375 0.013671875 0.01513671875
0 0.765625 0.79345703125 0.01708984375 0.0185546875
0 0.72509765625 0.63525390625 0.0185546875 0.01904296875
0 0.77587890625 0.85986328125 0.0205078125 0.01904296875
0 0.7265625 0.203125 0.0107421875 0.013671875
0 0.85546875 0.982421875 0.02001953125 0.0224609375
0 0.669921875 0.59814453125 0.01611328125 0.0185546875
0 0.63525390625 0.56884765625 0.0166015625 0.02099609375
0 0.60693359375 0.556640625 0.01806640625 0.0166015625
0 0.70361328125 0.8466796875 0.01904296875 0.0185546875
0 0.90234375 0.34716796875 0.0146484375 0.0146484375
0 0.67529296875 0.4169921875 0.01123046875 0.0146484375
0 0.7216796875 0.35791015625 0.0146484375 0.01416015625
0 0.859375 0.609375 0.01708984375 0.017578125
0 0.70361328125 0.8916015625 0.0205078125 0.017578125
0 0.890625 0.2861328125 0.01025390625 0.01416015625
0 0.66015625 0.9150390625 0.0185546875 0.0185546875
0 0.869140625 0.5849609375 0.015625 0.02001953125
0 0.958984375 0.93212890625 0.0166015625 0.0205078125
0 0.6376953125 0.73876953125 0.01708984375 0.01708984375
0 0.8134765625 0.91943359375 0.0185546875 0.01904296875
0 0.64208984375 0.52685546875 0.01513671875 0.01513671875
0 0.880859375 0.4228515625 0.01806640625 0.017578125
0 0.90283203125 0.673828125 0.01513671875 0.01611328125
0 0.63671875 0.60009765625 0.01708984375 0.0205078125
0 0.96630859375 0.40625 0.01416015625 0.01416015625
0 0.82080078125 0.9375 0.0205078125 0.01708984375
0 0.92578125 0.443359375 0.0126953125 0.0166015625
0 0.5859375 0.51904296875 0.01416015625 0.02001953125
0 0.5458984375 0.45361328125 0.01513671875 0.017578125
0 0.662109375 0.48779296875 0.0146484375 0.01513671875
0 0.93896484375 0.697265625 0.01611328125 0.0146484375
0 0.6357421875 0.84814453125 0.0205078125 0.01708984375
0 0.80029296875 0.54296875 0.0166015625 0.01708984375
0 0.8037109375 0.4306640625 0.015625 0.015625
0 0.53466796875 0.388671875 0.015625 0.01904296875
0 0.87890625 0.49609375 0.0126953125 0.017578125
0 0.763671875 0.4140625 0.01416015625 0.01611328125
0 0.8642578125 0.373046875 0.013671875 0.0166015625
0 0.69921875 0.62744140625 0.0146484375 0.013671875
0 0.89794921875 0.65234375 0.01611328125 0.017578125
0 0.69287109375 0.81982421875 0.0166015625 0.01708984375
0 0.75927734375 0.2080078125 0.01220703125 0.01220703125
0 0.7470703125 0.22705078125 0.01171875 0.01416015625
0 0.86572265625 0.3466796875 0.01318359375 0.013671875
0 0.8984375 0.77294921875 0.01806640625 0.0205078125
0 0.625 0.6923828125 0.0166015625 0.02490234375
0 0.66796875 0.80126953125 0.01416015625 0.01611328125
0 0.64501953125 0.63134765625 0.017578125 0.02294921875
0 0.91845703125 0.30419921875 0.01220703125 0.01416015625
0 0.66552734375 0.638671875 0.01513671875 0.01708984375
0 0.72021484375 0.72705078125 0.01953125 0.02001953125
0 0.76806640625 0.54541015625 0.01708984375 0.017578125
0 0.63330078125 0.33203125 0.0126953125 0.0146484375
0 0.8994140625 0.63232421875 0.01513671875 0.017578125
0 0.72900390625 0.25341796875 0.01416015625 0.0146484375
0 0.91015625 0.435546875 0.01220703125 0.01611328125
0 0.7783203125 0.50048828125 0.0146484375 0.01611328125
0 0.71484375 0.478515625 0.00927734375 0.017578125
0 0.7724609375 0.4326171875 0.02783203125 0.02197265625
0 0.55810546875 0.3876953125 0.01416015625 0.02392578125
0 0.85888671875 0.5107421875 0.0166015625 0.01708984375
0 0.90283203125 0.443359375 0.01953125 0.02197265625
0 0.73876953125 0.49951171875 0.013671875 0.01416015625
0 0.66455078125 0.45703125 0.01416015625 0.015625
0 0.607421875 0.87158203125 0.0126953125 0.0283203125
0 0.68017578125 0.5537109375 0.013671875 0.01708984375
0 0.908203125 0.251953125 0.01025390625 0.01611328125
0 0.75390625 0.291015625 0.015625 0.01708984375
0 0.92138671875 0.86474609375 0.0126953125 0.017578125
0 0.79931640625 0.27978515625 0.01220703125 0.0146484375
0 0.60205078125 0.41650390625 0.01220703125 0.0107421875
0 0.6123046875 0.283203125 0.013671875 0.01611328125
0 0.6953125 0.5341796875 0.01171875 0.0146484375
0 0.69873046875 0.1953125 0.01953125 0.0185546875
0 0.9970703125 0.619140625 0.005859375 0.015625
0 0.62353515625 0.615234375 0.01904296875 0.02001953125
0 0.84716796875 0.33544921875 0.01171875 0.0146484375
0 0.6826171875 0.8896484375 0.01806640625 0.01708984375
0 0.6650390625 0.56494140625 0.01806640625 0.02001953125
0 0.833984375 0.36376953125 0.02001953125 0.01806640625
0 0.77392578125 0.1923828125 0.01220703125 0.01318359375
0 0.75927734375 0.33984375 0.01318359375 0.0146484375
0 0.80322265625 0.2197265625 0.01220703125 0.01611328125
0 0.810546875 0.50732421875 0.01513671875 0.01513671875
0 0.65576171875 0.85986328125 0.01708984375 0.0263671875
0 0.72119140625 0.31884765625 0.0126953125 0.01513671875
0 0.84228515625 0.4228515625 0.0126953125 0.0126953125
0 0.8330078125 0.52587890625 0.01513671875 0.01708984375
0 0.833984375 0.486328125 0.0107421875 0.01416015625
0 0.8525390625 0.28466796875 0.01171875 0.01123046875
0 0.80615234375 0.357421875 0.009765625 0.015625
0 0.7099609375 0.31787109375 0.01220703125 0.01611328125
0 0.51904296875 0.73291015625 0.01123046875 0.0244140625
0 0.82470703125 0.61669921875 0.01416015625 0.01416015625
0 0.7197265625 0.66015625 0.01513671875 0.0146484375
0 0.8212890625 0.58935546875 0.01171875 0.01611328125
0 0.72265625 0.41015625 0.0107421875 0.01171875
0 0.8251953125 0.51806640625 0.01513671875 0.01318359375
0 0.78515625 0.4736328125 0.01220703125 0.0146484375
0 0.80712890625 0.5546875 0.01220703125 0.01611328125
0 0.71826171875 0.529296875 0.0126953125 0.013671875
0 0.7861328125 0.2138671875 0.009765625 0.01171875
0 0.931640625 0.8271484375 0.013671875 0.0185546875
0 0.86083984375 0.240234375 0.01171875 0.0126953125
0 0.6728515625 0.83154296875 0.01611328125 0.0166015625
0 0.82421875 0.2412109375 0.009765625 0.0107421875
0 0.5595703125 0.46630859375 0.01220703125 0.0166015625
0 0.8974609375 0.46142578125 0.01025390625 0.01171875
0 0.634765625 0.3076171875 0.0078125 0.015625
0 0.92041015625 0.77734375 0.01416015625 0.017578125
0 0.90966796875 0.78857421875 0.01171875 0.0146484375
0 0.5908203125 0.322265625 0.0185546875 0.021484375
0 0.8837890625 0.38037109375 0.01171875 0.01611328125
0 0.82080078125 0.32080078125 0.01416015625 0.013671875
0 0.673828125 0.3291015625 0.00927734375 0.01611328125
0 0.65234375 0.6572265625 0.01611328125 0.0224609375
0 0.806640625 0.337890625 0.01123046875 0.013671875
0 0.76611328125 0.638671875 0.01611328125 0.01904296875
0 0.5810546875 0.6787109375 0.01025390625 0.02294921875
0 0.93359375 0.29052734375 0.01171875 0.0126953125
0 0.99609375 0.8642578125 0.0078125 0.0205078125
0 0.74609375 0.33984375 0.01025390625 0.01318359375
0 0.5732421875 0.470703125 0.013671875 0.0146484375
0 0.6708984375 0.248046875 0.00732421875 0.013671875
0 0.77490234375 0.25390625 0.0107421875 0.0146484375
0 0.77001953125 0.6259765625 0.0107421875 0.0146484375
0 0.55810546875 0.521484375 0.00830078125 0.021484375
0 0.84423828125 0.30078125 0.01318359375 0.0166015625
0 0.7392578125 0.24609375 0.01025390625 0.01220703125
0 0.77392578125 0.31640625 0.01171875 0.0126953125
0 0.67236328125 0.33837890625 0.01708984375 0.01806640625
0 0.75244140625 0.31982421875 0.01123046875 0.01318359375
0 0.84912109375 0.31396484375 0.01171875 0.013671875
0 0.6728515625 0.681640625 0.0166015625 0.0224609375
0 0.72314453125 0.91650390625 0.0087890625 0.03125
0 0.75146484375 0.37158203125 0.00830078125 0.017578125
0 0.662109375 0.517578125 0.013671875 0.01220703125
0 0.98876953125 0.8681640625 0.01904296875 0.0244140625
0 0.6044921875 0.318359375 0.021484375 0.025390625
0 0.64892578125 0.654296875 0.0068359375 0.01416015625
0 0.79150390625 0.29931640625 0.01611328125 0.02490234375
0 0.7783203125 0.22607421875 0.01025390625 0.01416015625
0 0.4677734375 0.49658203125 0.0087890625 0.0107421875
0 0.8330078125 0.30029296875 0.0107421875 0.01123046875