0 0.541015625 0.76123046875 0.0146484375 0.02734375
0 0.6630859375 0.7919921875 0.015625 0.0244140625
0 0.60400390625 0.65234375 0.013671875 0.0234375
0 0.611328125 0.8359375 0.015625 0.0283203125
0 0.837890625 0.4638671875 0.0146484375 0.021484375
0 0.58984375 0.90576171875 0.017578125 0.025390625
0 0.58447265625 0.8544921875 0.017578125 0.0302734375
0 0.732421875 0.607421875 0.0166015625 0.0205078125
0 0.765625 0.67822265625 0.0126953125 0.025390625
0 0.4755859375 0.88427734375 0.015625 0.0302734375
0 0.85400390625 0.435546875 0.015625 0.0185546875
0 0.626953125 0.82666015625 0.013671875 0.02734375
0 0.53271484375 0.9267578125 0.017578125 0.0283203125
0 0.56396484375 0.73876953125 0.0126953125 0.0244140625
0 0.75634765625 0.59033203125 0.017578125 0.0224609375
0 0.53271484375 0.91064453125 0.017578125 0.0244140625