0 0.19482421875 0.6943359375 0.0126953125 0.0234375
0 0.26025390625 0.80810546875 0.015625 0.01708984375
0 0.17138671875 0.9765625 0.015625 0.025390625
0 0.28125 0.896484375 0.015625 0.0205078125
0 0.2109375 0.90185546875 0.009765625 0.02880859375
0 0.24169921875 0.85546875 0.0166015625 0.01953125
0 0.1044921875 0.23095703125 0.01123046875 0.0146484375
0 0.13330078125 0.86083984375 0.01611328125 0.0205078125
0 0.1142578125 0.1982421875 0.009765625 0.01416015625
0 0.28662109375 0.8701171875 0.009765625 0.02294921875
0 0.22216796875 0.7724609375 0.0166015625 0.01708984375
0 0.02392578125 0.248046875 0.009765625 0.0126953125
0 0.1806640625 0.8603515625 0.01220703125 0.01806640625
0 0.08935546875 0.2138671875 0.0107421875 0.015625
0 0.04638671875 0.25537109375 0.0126953125 0.01416015625
0 0.17333984375 0.220703125 0.01318359375 0.0146484375
0 0.22998046875 0.291015625 0.01416015625 0.015625
0 0.28466796875 0.98779296875 0.01025390625 0.02392578125
0 0.0322265625 0.966796875 0.01953125 0.021484375
0 0.193359375 0.2861328125 0.0126953125 0.015625
0 0.1689453125 0.6396484375 0.0146484375 0.01953125
0 0.20458984375 0.77685546875 0.015625 0.0205078125
0 0.1953125 0.71728515625 0.017578125 0.02001953125
0 0.06640625 0.97900390625 0.01611328125 0.0205078125
0 0.05712890625 0.333984375 0.01123046875 0.0146484375
0 0.14013671875 0.82568359375 0.01611328125 0.01806640625
0 0.23876953125 0.27294921875 0.01171875 0.01611328125
0 0.17919921875 0.26416015625 0.0107421875 0.0146484375
0 0.14892578125 0.58154296875 0.01416015625 0.02001953125
0 0.2216796875 0.75341796875 0.01611328125 0.0185546875
0 0.11376953125 0.93212890625 0.0185546875 0.01806640625
0 0.2158203125 0.341796875 0.0126953125 0.01318359375
0 0.173828125 0.904296875 0.01806640625 0.02294921875
0 0.14013671875 0.32275390625 0.01025390625 0.01513671875
0 0.2138671875 0.318359375 0.013671875 0.01416015625
0 0.01806640625 0.357421875 0.01025390625 0.01806640625
0 0.15087890625 0.6748046875 0.0146484375 0.021484375
0 0.2216796875 0.22998046875 0.009765625 0.0166015625
0 0.13134765625 0.79638671875 0.015625 0.0185546875
0 0.162109375 0.38623046875 0.01171875 0.01708984375
0 0.05810546875 0.17578125 0.01025390625 0.013671875
0 0.04736328125 0.48095703125 0.0126953125 0.01513671875
0 0.220703125 0.25048828125 0.009765625 0.013671875
0 0.1103515625 0.3984375 0.01025390625 0.01708984375
0 0.23583984375 0.3212890625 0.01171875 0.01708984375
0 0.142578125 0.93994140625 0.01953125 0.02392578125
0 0.20654296875 0.23779296875 0.01220703125 0.01416015625
0 0.12353515625 0.302734375 0.01171875 0.01513671875
0 0.22021484375 0.45458984375 0.01416015625 0.01611328125
0 0.0927734375 0.29931640625 0.0107421875 0.013671875
0 0.13330078125 0.716796875 0.01513671875 0.02294921875
0 0.033203125 0.7255859375 0.01513671875 0.017578125
0 0.025390625 0.775390625 0.0126953125 0.02392578125
0 0.18408203125 0.24658203125 0.01171875 0.01513671875
0 0.2451171875 0.3349609375 0.00732421875 0.01708984375
0 0.03759765625 0.3505859375 0.01318359375 0.01513671875
0 0.2509765625 0.5595703125 0.00634765625 0.0263671875
0 0.13818359375 0.29052734375 0.0126953125 0.0126953125
0 0.19580078125 0.37548828125 0.013671875 0.01611328125
0 0.109375 0.37109375 0.0126953125 0.01416015625
0 0.060546875 0.8974609375 0.01953125 0.021484375
0 0.08935546875 0.76220703125 0.0146484375 0.02001953125
0 0.13720703125 0.40576171875 0.01123046875 0.01953125
0 0.041015625 0.40185546875 0.01513671875 0.01708984375
0 0.15185546875 0.25146484375 0.0068359375 0.021484375
0 0.25 0.52197265625 0.013671875 0.017578125
0 0.0673828125 0.36474609375 0.009765625 0.01806640625
0 0.2177734375 0.5634765625 0.01416015625 0.021484375
0 0.26025390625 0.541015625 0.00927734375 0.021484375
0 0.15380859375 0.52001953125 0.0087890625 0.013671875
0 0.18212890625 0.572265625 0.01318359375 0.02099609375
0 0.20654296875 0.251953125 0.0107421875 0.01513671875
0 0.1298828125 0.38427734375 0.01220703125 0.0146484375
0 0.1728515625 0.3525390625 0.015625 0.0146484375
0 0.0966796875 0.4658203125 0.013671875 0.01806640625
0 0.05908203125 0.55810546875 0.01513671875 0.01611328125
0 0.2412109375 0.38525390625 0.01220703125 0.01611328125
0 0.12060546875 0.994140625 0.01611328125 0.01171875
0 0.0302734375 0.41845703125 0.013671875 0.0126953125
0 0.1015625 0.28271484375 0.0107421875 0.0126953125
0 0.1962890625 0.41796875 0.00927734375 0.021484375
0 0.1494140625 0.89404296875 0.01513671875 0.0205078125
0 0.0517578125 0.37548828125 0.00634765625 0.0224609375
0 0.25537109375 0.49951171875 0.013671875 0.0166015625
0 0.228515625 0.55908203125 0.0078125 0.02197265625
0 0.13037109375 0.66259765625 0.01513671875 0.0185546875
0 0.09375 0.97412109375 0.02685546875 0.01708984375
0 0.10888671875 0.6845703125 0.01708984375 0.01708984375
0 0.18603515625 0.34716796875 0.0146484375 0.013671875
0 0.12060546875 0.6259765625 0.01611328125 0.01953125
0 0.08056640625 0.7890625 0.01904296875 0.02099609375
0 0.06396484375 0.505859375 0.013671875 0.0185546875
0 0.21728515625 0.52880859375 0.01025390625 0.01416015625
0 0.13818359375 0.888671875 0.01611328125 0.0205078125
0 0.18212890625 0.5546875 0.013671875 0.02001953125
0 0.06640625 0.81494140625 0.0166015625 0.0205078125
0 0.125 0.26025390625 0.01318359375 0.015625
0 0.1962890625 0.474609375 0.01611328125 0.01416015625
0 0.03564453125 0.5751953125 0.01123046875 0.01806640625
0 0.12890625 0.51806640625 0.01123046875 0.01513671875
0 0.16552734375 0.78515625 0.01953125 0.015625
0 0.19140625 0.541015625 0.01416015625 0.01611328125
0 0.01953125 0.6552734375 0.0146484375 0.021484375
0 0.1552734375 0.466796875 0.017578125 0.01708984375
0 0.26025390625 0.486328125 0.0078125 0.02099609375
0 0.0263671875 0.685546875 0.01611328125 0.02197265625
0 0.0849609375 0.5146484375 0.01513671875 0.0166015625
0 0.10888671875 0.4814453125 0.0126953125 0.01611328125
0 0.076171875 0.88818359375 0.017578125 0.021484375
0 0.2568359375 0.43896484375 0.0068359375 0.02197265625
0 0.0859375 0.60498046875 0.015625 0.017578125
0 0.13427734375 0.4716796875 0.01318359375 0.01611328125
0 0.20947265625 0.416015625 0.00927734375 0.01806640625
0 0.25244140625 0.40771484375 0.005859375 0.02099609375
0 0.0068359375 0.88623046875 0.01318359375 0.01904296875
0 0.04541015625 0.90087890625 0.01904296875 0.02001953125
0 0.10107421875 0.607421875 0.01513671875 0.01953125
0 0.25 0.3818359375 0.0078125 0.015625
0 0.189453125 0.40673828125 0.00927734375 0.01318359375
0 0.01220703125 0.61572265625 0.013671875 0.0205078125
0 0.1416015625 0.50341796875 0.009765625 0.01904296875
0 0.01953125 0.63232421875 0.013671875 0.02001953125
0 0.06005859375 0.6328125 0.0146484375 0.0185546875
0 0.2744140625 0.99462890625 0.01123046875 0.0107421875
0 0.2138671875 0.51513671875 0.017578125 0.01708984375
0 0.22900390625 0.4189453125 0.00732421875 0.02587890625
0 0.05859375 0.91748046875 0.01953125 0.021484375
0 0.13232421875 0.490234375 0.01171875 0.01708984375
0 0.115234375 0.26953125 0.01123046875 0.0146484375
0 0.08935546875 0.501953125 0.01416015625 0.01513671875
0 0.04248046875 0.9228515625 0.0205078125 0.021484375
0 0.22998046875 0.49072265625 0.00732421875 0.017578125
0 0.0400390625 0.634765625 0.0166015625 0.01708984375
0 0.14794921875 0.45556640625 0.013671875 0.01904296875
0 0.060546875 0.49267578125 0.01318359375 0.01611328125
0 0.0849609375 0.36767578125 0.015625 0.0166015625
0 0.02587890625 0.59619140625 0.013671875 0.0185546875
0 0.046875 0.677734375 0.0166015625 0.01904296875
0 0.0771484375 0.68115234375 0.01611328125 0.01953125
0 0.0146484375 0.8408203125 0.0185546875 0.02001953125
0 0.29150390625 0.9921875 0.015625 0.0146484375
0 0.041015625 0.80126953125 0.01513671875 0.021484375
0 0.0927734375 0.349609375 0.01416015625 0.01416015625
0 0.025390625 0.80224609375 0.017578125 0.0224609375
0 0.03564453125 0.82373046875 0.0166015625 0.02392578125
0 0.09130859375 0.63623046875 0.0126953125 0.02099609375
0 0.0986328125 0.6611328125 0.015625 0.02099609375
0 0.04443359375 0.841796875 0.01904296875 0.01806640625
0 0.07373046875 0.6689453125 0.01611328125 0.01806640625
0 0.0048828125 0.85888671875 0.00927734375 0.01708984375
0 0.2587890625 0.451171875 0.00830078125 0.0234375
0 0.1044921875 0.34912109375 0.0166015625 0.01513671875
0 0.1455078125 0.1875 0.0166015625 0.017578125
0 0.09716796875 0.99169921875 0.0166015625 0.0166015625
0 0.04150390625 0.8623046875 0.0146484375 0.02587890625
0 0.17041015625 0.7978515625 0.0224609375 0.01953125
0 0.099609375 0.64794921875 0.015625 0.0205078125
0 0.0048828125 0.83935546875 0.009765625 0.0224609375
0 0.03125 0.4296875 0.0146484375 0.01513671875