0 0.07763671875 0.84423828125 0.01318359375 0.03369140625
0 0.29248046875 0.869140625 0.01025390625 0.029296875
0 0.20068359375 0.77587890625 0.00927734375 0.03271484375
0 0.3896484375 0.8017578125 0.01025390625 0.02978515625
0 0.0498046875 0.70361328125 0.01123046875 0.0361328125
0 0.1689453125 0.80126953125 0.01220703125 0.03076171875
0 0.1337890625 0.861328125 0.0087890625 0.033203125
0 0.73779296875 0.55712890625 0.02587890625 0.02880859375
0 0.92919921875 0.82958984375 0.02001953125 0.02978515625
0 0.052734375 0.81201171875 0.00927734375 0.0361328125
0 0.0703125 0.90380859375 0.01171875 0.0361328125
0 0.7470703125 0.8642578125 0.0166015625 0.02685546875
0 0.478515625 0.54736328125 0.01171875 0.0341796875
0 0.15185546875 0.43701171875 0.015625 0.0322265625
0 0.56298828125 0.48046875 0.015625 0.03759765625
0 0.3291015625 0.94873046875 0.009765625 0.03857421875
0 0.4443359375 0.63525390625 0.009765625 0.03515625
0 0.17578125 0.87158203125 0.009765625 0.03662109375
0 0.65478515625 0.82666015625 0.015625 0.03369140625
0 0.568359375 0.74609375 0.01171875 0.03564453125
0 0.228515625 0.6513671875 0.01611328125 0.03466796875
0 0.10498046875 0.78759765625 0.01171875 0.03369140625
0 0.779296875 0.6494140625 0.01904296875 0.02783203125
0 0.21923828125 0.7412109375 0.00927734375 0.03125
0 0.59716796875 0.96630859375 0.013671875 0.03759765625
0 0.81201171875 0.6494140625 0.0146484375 0.04052734375
0 0.3681640625 0.93212890625 0.01513671875 0.03662109375
0 0.10205078125 0.60107421875 0.0107421875 0.0341796875
0 0.42626953125 0.47607421875 0.0107421875 0.04052734375
0 0.203125 0.49267578125 0.009765625 0.03564453125
0 0.15087890625 0.880859375 0.009765625 0.03662109375
0 0.02294921875 0.61376953125 0.015625 0.02783203125
0 0.3984375 0.76416015625 0.01171875 0.03564453125
0 0.09521484375 0.728515625 0.01318359375 0.03125
0 0.654296875 0.98974609375 0.013671875 0.02001953125
0 0.0732421875 0.7548828125 0.01025390625 0.0322265625
0 0.6123046875 0.92626953125 0.01318359375 0.04443359375
0 0.34033203125 0.6982421875 0.01171875 0.03564453125
0 0.0927734375 0.88671875 0.013671875 0.02978515625
0 0.0205078125 0.736328125 0.0107421875 0.03857421875
0 0.29443359375 0.83740234375 0.01171875 0.037109375
0 0.32177734375 0.47900390625 0.01416015625 0.03759765625
0 0.16845703125 0.4052734375 0.01123046875 0.03759765625
0 0.12255859375 0.73974609375 0.01611328125 0.0322265625
0 0.77880859375 0.55029296875 0.015625 0.0283203125
0 0.31005859375 0.44921875 0.01220703125 0.0302734375
0 0.03515625 0.80908203125 0.01123046875 0.037109375
0 0.2900390625 0.9296875 0.00830078125 0.03955078125
0 0.138671875 0.96875 0.01123046875 0.04296875
0 0.224609375 0.896484375 0.01171875 0.02978515625
0 0.17431640625 0.978515625 0.0126953125 0.03369140625
0 0.2509765625 0.74951171875 0.01806640625 0.029296875
0 0.33935546875 0.5322265625 0.013671875 0.0458984375
0 0.0478515625 0.65380859375 0.0068359375 0.02587890625
0 0.06103515625 0.6669921875 0.00927734375 0.037109375
0 0.05419921875 0.65869140625 0.0078125 0.033203125