0 0.16552734375 0.5439453125 0.01171875 0.0263671875
0 0.44921875 0.7236328125 0.0126953125 0.025390625
0 0.4306640625 0.56982421875 0.0126953125 0.0224609375
0 0.443359375 0.7041015625 0.01171875 0.0283203125
0 0.44189453125 0.76123046875 0.0126953125 0.0263671875
0 0.37158203125 0.70556640625 0.013671875 0.0224609375
0 0.4775390625 0.52392578125 0.013671875 0.025390625
0 0.53173828125 0.9658203125 0.01171875 0.029296875
0 0.37255859375 0.49365234375 0.0185546875 0.01953125
0 0.52490234375 0.6552734375 0.0107421875 0.01953125
0 0.56591796875 0.74072265625 0.017578125 0.0205078125
0 0.56201171875 0.6953125 0.0166015625 0.0224609375
0 0.4033203125 0.51025390625 0.0166015625 0.0302734375
0 0.30078125 0.4541015625 0.0166015625 0.0234375
0 0.52880859375 0.916015625 0.0166015625 0.0205078125
0 0.05859375 0.67919921875 0.01171875 0.0244140625
0 0.3505859375 0.455078125 0.015625 0.01953125
0 0.18359375 0.5478515625 0.0166015625 0.0234375
0 0.44921875 0.654296875 0.0185546875 0.01953125
0 0.40478515625 0.63671875 0.009765625 0.0234375
0 0.28173828125 0.41796875 0.0166015625 0.0224609375
0 0.4541015625 0.58056640625 0.01953125 0.0205078125
0 0.12158203125 0.646484375 0.017578125 0.01953125
0 0.16552734375 0.46484375 0.0166015625 0.0302734375
0 0.095703125 0.34619140625 0.01171875 0.017578125
0 0.083984375 0.3544921875 0.017578125 0.025390625
0 0.220703125 0.6572265625 0.0185546875 0.0185546875
0 0.14453125 0.6591796875 0.017578125 0.0185546875