0 0.396484375 0.28759765625 0.00830078125 0.01708984375
0 0.400390625 0.28662109375 0.009765625 0.0166015625
0 0.15673828125 0.349609375 0.009765625 0.01318359375
0 0.24951171875 0.3076171875 0.01318359375 0.01318359375
0 0.4697265625 0.28369140625 0.01220703125 0.01416015625
0 0.0927734375 0.50341796875 0.01123046875 0.01806640625
0 0.20166015625 0.400390625 0.01123046875 0.01416015625
0 0.24462890625 0.26123046875 0.005859375 0.01318359375
0 0.158203125 0.4404296875 0.01220703125 0.0146484375
0 0.15869140625 0.31787109375 0.01123046875 0.01611328125
0 0.271484375 0.24267578125 0.00732421875 0.0126953125
0 0.2744140625 0.263671875 0.005859375 0.01318359375
0 0.34033203125 0.267578125 0.00732421875 0.0107421875
0 0.22412109375 0.271484375 0.0107421875 0.013671875
0 0.13623046875 0.34375 0.009765625 0.01171875
0 0.3662109375 0.29296875 0.0107421875 0.01123046875
0 0.23095703125 0.29052734375 0.0078125 0.01171875
0 0.22314453125 0.3623046875 0.01220703125 0.01220703125
0 0.29248046875 0.26025390625 0.0048828125 0.01318359375
0 0.154296875 0.341796875 0.009765625 0.01220703125
0 0.26220703125 0.27978515625 0.01171875 0.01171875
0 0.2802734375 0.2421875 0.0068359375 0.015625
0 0.0234375 0.39990234375 0.00927734375 0.01416015625
0 0.126953125 0.50927734375 0.009765625 0.01611328125
0 0.07177734375 0.41015625 0.00927734375 0.01416015625
0 0.00439453125 0.580078125 0.00830078125 0.017578125
0 0.0087890625 0.61181640625 0.00927734375 0.015625
0 0.0078125 0.736328125 0.009765625 0.01953125
0 0.03466796875 0.3984375 0.013671875 0.01513671875
0 0.02392578125 0.6083984375 0.00830078125 0.01904296875
0 0.3515625 0.154296875 0.00439453125 0.013671875
0 0.00244140625 0.458984375 0.00439453125 0.01708984375
0 0.3955078125 0.107421875 0.0107421875 0.01513671875