0 0.23193359375 0.2255859375 0.02587890625 0.0830078125
0 0.53369140625 0.0966796875 0.02392578125 0.0751953125
0 0.3017578125 0.50732421875 0.0322265625 0.08642578125
0 0.125 0.5244140625 0.04248046875 0.07275390625
0 0.85888671875 0.48486328125 0.0458984375 0.08837890625
0 0.2265625 0.45458984375 0.03857421875 0.095703125
0 0.1796875 0.42529296875 0.03076171875 0.0634765625
0 0.56884765625 0.50830078125 0.0517578125 0.06494140625
0 0.17333984375 0.02392578125 0.056640625 0.04736328125
0 0.73876953125 0.580078125 0.04541015625 0.03857421875
0 0.79248046875 0.171875 0.02587890625 0.08984375
0 0.75634765625 0.13525390625 0.03466796875 0.07958984375