0 0.90234375 0.74609375 0.0185546875 0.0205078125
0 0.82080078125 0.44482421875 0.013671875 0.0185546875
0 0.87255859375 0.4423828125 0.0146484375 0.01953125
0 0.931640625 0.8623046875 0.015625 0.017578125
0 0.9443359375 0.64404296875 0.015625 0.015625
0 0.92724609375 0.33154296875 0.015625 0.017578125
0 0.9443359375 0.47802734375 0.01953125 0.0205078125
0 0.9931640625 0.48876953125 0.013671875 0.0166015625
0 0.87744140625 0.3173828125 0.01171875 0.01953125
0 0.953125 0.474609375 0.0146484375 0.0234375
0 0.83154296875 0.4384765625 0.0166015625 0.0263671875
0 0.8828125 0.43798828125 0.0107421875 0.0166015625
0 0.0234375 0.08544921875 0.005859375 0.0234375