0 0.07666015625 0.1982421875 0.01513671875 0.017578125
0 0.216796875 0.15234375 0.017578125 0.013671875
0 0.1875 0.138671875 0.0146484375 0.01416015625
0 0.115234375 0.24267578125 0.0166015625 0.01318359375
0 0.162109375 0.142578125 0.0166015625 0.01806640625
0 0.0693359375 0.345703125 0.01220703125 0.01318359375
0 0.111328125 0.19384765625 0.01611328125 0.017578125
0 0.06591796875 0.32861328125 0.013671875 0.01806640625
0 0.03271484375 0.216796875 0.01416015625 0.01708984375
0 0.1103515625 0.0908203125 0.0126953125 0.0185546875
0 0.18798828125 0.17333984375 0.01513671875 0.015625
0 0.06640625 0.29931640625 0.015625 0.01513671875
0 0.0498046875 0.37890625 0.01513671875 0.013671875
0 0.0302734375 0.369140625 0.01416015625 0.01416015625
0 0.2041015625 0.06591796875 0.01220703125 0.021484375
0 0.01025390625 0.07421875 0.015625 0.0126953125
0 0.033203125 0.0556640625 0.015625 0.013671875
0 0.01708984375 0.197265625 0.01416015625 0.017578125
0 0.0361328125 0.18115234375 0.01318359375 0.01806640625
0 0.0751953125 0.083984375 0.015625 0.01953125
0 0.08740234375 0.14599609375 0.0126953125 0.01611328125
0 0.01513671875 0.099609375 0.0126953125 0.01708984375
0 0.1005859375 0.29638671875 0.01611328125 0.02001953125
0 0.00341796875 0.130859375 0.0068359375 0.01416015625
0 0.0791015625 0.109375 0.013671875 0.01416015625
0 0.02880859375 0.3046875 0.013671875 0.01806640625