0 0.50537109375 0.53369140625 0.01220703125 0.01904296875
0 0.39794921875 0.5439453125 0.0166015625 0.0185546875
0 0.26318359375 0.55419921875 0.01220703125 0.01904296875
0 0.3359375 0.5458984375 0.0146484375 0.01806640625
0 0.47021484375 0.53662109375 0.01318359375 0.01953125
0 0.1806640625 0.58056640625 0.01953125 0.0224609375
0 0.09619140625 0.57080078125 0.013671875 0.02197265625
0 0.05712890625 0.57373046875 0.01806640625 0.01904296875
0 0.44970703125 0.5390625 0.01025390625 0.01806640625
0 0.06005859375 0.59765625 0.015625 0.02392578125
0 0.51904296875 0.533203125 0.01953125 0.01904296875
0 0.20263671875 0.55859375 0.01025390625 0.0205078125
0 0.16650390625 0.5654296875 0.015625 0.01953125