0 0.087890625 0.3125 0.0244140625 0.04296875
0 0.34814453125 0.69775390625 0.0244140625 0.0400390625
0 0.10107421875 0.4111328125 0.021484375 0.0439453125
0 0.74462890625 0.76513671875 0.0224609375 0.0400390625
0 0.04833984375 0.51123046875 0.025390625 0.0322265625
0 0.3564453125 0.1376953125 0.0185546875 0.0302734375
0 0.63232421875 0.7685546875 0.0205078125 0.0341796875
0 0.26171875 0.40966796875 0.0244140625 0.041015625
0 0.73779296875 0.53125 0.0166015625 0.0380859375
0 0.3056640625 0.2626953125 0.0224609375 0.02734375
0 0.466796875 0.96044921875 0.0224609375 0.029296875
0 0.11328125 0.271484375 0.0224609375 0.03515625
0 0.27978515625 0.3115234375 0.0205078125 0.033203125
0 0.5693359375 0.5390625 0.01953125 0.029296875
0 0.40966796875 0.28955078125 0.0146484375 0.029296875
0 0.13232421875 0.51123046875 0.0205078125 0.0380859375
0 0.4990234375 0.33544921875 0.0234375 0.0341796875
0 0.78857421875 0.53857421875 0.0244140625 0.03515625
0 0.1123046875 0.3759765625 0.01953125 0.0341796875
0 0.3505859375 0.6572265625 0.0185546875 0.03125
0 0.2783203125 0.234375 0.0205078125 0.02734375
0 0.70849609375 0.50390625 0.0166015625 0.03515625
0 0.5576171875 0.65283203125 0.0146484375 0.0322265625
0 0.66845703125 0.287109375 0.01953125 0.03125
0 0.52001953125 0.2119140625 0.017578125 0.033203125
0 0.31787109375 0.4130859375 0.0224609375 0.04296875
0 0.30908203125 0.55029296875 0.025390625 0.04296875
0 0.32861328125 0.916015625 0.01953125 0.03515625
0 0.3056640625 0.4287109375 0.015625 0.033203125
0 0.54345703125 0.4697265625 0.017578125 0.0302734375
0 0.109375 0.8994140625 0.0244140625 0.0400390625
0 0.4853515625 0.603515625 0.021484375 0.02734375
0 0.283203125 0.88037109375 0.021484375 0.0322265625
0 0.07470703125 0.740234375 0.0234375 0.0380859375
0 0.77587890625 0.54052734375 0.021484375 0.0400390625
0 0.53759765625 0.3994140625 0.017578125 0.025390625
0 0.693359375 0.3544921875 0.0146484375 0.0283203125
0 0.39404296875 0.3173828125 0.0185546875 0.0400390625
0 0.6845703125 0.24853515625 0.0244140625 0.029296875
0 0.0068359375 0.6240234375 0.013671875 0.03515625
0 0.40869140625 0.248046875 0.0166015625 0.0341796875
0 0.3955078125 0.80712890625 0.0263671875 0.0390625
0 0.5 0.46142578125 0.0146484375 0.0322265625
0 0.732421875 0.4404296875 0.0185546875 0.03125
0 0.41259765625 0.79541015625 0.0263671875 0.0322265625
0 0.3798828125 0.78564453125 0.0205078125 0.0439453125
0 0.5 0.400390625 0.0185546875 0.0390625
0 0.7978515625 0.3994140625 0.01953125 0.0302734375
0 0.37939453125 0.28173828125 0.0205078125 0.0361328125
0 0.392578125 0.41845703125 0.017578125 0.03515625
0 0.7822265625 0.4501953125 0.0224609375 0.0302734375
0 0.51904296875 0.67919921875 0.02734375 0.0302734375
0 0.1044921875 0.6982421875 0.021484375 0.0400390625
0 0.44482421875 0.44482421875 0.015625 0.0234375
0 0.45751953125 0.458984375 0.0244140625 0.0361328125
0 0.48876953125 0.55712890625 0.021484375 0.0439453125
0 0.4169921875 0.6083984375 0.0166015625 0.0322265625
0 0.62060546875 0.54150390625 0.0205078125 0.0380859375
0 0.0810546875 0.82275390625 0.021484375 0.03515625
0 0.75390625 0.39990234375 0.0205078125 0.0380859375
0 0.2685546875 0.53857421875 0.017578125 0.0400390625
0 0.3974609375 0.55322265625 0.0205078125 0.0390625
0 0.36572265625 0.9521484375 0.01953125 0.021484375
0 0.17919921875 0.72412109375 0.0224609375 0.03515625
0 0.69580078125 0.8994140625 0.02734375 0.0361328125
0 0.16455078125 0.82373046875 0.0224609375 0.046875
0 0.5859375 0.73974609375 0.0263671875 0.0400390625
0 0.28369140625 0.5849609375 0.0234375 0.0390625
0 0.6845703125 0.42822265625 0.01953125 0.0244140625
0 0.39990234375 0.77880859375 0.0224609375 0.0302734375
0 0.7666015625 0.68115234375 0.0185546875 0.0361328125
0 0.4462890625 0.53173828125 0.0205078125 0.0283203125
0 0.4443359375 0.3671875 0.0166015625 0.0244140625
0 0.193359375 0.72607421875 0.0224609375 0.037109375
0 0.2177734375 0.7158203125 0.025390625 0.0419921875
0 0.59765625 0.81005859375 0.0234375 0.0322265625
0 0.6640625 0.93017578125 0.025390625 0.0390625
0 0.623046875 0.5146484375 0.017578125 0.03125
0 0.2890625 0.9658203125 0.015625 0.0146484375
0 0.22509765625 0.73974609375 0.0263671875 0.0400390625
0 0.4033203125 0.5341796875 0.0244140625 0.02734375
0 0.56640625 0.84716796875 0.0234375 0.03515625
0 0.03515625 0.7529296875 0.01953125 0.03515625
0 0.578125 0.2705078125 0.0185546875 0.025390625
0 0.2158203125 0.6728515625 0.0234375 0.0361328125
0 0.23095703125 0.7998046875 0.01953125 0.0390625
0 0.62548828125 0.37158203125 0.0166015625 0.0205078125
0 0.37841796875 0.46484375 0.0205078125 0.02734375
0 0.4501953125 0.85400390625 0.0146484375 0.025390625
0 0.4658203125 0.25634765625 0.0166015625 0.0263671875
0 0.54248046875 0.6162109375 0.017578125 0.0302734375
0 0.125 0.74951171875 0.0185546875 0.0263671875
0 0.27294921875 0.61083984375 0.0224609375 0.03515625
0 0.263671875 0.6005859375 0.0224609375 0.0234375
0 0.0517578125 0.9013671875 0.01953125 0.0361328125
0 0.67138671875 0.96435546875 0.029296875 0.0380859375
0 0.6494140625 0.55615234375 0.033203125 0.0576171875
0 0.6669921875 0.5791015625 0.0341796875 0.0634765625
0 0.57568359375 0.7158203125 0.0244140625 0.0234375
0 0.72998046875 0.65966796875 0.015625 0.0322265625
0 0.658203125 0.98291015625 0.0234375 0.0341796875
0 0.42333984375 0.525390625 0.0166015625 0.029296875
0 0.14794921875 0.80029296875 0.0205078125 0.033203125
0 0.48291015625 0.7412109375 0.01953125 0.0234375
0 0.140625 0.3408203125 0.0263671875 0.0390625
0 0.25146484375 0.55419921875 0.0146484375 0.0341796875