0 0.7822265625 0.78564453125 0.0107421875 0.02978515625
0 0.81494140625 0.75390625 0.00732421875 0.02734375
0 0.55419921875 0.62841796875 0.01025390625 0.025390625
0 0.92041015625 0.62548828125 0.0107421875 0.02734375
0 0.6142578125 0.63671875 0.01025390625 0.0244140625
0 0.69482421875 0.73291015625 0.009765625 0.02734375
0 0.3271484375 0.576171875 0.01806640625 0.02197265625
0 0.68115234375 0.8251953125 0.00927734375 0.02685546875
0 0.697265625 0.67919921875 0.0087890625 0.02978515625
0 0.93896484375 0.85205078125 0.0087890625 0.03466796875
0 0.8662109375 0.470703125 0.01025390625 0.025390625
0 0.3466796875 0.3740234375 0.015625 0.02490234375
0 0.486328125 0.77294921875 0.00830078125 0.02978515625
0 0.431640625 0.46484375 0.01513671875 0.021484375
0 0.96484375 0.8720703125 0.00732421875 0.0234375
0 0.734375 0.3525390625 0.015625 0.0205078125
0 0.78759765625 0.81689453125 0.015625 0.0234375
0 0.94482421875 0.34814453125 0.0146484375 0.021484375
0 0.388671875 0.4541015625 0.01171875 0.02783203125
0 0.5322265625 0.71533203125 0.0078125 0.02490234375
0 0.3310546875 0.72021484375 0.01513671875 0.0283203125
0 0.2431640625 0.81982421875 0.01416015625 0.03125
0 0.43701171875 0.4404296875 0.0107421875 0.02490234375
0 0.7685546875 0.861328125 0.0166015625 0.0224609375
0 0.53857421875 0.3701171875 0.01611328125 0.0224609375
0 0.2548828125 0.349609375 0.0166015625 0.02099609375
0 0.939453125 0.65869140625 0.009765625 0.02490234375
0 0.29736328125 0.6240234375 0.01025390625 0.025390625
0 0.7587890625 0.67236328125 0.01123046875 0.025390625
0 0.9306640625 0.3994140625 0.015625 0.0185546875
0 0.373046875 0.3837890625 0.009765625 0.03271484375
0 0.47265625 0.34814453125 0.015625 0.02783203125
0 0.4013671875 0.6552734375 0.0146484375 0.0283203125
0 0.4775390625 0.41015625 0.0107421875 0.02783203125
0 0.1923828125 0.7158203125 0.0185546875 0.0263671875
0 0.2177734375 0.49365234375 0.009765625 0.0302734375
0 0.20556640625 0.552734375 0.01220703125 0.0234375
0 0.744140625 0.56005859375 0.01513671875 0.0185546875
0 0.36328125 0.533203125 0.0107421875 0.0263671875
0 0.55615234375 0.94873046875 0.0107421875 0.03173828125
0 0.513671875 0.888671875 0.01025390625 0.03173828125
0 0.60498046875 0.619140625 0.01904296875 0.02001953125
0 0.755859375 0.4794921875 0.0078125 0.0263671875
0 0.51171875 0.3662109375 0.01611328125 0.0244140625
0 0.5419921875 0.44140625 0.009765625 0.02783203125
0 0.70849609375 0.58056640625 0.0078125 0.029296875
0 0.7958984375 0.75146484375 0.009765625 0.03466796875
0 0.1572265625 0.78466796875 0.01123046875 0.03564453125
0 0.455078125 0.78955078125 0.01318359375 0.0302734375
0 0.525390625 0.5439453125 0.01025390625 0.0302734375
0 0.7275390625 0.8212890625 0.01025390625 0.03369140625
0 0.58154296875 0.36962890625 0.0087890625 0.02490234375
0 0.3798828125 0.580078125 0.0087890625 0.03466796875
0 0.78466796875 0.50732421875 0.0107421875 0.0283203125
0 0.54638671875 0.59716796875 0.0107421875 0.033203125
0 0.65771484375 0.7958984375 0.013671875 0.03125
0 0.8818359375 0.40771484375 0.0146484375 0.02587890625
0 0.58837890625 0.740234375 0.0087890625 0.03271484375
0 0.6826171875 0.6962890625 0.01171875 0.0263671875
0 0.67626953125 0.79638671875 0.0107421875 0.03271484375
0 0.7197265625 0.62939453125 0.00927734375 0.0302734375
0 0.3486328125 0.6005859375 0.00927734375 0.03564453125
0 0.7197265625 0.47509765625 0.01171875 0.02978515625
0 0.48876953125 0.35888671875 0.01123046875 0.03271484375
0 0.56201171875 0.98095703125 0.01220703125 0.03369140625
0 0.6328125 0.80859375 0.01171875 0.033203125
0 0.43115234375 0.62548828125 0.01123046875 0.0283203125
0 0.81787109375 0.79052734375 0.00927734375 0.03662109375
0 0.7275390625 0.41650390625 0.01025390625 0.02587890625
0 0.93896484375 0.47705078125 0.0068359375 0.02587890625
0 0.6884765625 0.42431640625 0.009765625 0.03125
0 0.546875 0.681640625 0.01025390625 0.0283203125
0 0.81884765625 0.568359375 0.0107421875 0.02685546875
0 0.5693359375 0.44384765625 0.01123046875 0.03125
0 0.669921875 0.46142578125 0.009765625 0.02685546875
0 0.77880859375 0.44482421875 0.0107421875 0.029296875
0 0.37548828125 0.67138671875 0.01123046875 0.03564453125
0 0.70263671875 0.49169921875 0.00927734375 0.02783203125
0 0.6611328125 0.6669921875 0.01025390625 0.02783203125
0 0.55029296875 0.48046875 0.00732421875 0.03076171875
0 0.84375 0.43408203125 0.0078125 0.02880859375
0 0.5458984375 0.828125 0.0087890625 0.0390625
0 0.74560546875 0.73876953125 0.0087890625 0.033203125
0 0.68994140625 0.51416015625 0.00830078125 0.02490234375
0 0.7421875 0.787109375 0.0087890625 0.03466796875
0 0.4599609375 0.90869140625 0.01025390625 0.03564453125
0 0.75634765625 0.8662109375 0.01123046875 0.03564453125
0 0.7939453125 0.57763671875 0.01025390625 0.02734375
0 0.78173828125 0.85888671875 0.01220703125 0.02685546875
0 0.60791015625 0.69775390625 0.01123046875 0.0283203125
0 0.47705078125 0.806640625 0.00927734375 0.03076171875
0 0.84033203125 0.501953125 0.0126953125 0.0234375
0 0.62451171875 0.4345703125 0.009765625 0.0244140625
0 0.87841796875 0.85546875 0.0126953125 0.0322265625
0 0.6669921875 0.64501953125 0.009765625 0.03369140625
0 0.55859375 0.65283203125 0.01123046875 0.02880859375
0 0.4599609375 0.654296875 0.00830078125 0.02734375
0 0.82666015625 0.6083984375 0.00927734375 0.02734375
0 0.93994140625 0.51416015625 0.01025390625 0.02734375
0 0.791015625 0.49462890625 0.009765625 0.029296875
0 0.79638671875 0.85546875 0.013671875 0.02734375
0 0.83203125 0.65234375 0.009765625 0.03564453125
0 0.63916015625 0.4853515625 0.0107421875 0.0244140625
0 0.93798828125 0.623046875 0.01171875 0.0283203125
0 0.576171875 0.50146484375 0.0087890625 0.02978515625
0 0.58544921875 0.544921875 0.00830078125 0.02978515625
0 0.9794921875 0.78564453125 0.01220703125 0.029296875
0 0.68408203125 0.74658203125 0.0087890625 0.02685546875
0 0.84912109375 0.45458984375 0.00732421875 0.02978515625
0 0.94091796875 0.44384765625 0.00927734375 0.0244140625
0 0.61962890625 0.849609375 0.01025390625 0.0283203125
0 0.8095703125 0.47119140625 0.0107421875 0.029296875
0 0.9599609375 0.73486328125 0.0126953125 0.03076171875
0 0.71484375 0.84912109375 0.0146484375 0.0380859375
0 0.92529296875 0.66357421875 0.009765625 0.02978515625
0 0.90234375 0.46630859375 0.00830078125 0.029296875
0 0.9521484375 0.42724609375 0.00830078125 0.03369140625
0 0.814453125 0.4306640625 0.01171875 0.029296875
0 0.99169921875 0.4296875 0.01416015625 0.02734375
0 0.884765625 0.68212890625 0.01123046875 0.0341796875
0 0.90966796875 0.447265625 0.013671875 0.02490234375
0 0.560546875 0.896484375 0.009765625 0.02978515625
0 0.7392578125 0.44091796875 0.01171875 0.02392578125
0 0.81982421875 0.5205078125 0.00927734375 0.02978515625
0 0.7080078125 0.728515625 0.01123046875 0.0283203125
0 0.142578125 0.87109375 0.01318359375 0.03369140625
0 0.77978515625 0.607421875 0.009765625 0.03125
0 0.83349609375 0.69677734375 0.009765625 0.02734375
0 0.97119140625 0.70263671875 0.013671875 0.03076171875
0 0.85791015625 0.54638671875 0.01123046875 0.02734375
0 0.9853515625 0.55712890625 0.009765625 0.03076171875
0 0.845703125 0.55322265625 0.01123046875 0.03125
0 0.931640625 0.82177734375 0.01171875 0.0361328125
0 0.84423828125 0.6494140625 0.01123046875 0.03173828125
0 0.9052734375 0.5693359375 0.01220703125 0.029296875
0 0.9013671875 0.8818359375 0.01318359375 0.02880859375
0 0.94873046875 0.60693359375 0.0078125 0.03125
0 0.87060546875 0.61572265625 0.01220703125 0.029296875
0 0.771484375 0.7626953125 0.01171875 0.03271484375
0 0.98046875 0.61181640625 0.0126953125 0.02978515625
0 0.87255859375 0.9052734375 0.01025390625 0.0283203125
0 0.92919921875 0.58154296875 0.0078125 0.0322265625
0 0.98974609375 0.6865234375 0.0185546875 0.02392578125
0 0.9892578125 0.7587890625 0.01806640625 0.03662109375
0 0.97412109375 0.5732421875 0.0087890625 0.03076171875
0 0.92919921875 0.91162109375 0.01318359375 0.0341796875
0 0.15771484375 0.8681640625 0.01513671875 0.0380859375
0 0.97021484375 0.6640625 0.01123046875 0.029296875
0 0.9970703125 0.669921875 0.005859375 0.02734375
0 0.98974609375 0.89404296875 0.01123046875 0.03271484375
0 0.9375 0.58544921875 0.0126953125 0.03271484375
0 0.779296875 0.75390625 0.01220703125 0.0322265625