0 0.08154296875 0.6982421875 0.1181640625 0.115234375
0 0.36083984375 0.3173828125 0.0712890625 0.0732421875
0 0.45361328125 0.18994140625 0.0517578125 0.05078125
0 0.69775390625 0.2197265625 0.0595703125 0.0634765625
0 0.90283203125 0.50830078125 0.056640625 0.0791015625
0 0.48388671875 0.6826171875 0.080078125 0.0869140625
0 0.33154296875 0.9462890625 0.1181640625 0.107421875
0 0.91064453125 0.70263671875 0.0947265625 0.1103515625
0 0.04345703125 0.49462890625 0.0859375 0.07421875
0 0.74560546875 0.4306640625 0.072265625 0.0869140625
0 0.6376953125 0.2783203125 0.05859375 0.072265625
0 0.2490234375 0.3974609375 0.0693359375 0.1572265625
0 0.0830078125 0.31298828125 0.064453125 0.064453125
0 0.07470703125 0.16845703125 0.041015625 0.0478515625
0 0.3662109375 0.27001953125 0.05078125 0.0546875
0 0.32763671875 0.2958984375 0.05078125 0.0576171875
0 0.046875 0.27978515625 0.068359375 0.0654296875
0 0.74365234375 0.1328125 0.0302734375 0.0537109375
0 0.529296875 0.52001953125 0.064453125 0.0478515625
0 0.04052734375 0.4072265625 0.0791015625 0.0693359375
0 0.0966796875 0.25927734375 0.0615234375 0.0625
0 0.720703125 0.7265625 0.0693359375 0.0927734375
0 0.466796875 0.34423828125 0.046875 0.0693359375
0 0.43310546875 0.3740234375 0.0712890625 0.076171875
0 0.0185546875 0.1611328125 0.037109375 0.05859375
0 0.3603515625 0.771484375 0.0537109375 0.1337890625
0 0.8603515625 0.142578125 0.0498046875 0.0595703125
0 0.12255859375 0.4931640625 0.0517578125 0.099609375
0 0.208984375 0.57177734375 0.03515625 0.095703125
0 0.38330078125 0.244140625 0.03515625 0.0537109375
0 0.4404296875 0.3076171875 0.0400390625 0.0458984375
0 0.15771484375 0.69140625 0.0654296875 0.06640625
0 0.171875 0.18798828125 0.0234375 0.064453125
0 0.04150390625 0.3671875 0.06640625 0.033203125
0 0.13720703125 0.24658203125 0.05078125 0.0625
0 0.14697265625 0.18359375 0.04296875 0.0302734375
0 0.90771484375 0.158203125 0.0283203125 0.06640625
0 0.2333984375 0.3447265625 0.0283203125 0.05078125
0 0.6923828125 0.1796875 0.0224609375 0.029296875
0 0.0732421875 0.2294921875 0.037109375 0.0341796875
0 0.1767578125 0.95166015625 0.060546875 0.0966796875
0 0.01318359375 0.46435546875 0.0263671875 0.0595703125
0 0.9755859375 0.1513671875 0.0166015625 0.05859375
0 0.38330078125 0.3115234375 0.0263671875 0.060546875
0 0.9111328125 0.14111328125 0.0166015625 0.03125
0 0.2275390625 0.3837890625 0.0205078125 0.037109375
0 0.54541015625 0.52392578125 0.0263671875 0.033203125