0 0.5712890625 0.12060546875 0.009765625 0.0322265625
0 0.52490234375 0.0107421875 0.013671875 0.021484375
0 0.9970703125 0.58740234375 0.00537109375 0.03515625
0 0.96044921875 0.5439453125 0.01123046875 0.03564453125
0 0.8076171875 0.58837890625 0.017578125 0.01953125
0 0.78515625 0.580078125 0.009765625 0.033203125
0 0.80810546875 0.4716796875 0.00830078125 0.03076171875
0 0.64892578125 0.56982421875 0.01611328125 0.037109375
0 0.93701171875 0.34619140625 0.0107421875 0.03564453125
0 0.98779296875 0.552734375 0.01123046875 0.03173828125
0 0.81396484375 0.1826171875 0.0107421875 0.03466796875
0 0.7080078125 0.01318359375 0.0087890625 0.02587890625
0 0.83837890625 0.19873046875 0.0107421875 0.03759765625
0 0.6123046875 0.376953125 0.01123046875 0.03125
0 0.97900390625 0.31982421875 0.01708984375 0.0224609375