0 0.86474609375 0.919921875 0.0126953125 0.01953125
0 0.9072265625 0.8583984375 0.0126953125 0.0224609375
0 0.88134765625 0.830078125 0.01171875 0.0234375
0 0.8046875 0.93212890625 0.01171875 0.0234375
0 0.83447265625 0.90576171875 0.0087890625 0.017578125
0 0.90380859375 0.8076171875 0.01171875 0.021484375
0 0.9228515625 0.8525390625 0.0107421875 0.0224609375
0 0.8525390625 0.84716796875 0.009765625 0.01953125
0 0.8955078125 0.82666015625 0.0146484375 0.0263671875
0 0.87255859375 0.79150390625 0.009765625 0.0166015625
0 0.98974609375 0.482421875 0.013671875 0.033203125
0 0.9775390625 0.60205078125 0.01171875 0.01953125
0 0.9052734375 0.84423828125 0.0126953125 0.01171875
0 0.87841796875 0.798828125 0.0087890625 0.015625
0 0.90673828125 0.89404296875 0.0107421875 0.0244140625
0 0.95947265625 0.77490234375 0.0107421875 0.025390625
0 0.97021484375 0.46630859375 0.0107421875 0.01953125