0 0.4384765625 0.48974609375 0.044921875 0.03857421875
0 0.3427734375 0.5615234375 0.04443359375 0.04736328125
0 0.3935546875 0.38037109375 0.0224609375 0.0546875
0 0.43359375 0.1640625 0.03564453125 0.048828125
0 0.31005859375 0.458984375 0.041015625 0.0439453125
0 0.40869140625 0.65673828125 0.02978515625 0.08349609375
0 0.5888671875 0.14892578125 0.04150390625 0.056640625
0 0.3759765625 0.1640625 0.0185546875 0.06005859375
0 0.20849609375 0.287109375 0.03515625 0.05615234375
0 0.23974609375 0.5341796875 0.0341796875 0.064453125
0 0.58349609375 0.45703125 0.03759765625 0.0673828125
0 0.400390625 0.826171875 0.03125 0.06982421875
0 0.47802734375 0.13232421875 0.0302734375 0.07666015625
0 0.0146484375 0.1865234375 0.029296875 0.04833984375
0 0.02783203125 0.5 0.03076171875 0.05078125
0 0.2265625 0.10595703125 0.03271484375 0.09130859375
0 0.65380859375 0.21337890625 0.02978515625 0.08935546875
0 0.6884765625 0.0146484375 0.033203125 0.029296875
0 0.4853515625 0.18896484375 0.0458984375 0.04833984375
0 0.5615234375 0.28857421875 0.04248046875 0.04248046875
0 0.40234375 0.638671875 0.01611328125 0.046875
0 0.31884765625 0.63232421875 0.04736328125 0.046875
0 0.0185546875 0.23095703125 0.03515625 0.0458984375
0 0.67529296875 0.1904296875 0.037109375 0.04150390625
0 0.33642578125 0.08251953125 0.0400390625 0.060546875
0 0.14404296875 0.67919921875 0.0205078125 0.08203125
0 0.328125 0.56396484375 0.01513671875 0.0361328125
0 0.0595703125 0.01123046875 0.02734375 0.02197265625
0 0.70361328125 0.03662109375 0.01953125 0.03564453125
0 0.57861328125 0.13720703125 0.02099609375 0.03076171875
0 0.83349609375 0.01904296875 0.0234375 0.03662109375