0 0.02099609375 0.54638671875 0.00927734375 0.01171875
0 0.3359375 0.46923828125 0.00927734375 0.01611328125
0 0.3427734375 0.4638671875 0.00830078125 0.00927734375
0 0.2861328125 0.4560546875 0.01025390625 0.009765625
0 0.232421875 0.453125 0.01123046875 0.0107421875
0 0.1689453125 0.54248046875 0.0087890625 0.009765625
0 0.3037109375 0.470703125 0.01171875 0.00927734375
0 0.3935546875 0.46142578125 0.01025390625 0.0107421875
0 0.13037109375 0.56884765625 0.01416015625 0.0126953125
0 0.24267578125 0.4462890625 0.00927734375 0.01123046875
0 0.212890625 0.462890625 0.00927734375 0.01123046875
0 0.22802734375 0.466796875 0.009765625 0.009765625
0 0.12890625 0.4892578125 0.01025390625 0.01318359375
0 0.18701171875 0.45947265625 0.0078125 0.01123046875
0 0.189453125 0.51708984375 0.00927734375 0.009765625
0 0.2041015625 0.45068359375 0.0068359375 0.0107421875
0 0.11572265625 0.5068359375 0.00830078125 0.00927734375
0 0.1337890625 0.5087890625 0.00927734375 0.01416015625
0 0.10693359375 0.615234375 0.00732421875 0.01123046875
0 0.01904296875 0.662109375 0.01025390625 0.0107421875
0 0.0380859375 0.541015625 0.00927734375 0.01123046875
0 0.02783203125 0.65185546875 0.0126953125 0.01318359375
0 0.060546875 0.54931640625 0.0068359375 0.009765625
0 0.00537109375 0.7099609375 0.00830078125 0.0126953125
0 0.025390625 0.67822265625 0.00927734375 0.01220703125