0 0.31103515625 0.03369140625 0.0166015625 0.0361328125
0 0.13232421875 0.056640625 0.0205078125 0.0390625
0 0.02392578125 0.3798828125 0.0244140625 0.0439453125
0 0.17041015625 0.021484375 0.0205078125 0.04296875
0 0.41015625 0.01220703125 0.015625 0.0244140625
0 0.61083984375 0.15771484375 0.01953125 0.0390625
0 0.56201171875 0.12109375 0.0244140625 0.0439453125
0 0.548828125 0.0390625 0.0205078125 0.0498046875
0 0.8671875 0.09228515625 0.0185546875 0.037109375
0 0.49365234375 0.20556640625 0.0244140625 0.0478515625
0 0.62744140625 0.02880859375 0.0146484375 0.0283203125
0 0.19287109375 0.06005859375 0.015625 0.03515625
0 0.515625 0.1142578125 0.01953125 0.0400390625
0 0.95068359375 0.166015625 0.0234375 0.041015625
0 0.1982421875 0.0087890625 0.017578125 0.017578125
0 0.2998046875 0.02099609375 0.0185546875 0.03125
0 0.2841796875 0.01513671875 0.01953125 0.0302734375
0 0.4716796875 0.0361328125 0.0166015625 0.0283203125
0 0.3203125 0.0439453125 0.0166015625 0.03125
0 0.9404296875 0.126953125 0.037109375 0.0732421875
0 0.466796875 0.0029296875 0.015625 0.005859375
0 0.3642578125 0.00390625 0.017578125 0.0078125
0 0.07861328125 0.0224609375 0.0087890625 0.0322265625
0 0.49951171875 0.189453125 0.0205078125 0.03515625
0 0.94775390625 0.10693359375 0.0166015625 0.0302734375