0 0.06982421875 0.46240234375 0.021484375 0.0263671875
0 0.15576171875 0.64013671875 0.0166015625 0.0224609375
0 0.2333984375 0.439453125 0.0234375 0.0244140625
0 0.1318359375 0.16357421875 0.017578125 0.017578125
0 0.25244140625 0.6767578125 0.01953125 0.0234375
0 0.185546875 0.3671875 0.0205078125 0.0205078125
0 0.2509765625 0.19677734375 0.015625 0.017578125
0 0.134765625 0.2880859375 0.01953125 0.01953125
0 0.251953125 0.255859375 0.0166015625 0.0234375
0 0.0361328125 0.33251953125 0.021484375 0.01953125
0 0.1474609375 0.37060546875 0.021484375 0.0283203125
0 0.2353515625 0.29638671875 0.0146484375 0.01953125
0 0.0087890625 0.38720703125 0.017578125 0.0205078125
0 0.2392578125 0.3564453125 0.0205078125 0.0244140625
0 0.3388671875 0.64453125 0.0185546875 0.01953125
0 0.306640625 0.40869140625 0.0185546875 0.0361328125
0 0.04248046875 0.22265625 0.0185546875 0.0185546875
0 0.22705078125 0.15283203125 0.01953125 0.0185546875
0 0.07421875 0.12060546875 0.01953125 0.0205078125
0 0.0458984375 0.3017578125 0.021484375 0.0234375
0 0.0087890625 0.11083984375 0.0166015625 0.0244140625
0 0.33251953125 0.3681640625 0.01171875 0.0380859375
0 0.0302734375 0.09765625 0.0205078125 0.021484375
0 0.05322265625 0.1142578125 0.017578125 0.0166015625
0 0.20556640625 0.2685546875 0.0126953125 0.0322265625
0 0.25 0.16015625 0.0146484375 0.029296875
0 0.1845703125 0.11279296875 0.0126953125 0.0244140625
0 0.03515625 0.03955078125 0.0205078125 0.021484375
0 0.28759765625 0.14697265625 0.0126953125 0.03125
0 0.123046875 0.0458984375 0.0087890625 0.025390625
0 0.123046875 0.26513671875 0.0107421875 0.03125
0 0.04931640625 0.0498046875 0.013671875 0.0283203125
0 0.220703125 0.11767578125 0.013671875 0.025390625
0 0.2294921875 0.087890625 0.0087890625 0.0244140625
0 0.01318359375 0.67529296875 0.013671875 0.021484375
0 0.26953125 0.09716796875 0.0087890625 0.02734375
0 0.1630859375 0.01953125 0.013671875 0.0166015625
0 0.25537109375 0.099609375 0.0087890625 0.029296875