0 0.6064453125 0.677734375 0.0234375 0.0380859375
0 0.69482421875 0.2783203125 0.01171875 0.01953125
0 0.892578125 0.74560546875 0.0302734375 0.037109375
0 0.43408203125 0.48388671875 0.0166015625 0.0244140625
0 0.88671875 0.5390625 0.021484375 0.03125
0 0.41943359375 0.6240234375 0.0234375 0.033203125
0 0.3896484375 0.5322265625 0.01953125 0.0283203125
0 0.93310546875 0.244140625 0.0126953125 0.017578125
0 0.85693359375 0.62109375 0.0244140625 0.033203125
0 0.64111328125 0.5966796875 0.021484375 0.03125
0 0.8701171875 0.3349609375 0.0146484375 0.0224609375
0 0.36279296875 0.52880859375 0.0224609375 0.033203125
0 0.8955078125 0.48046875 0.0263671875 0.0341796875
0 0.3671875 0.67919921875 0.0244140625 0.0380859375
0 0.57958984375 0.23388671875 0.013671875 0.01953125
0 0.49267578125 0.77001953125 0.025390625 0.037109375
0 0.79736328125 0.64453125 0.017578125 0.0244140625
0 0.36572265625 0.62158203125 0.0234375 0.0341796875
0 0.60546875 0.2734375 0.0126953125 0.0166015625
0 0.7978515625 0.76171875 0.04296875 0.05078125
0 0.9140625 0.47412109375 0.0263671875 0.0341796875
0 0.67236328125 0.22509765625 0.0166015625 0.0263671875
0 0.44677734375 0.47900390625 0.0224609375 0.025390625
0 0.94580078125 0.7138671875 0.0361328125 0.0439453125
0 0.34814453125 0.48193359375 0.01953125 0.0322265625
0 0.78955078125 0.271484375 0.017578125 0.0234375
0 0.62109375 0.31884765625 0.0205078125 0.0224609375
0 0.89892578125 0.36669921875 0.021484375 0.025390625
0 0.94384765625 0.6953125 0.0322265625 0.0380859375
0 0.60546875 0.23291015625 0.0146484375 0.01953125
0 0.943359375 0.23974609375 0.0126953125 0.0185546875
0 0.90673828125 0.48828125 0.02734375 0.0322265625
0 0.79296875 0.6845703125 0.0341796875 0.0400390625
0 0.39453125 0.634765625 0.0283203125 0.0361328125
0 0.697265625 0.19091796875 0.0107421875 0.013671875
0 0.59326171875 0.3720703125 0.0234375 0.029296875
0 0.62646484375 0.2197265625 0.0146484375 0.0185546875
0 0.341796875 0.5400390625 0.0244140625 0.0302734375
0 0.3583984375 0.6982421875 0.0283203125 0.0400390625
0 0.890625 0.6630859375 0.0361328125 0.0390625
0 0.80126953125 0.46240234375 0.0234375 0.0302734375
0 0.5361328125 0.302734375 0.0146484375 0.0205078125
0 0.5654296875 0.75439453125 0.0283203125 0.0302734375
0 0.7705078125 0.19287109375 0.015625 0.0224609375
0 0.7451171875 0.47705078125 0.0224609375 0.025390625
0 0.86572265625 0.828125 0.033203125 0.044921875
0 0.763671875 0.2509765625 0.0185546875 0.0234375
0 0.873046875 0.7333984375 0.0341796875 0.04296875
0 0.41357421875 0.5029296875 0.0283203125 0.0322265625
0 0.845703125 0.9111328125 0.029296875 0.03125
0 0.892578125 0.619140625 0.033203125 0.0380859375
0 0.6953125 0.64111328125 0.03125 0.037109375
0 0.900390625 0.7685546875 0.037109375 0.048828125
0 0.76171875 0.49462890625 0.0263671875 0.0283203125
0 0.82958984375 0.68310546875 0.033203125 0.0390625
0 0.6005859375 0.26318359375 0.0205078125 0.0244140625
0 0.80419921875 0.65966796875 0.0283203125 0.0302734375
0 0.55126953125 0.2880859375 0.015625 0.0185546875
0 0.9423828125 0.36767578125 0.0205078125 0.0263671875
0 0.796875 0.1943359375 0.009765625 0.013671875
0 0.8955078125 0.42822265625 0.025390625 0.0302734375
0 0.904296875 0.18896484375 0.015625 0.017578125
0 0.65478515625 0.349609375 0.0205078125 0.0234375
0 0.59619140625 0.3037109375 0.017578125 0.0185546875
0 0.7783203125 0.42236328125 0.025390625 0.0283203125
0 0.76513671875 0.52783203125 0.0224609375 0.025390625
0 0.341796875 0.8447265625 0.0283203125 0.046875
0 0.54150390625 0.61767578125 0.0263671875 0.03515625
0 0.91259765625 0.357421875 0.0224609375 0.0263671875
0 0.91943359375 0.70947265625 0.0400390625 0.0419921875
0 0.63232421875 0.30224609375 0.0224609375 0.0234375
0 0.943359375 0.58154296875 0.0322265625 0.0390625
0 0.9873046875 0.50341796875 0.0185546875 0.021484375
0 0.98095703125 0.73388671875 0.0380859375 0.0439453125
0 0.6044921875 0.76220703125 0.0390625 0.044921875
0 0.830078125 0.1728515625 0.015625 0.0185546875
0 0.47998046875 0.43798828125 0.0234375 0.02734375
0 0.7294921875 0.53466796875 0.0263671875 0.033203125
0 0.60546875 0.591796875 0.0283203125 0.03515625
0 0.61328125 0.30029296875 0.0224609375 0.025390625
0 0.951171875 0.53076171875 0.03125 0.0341796875
0 0.61962890625 0.2373046875 0.0185546875 0.021484375
0 0.43310546875 0.794921875 0.0419921875 0.044921875
0 0.90576171875 0.89111328125 0.048828125 0.04296875
0 0.54443359375 0.81787109375 0.04296875 0.0458984375
0 0.5517578125 0.3037109375 0.0185546875 0.0224609375
0 0.5673828125 0.3740234375 0.0244140625 0.029296875
0 0.5205078125 0.57470703125 0.0244140625 0.0322265625
0 0.41162109375 0.6640625 0.03125 0.0361328125
0 0.92431640625 0.42431640625 0.01953125 0.025390625
0 0.39794921875 0.41552734375 0.0234375 0.0283203125
0 0.76904296875 0.54541015625 0.021484375 0.0283203125
0 0.583984375 0.3095703125 0.0224609375 0.0244140625
0 0.6767578125 0.26513671875 0.021484375 0.0234375
0 0.5390625 0.40185546875 0.01953125 0.025390625
0 0.56884765625 0.57763671875 0.0263671875 0.0322265625
0 0.583984375 0.61669921875 0.0302734375 0.0361328125
0 0.45263671875 0.599609375 0.021484375 0.0302734375
0 0.6015625 0.51904296875 0.02734375 0.03125
0 0.6103515625 0.39990234375 0.021484375 0.0244140625
0 0.54443359375 0.28173828125 0.021484375 0.0224609375
0 0.56494140625 0.779296875 0.03515625 0.0390625
0 0.93017578125 0.26123046875 0.0224609375 0.0263671875
0 0.638671875 0.2470703125 0.0205078125 0.0224609375
0 0.599609375 0.64501953125 0.0322265625 0.037109375
0 0.830078125 0.48388671875 0.02734375 0.03125
0 0.85693359375 0.3935546875 0.0224609375 0.029296875
0 0.82763671875 0.50244140625 0.0283203125 0.021484375
0 0.49755859375 0.67041015625 0.0341796875 0.0390625
0 0.7099609375 0.1865234375 0.0166015625 0.0185546875
0 0.78076171875 0.37353515625 0.0244140625 0.0263671875
0 0.412109375 0.5634765625 0.025390625 0.03125
0 0.59326171875 0.458984375 0.025390625 0.029296875
0 0.81298828125 0.19384765625 0.01171875 0.009765625
0 0.35400390625 0.5830078125 0.03515625 0.037109375
0 0.7294921875 0.1748046875 0.0166015625 0.017578125
0 0.8681640625 0.21875 0.0205078125 0.021484375
0 0.498046875 0.314453125 0.0205078125 0.0224609375
0 0.47509765625 0.58984375 0.0341796875 0.03515625
0 0.44873046875 0.63623046875 0.0322265625 0.037109375
0 0.65966796875 0.19482421875 0.015625 0.01953125
0 0.931640625 0.3154296875 0.0224609375 0.0244140625
0 0.5693359375 0.5068359375 0.0224609375 0.021484375
0 0.478515625 0.685546875 0.0380859375 0.0390625
0 0.6201171875 0.7978515625 0.03515625 0.0400390625
0 0.91796875 0.1494140625 0.0146484375 0.01953125
0 0.33837890625 0.50341796875 0.0322265625 0.03515625
0 0.474609375 0.390625 0.0244140625 0.0283203125
0 0.33740234375 0.77490234375 0.037109375 0.04296875
0 0.93212890625 0.791015625 0.0400390625 0.0458984375
0 0.986328125 0.5908203125 0.02734375 0.0390625
0 0.30029296875 0.60498046875 0.0302734375 0.0361328125
0 0.703125 0.7138671875 0.03125 0.03515625
0 0.37158203125 0.42529296875 0.025390625 0.02734375
0 0.5458984375 0.27099609375 0.013671875 0.0146484375
0 0.87255859375 0.146484375 0.017578125 0.01953125
0 0.62890625 0.267578125 0.0146484375 0.015625
0 0.41748046875 0.70068359375 0.0419921875 0.044921875
0 0.39111328125 0.50244140625 0.029296875 0.021484375
0 0.91259765625 0.130859375 0.013671875 0.013671875
0 0.458984375 0.4755859375 0.0283203125 0.0244140625
0 0.53271484375 0.28662109375 0.0146484375 0.0166015625
0 0.50634765625 0.16943359375 0.013671875 0.017578125