0 0.20458984375 0.646484375 0.01611328125 0.01513671875
0 0.21240234375 0.6298828125 0.02392578125 0.02197265625
0 0.248046875 0.6259765625 0.01806640625 0.02197265625
0 0.42724609375 0.6875 0.03271484375 0.0341796875
0 0.59130859375 0.56787109375 0.01904296875 0.02099609375
0 0.3896484375 0.61279296875 0.01806640625 0.025390625
0 0.63134765625 0.56494140625 0.01611328125 0.02099609375
0 0.0732421875 0.658203125 0.02587890625 0.025390625
0 0.39501953125 0.701171875 0.02880859375 0.03466796875
0 0.35009765625 0.619140625 0.025390625 0.0244140625
0 0.59716796875 0.6064453125 0.017578125 0.0263671875
0 0.10302734375 0.65380859375 0.017578125 0.02490234375
0 0.40234375 0.662109375 0.0146484375 0.029296875
0 0.494140625 0.646484375 0.0224609375 0.03125
0 0.30615234375 0.67138671875 0.0263671875 0.02880859375
0 0.328125 0.60888671875 0.01318359375 0.0185546875
0 0.0419921875 0.693359375 0.0244140625 0.0322265625
0 0.57763671875 0.60498046875 0.0107421875 0.02783203125
0 0.47998046875 0.59130859375 0.0224609375 0.02587890625
0 0.85546875 0.544921875 0.0078125 0.021484375
0 0.8828125 0.5439453125 0.0078125 0.021484375
0 0.40625 0.595703125 0.01318359375 0.02587890625
0 0.509765625 0.66943359375 0.03125 0.03515625
0 0.78759765625 0.54931640625 0.0107421875 0.0224609375
0 0.81005859375 0.54833984375 0.0107421875 0.02001953125
0 0.64501953125 0.61572265625 0.01171875 0.02783203125
0 0.5322265625 0.5751953125 0.01416015625 0.0185546875
0 0.61279296875 0.56640625 0.0107421875 0.01904296875
0 0.75927734375 0.55517578125 0.0224609375 0.021484375
0 0.75 0.55322265625 0.00830078125 0.02294921875
0 0.33984375 0.60693359375 0.01416015625 0.01611328125
0 0.8232421875 0.583984375 0.01318359375 0.02685546875
0 0.0615234375 0.6640625 0.00830078125 0.01416015625
0 0.20263671875 0.6298828125 0.0068359375 0.017578125
0 0.3671875 0.6083984375 0.01708984375 0.025390625