0 0.72607421875 0.5732421875 0.02587890625 0.03564453125
0 0.8154296875 0.5595703125 0.03173828125 0.03076171875
0 0.248046875 0.48388671875 0.02392578125 0.046875
0 0.1201171875 0.16162109375 0.02099609375 0.06298828125
0 0.27099609375 0.46240234375 0.02685546875 0.02734375
0 0.77978515625 0.5751953125 0.02685546875 0.03857421875
0 0.38916015625 0.5810546875 0.033203125 0.02685546875
0 0.26611328125 0.52197265625 0.0234375 0.04833984375
0 0.92724609375 0.9619140625 0.01953125 0.04150390625
0 0.20556640625 0.26806640625 0.01806640625 0.0517578125
0 0.16455078125 0.1435546875 0.02978515625 0.05126953125
0 0.7060546875 0.8291015625 0.013671875 0.05029296875
0 0.40185546875 0.62841796875 0.025390625 0.0478515625
0 0.1240234375 0.08984375 0.017578125 0.04931640625
0 0.51708984375 0.61279296875 0.0146484375 0.0576171875