0 0.64599609375 0.4375 0.0390625 0.0888671875
0 0.55029296875 0.28076171875 0.0419921875 0.091796875
0 0.63671875 0.146484375 0.0458984375 0.06640625
0 0.56591796875 0.45068359375 0.0615234375 0.0947265625
0 0.58203125 0.0576171875 0.0205078125 0.07568359375
0 0.80419921875 0.83740234375 0.05078125 0.12158203125
0 0.56005859375 0.0986328125 0.05224609375 0.07275390625
0 0.88818359375 0.4033203125 0.056640625 0.05859375
0 0.6708984375 0.8359375 0.03125 0.1259765625
0 0.93310546875 0.041015625 0.04150390625 0.05908203125
0 0.92529296875 0.64111328125 0.0341796875 0.11083984375
0 0.759765625 0.0419921875 0.04345703125 0.06640625
0 0.9560546875 0.46435546875 0.060546875 0.076171875