0 0.8671875 0.638671875 0.017578125 0.01708984375
0 0.86669921875 0.49462890625 0.01220703125 0.02001953125
0 0.90869140625 0.65234375 0.0146484375 0.01708984375
0 0.94921875 0.52294921875 0.015625 0.02294921875
0 0.98974609375 0.47216796875 0.02001953125 0.0146484375
0 0.8681640625 0.65185546875 0.013671875 0.01806640625
0 0.9814453125 0.74951171875 0.015625 0.0205078125
0 0.86181640625 0.6884765625 0.01171875 0.021484375
0 0.9677734375 0.68310546875 0.01123046875 0.01806640625
0 0.921875 0.56103515625 0.015625 0.0146484375
0 0.91943359375 0.52978515625 0.00927734375 0.01904296875
0 0.90966796875 0.82470703125 0.01318359375 0.02099609375
0 0.830078125 0.7197265625 0.0185546875 0.017578125
0 0.94189453125 0.826171875 0.017578125 0.0205078125
0 0.99609375 0.50537109375 0.00732421875 0.025390625
0 0.763671875 0.92724609375 0.01123046875 0.02880859375
0 0.9794921875 0.6162109375 0.01416015625 0.01806640625
0 0.91162109375 0.8701171875 0.01416015625 0.0205078125
0 0.9052734375 0.6181640625 0.009765625 0.02099609375
0 0.88720703125 0.8212890625 0.01318359375 0.02001953125
0 0.8740234375 0.70263671875 0.013671875 0.021484375
0 0.96728515625 0.521484375 0.0107421875 0.01513671875
0 0.9306640625 0.740234375 0.0146484375 0.0234375
0 0.81982421875 0.8037109375 0.01171875 0.0244140625
0 0.8125 0.720703125 0.0126953125 0.01806640625
0 0.90283203125 0.67822265625 0.0185546875 0.01904296875
0 0.99560546875 0.9404296875 0.00830078125 0.029296875
0 0.8388671875 0.73828125 0.0107421875 0.0234375
0 0.900390625 0.98095703125 0.0146484375 0.02001953125
0 0.88916015625 0.64599609375 0.0107421875 0.01953125
0 0.83447265625 0.658203125 0.0087890625 0.02734375
0 0.796875 0.97900390625 0.0146484375 0.02978515625
0 0.74755859375 0.82763671875 0.00927734375 0.0224609375
0 0.98095703125 0.7001953125 0.01171875 0.01806640625
0 0.78125 0.794921875 0.02001953125 0.01953125
0 0.91796875 0.80615234375 0.0107421875 0.01953125
0 0.763671875 0.96875 0.02099609375 0.0185546875
0 0.8525390625 0.98974609375 0.01806640625 0.02001953125
0 0.86962890625 0.951171875 0.01416015625 0.02490234375
0 0.982421875 0.52001953125 0.0107421875 0.02392578125
0 0.99169921875 0.9384765625 0.01611328125 0.02734375
0 0.7705078125 0.830078125 0.01513671875 0.02099609375
0 0.978515625 0.54638671875 0.0146484375 0.03369140625
0 0.83447265625 0.673828125 0.00830078125 0.021484375
0 0.869140625 0.73486328125 0.0087890625 0.02490234375
0 0.75732421875 0.99462890625 0.02197265625 0.0107421875
0 0.7216796875 0.984375 0.017578125 0.02978515625