0 0.8193359375 0.3037109375 0.04052734375 0.048828125
0 0.80419921875 0.14892578125 0.03759765625 0.044921875
0 0.8896484375 0.302734375 0.029296875 0.05908203125
0 0.462890625 0.38134765625 0.03857421875 0.05810546875
0 0.701171875 0.333984375 0.0166015625 0.060546875
0 0.9794921875 0.330078125 0.037109375 0.0556640625
0 0.5458984375 0.28515625 0.03271484375 0.060546875
0 0.8427734375 0.22412109375 0.0146484375 0.05126953125
0 0.3447265625 0.2734375 0.02392578125 0.05517578125
0 0.23486328125 0.1982421875 0.0166015625 0.046875
0 0.52294921875 0.08837890625 0.0166015625 0.04248046875
0 0.70751953125 0.12060546875 0.0361328125 0.044921875
0 0.3349609375 0.099609375 0.01513671875 0.0341796875
0 0.1669921875 0.19873046875 0.0205078125 0.0556640625
0 0.373046875 0.20703125 0.03515625 0.033203125
0 0.2919921875 0.271484375 0.02197265625 0.04736328125
0 0.1826171875 0.1884765625 0.01611328125 0.0498046875
0 0.4716796875 0.05810546875 0.0224609375 0.03662109375
0 0.63330078125 0.015625 0.0126953125 0.03125
0 0.755859375 0.33447265625 0.02392578125 0.064453125
0 0.7275390625 0.021484375 0.021484375 0.03662109375
0 0.4140625 0.150390625 0.017578125 0.046875
0 0.3212890625 0.1611328125 0.01416015625 0.0380859375
0 0.66748046875 0.0390625 0.01806640625 0.0341796875
0 0.45703125 0.10400390625 0.0166015625 0.04345703125
0 0.453125 0.08154296875 0.01611328125 0.03076171875
0 0.70068359375 0.1025390625 0.02490234375 0.033203125
0 0.84033203125 0.0693359375 0.02587890625 0.04150390625
0 0.7724609375 0.25927734375 0.02490234375 0.06201171875
0 0.2900390625 0.21728515625 0.0234375 0.03564453125
0 0.57763671875 0.05810546875 0.01708984375 0.03271484375
0 0.65869140625 0.0166015625 0.013671875 0.03271484375
0 0.6796875 0.076171875 0.025390625 0.02197265625
0 0.73828125 0.103515625 0.03125 0.02978515625
0 0.359375 0.1591796875 0.03466796875 0.02490234375
0 0.71630859375 0.00927734375 0.0126953125 0.0185546875
0 0.93505859375 0.02197265625 0.0205078125 0.0244140625
0 0.52294921875 0.31982421875 0.02880859375 0.05810546875
0 0.388671875 0.0107421875 0.01318359375 0.021484375
0 0.572265625 0.0068359375 0.0126953125 0.013671875
0 0.90625 0.3330078125 0.03125 0.037109375
0 0.392578125 0.0693359375 0.013671875 0.01904296875
0 0.3486328125 0.29833984375 0.02490234375 0.044921875
0 0.546875 0.26513671875 0.0244140625 0.025390625
0 0.287109375 0.2060546875 0.013671875 0.01806640625
0 0.326171875 0.1796875 0.0146484375 0.0283203125
0 0.53564453125 0.28515625 0.013671875 0.04541015625