0 0.55517578125 0.48974609375 0.0126953125 0.0224609375
0 0.560546875 0.494140625 0.013671875 0.029296875
0 0.521484375 0.6220703125 0.0224609375 0.03125
0 0.4404296875 0.72509765625 0.0234375 0.037109375
0 0.51025390625 0.6435546875 0.0166015625 0.03515625
0 0.72705078125 0.66943359375 0.0146484375 0.03515625
0 0.6015625 0.3359375 0.0087890625 0.017578125
0 0.953125 0.271484375 0.015625 0.0166015625
0 0.50634765625 0.58837890625 0.0166015625 0.029296875
0 0.78515625 0.73681640625 0.013671875 0.0322265625
0 0.69287109375 0.31005859375 0.01171875 0.01953125
0 0.927734375 0.26220703125 0.0126953125 0.0166015625
0 0.8388671875 0.44921875 0.015625 0.0234375
0 0.6630859375 0.39599609375 0.0166015625 0.0234375
0 0.7119140625 0.45654296875 0.0146484375 0.0244140625
0 0.603515625 0.54150390625 0.0166015625 0.03125
0 0.943359375 0.68701171875 0.0205078125 0.0302734375
0 0.953125 0.375 0.0107421875 0.01953125
0 0.84326171875 0.2919921875 0.009765625 0.0166015625
0 0.9443359375 0.26025390625 0.0107421875 0.013671875
0 0.60498046875 0.31103515625 0.0087890625 0.017578125
0 0.86572265625 0.2724609375 0.013671875 0.017578125
0 0.62548828125 0.2958984375 0.0107421875 0.017578125
0 0.86376953125 0.7900390625 0.03125 0.0361328125
0 0.58349609375 0.99365234375 0.0361328125 0.0126953125
0 0.806640625 0.63818359375 0.0234375 0.0302734375
0 0.77392578125 0.263671875 0.01171875 0.0166015625
0 0.65234375 0.2861328125 0.01171875 0.0185546875
0 0.81982421875 0.5810546875 0.0224609375 0.0283203125
0 0.966796875 0.7236328125 0.0126953125 0.0302734375
0 0.80224609375 0.2548828125 0.0126953125 0.0166015625
0 0.62255859375 0.9658203125 0.0244140625 0.0419921875
0 0.6787109375 0.29052734375 0.009765625 0.0185546875
0 0.783203125 0.6494140625 0.0166015625 0.03125
0 0.7197265625 0.38134765625 0.0126953125 0.021484375
0 0.94189453125 0.279296875 0.0126953125 0.0166015625
0 0.453125 0.5810546875 0.0224609375 0.037109375
0 0.7607421875 0.29833984375 0.0107421875 0.0185546875
0 0.92041015625 0.6396484375 0.02734375 0.033203125
0 0.52099609375 0.46240234375 0.0224609375 0.0302734375
0 0.658203125 0.38232421875 0.0087890625 0.0107421875
0 0.42333984375 0.76904296875 0.0322265625 0.0458984375
0 0.31982421875 0.96044921875 0.02734375 0.037109375