0 0.193359375 0.3193359375 0.02099609375 0.02099609375
0 0.3994140625 0.5615234375 0.01611328125 0.02978515625
0 0.517578125 0.6923828125 0.013671875 0.01513671875
0 0.47265625 0.57275390625 0.0126953125 0.01708984375
0 0.509765625 0.580078125 0.01611328125 0.02099609375
0 0.619140625 0.38427734375 0.015625 0.015625
0 0.107421875 0.8037109375 0.01806640625 0.015625
0 0.3076171875 0.41943359375 0.0166015625 0.02734375
0 0.513671875 0.69091796875 0.00634765625 0.01171875
0 0.279296875 0.70263671875 0.01953125 0.02392578125
0 0.150390625 0.01416015625 0.0166015625 0.01904296875