0 0.828125 0.57861328125 0.0087890625 0.02587890625
0 0.52734375 0.7275390625 0.009765625 0.0244140625
0 0.5615234375 0.57666015625 0.01025390625 0.02197265625
0 0.53515625 0.708984375 0.00927734375 0.02783203125
0 0.5302734375 0.765625 0.01025390625 0.02587890625
0 0.6064453125 0.7177734375 0.01171875 0.02099609375
0 0.52001953125 0.5263671875 0.01123046875 0.02392578125
0 0.419921875 0.9599609375 0.0087890625 0.0283203125
0 0.62744140625 0.5068359375 0.01708984375 0.017578125
0 0.458984375 0.65185546875 0.00927734375 0.01904296875
0 0.4091796875 0.732421875 0.015625 0.0185546875
0 0.41796875 0.68798828125 0.0146484375 0.02099609375
0 0.59521484375 0.5205078125 0.013671875 0.02880859375
0 0.703125 0.47509765625 0.01416015625 0.0224609375
0 0.427734375 0.91064453125 0.0146484375 0.01904296875
0 0.92041015625 0.724609375 0.0087890625 0.02392578125
0 0.6533203125 0.470703125 0.01416015625 0.01806640625
0 0.8095703125 0.58056640625 0.0146484375 0.02197265625
0 0.5341796875 0.65869140625 0.01708984375 0.01806640625
0 0.58056640625 0.64599609375 0.00732421875 0.02294921875
0 0.7255859375 0.44140625 0.0146484375 0.02099609375
0 0.537109375 0.5849609375 0.01806640625 0.01904296875
0 0.86083984375 0.68505859375 0.01611328125 0.01806640625
0 0.83642578125 0.5 0.01318359375 0.029296875
0 0.91796875 0.38916015625 0.009765625 0.0166015625
0 0.9287109375 0.39892578125 0.01513671875 0.0244140625
0 0.76123046875 0.685546875 0.0166015625 0.0166015625
0 0.8369140625 0.6953125 0.01611328125 0.01708984375