0 0.58935546875 0.84716796875 0.072265625 0.08203125
0 0.880859375 0.31201171875 0.02734375 0.052734375
0 0.08447265625 0.603515625 0.056640625 0.0654296875
0 0.794921875 0.50830078125 0.0625 0.046875
0 0.1728515625 0.314453125 0.041015625 0.060546875
0 0.90234375 0.658203125 0.02734375 0.095703125
0 0.32373046875 0.271484375 0.044921875 0.0400390625
0 0.599609375 0.25634765625 0.025390625 0.0576171875
0 0.83056640625 0.41796875 0.052734375 0.041015625
0 0.52685546875 0.68798828125 0.0419921875 0.083984375
0 0.087890625 0.44775390625 0.0283203125 0.072265625
0 0.82958984375 0.673828125 0.029296875 0.0859375
0 0.7041015625 0.2587890625 0.0244140625 0.046875
0 0.3310546875 0.30712890625 0.044921875 0.0546875
0 0.6943359375 0.2958984375 0.021484375 0.05859375
0 0.2451171875 0.6943359375 0.02734375 0.087890625
0 0.92236328125 0.54345703125 0.0380859375 0.068359375
0 0.88623046875 0.43896484375 0.021484375 0.07421875
0 0.8037109375 0.24072265625 0.0244140625 0.037109375
0 0.46728515625 0.0908203125 0.017578125 0.0546875
0 0.7490234375 0.38525390625 0.025390625 0.060546875
0 0.35205078125 0.07177734375 0.025390625 0.05078125
0 0.4482421875 0.04638671875 0.015625 0.0556640625
0 0.67431640625 0.0703125 0.015625 0.025390625
0 0.4931640625 0.62451171875 0.0234375 0.0947265625
0 0.8525390625 0.0224609375 0.0390625 0.041015625
0 0.6484375 0.09130859375 0.021484375 0.03125
0 0.27294921875 0.0498046875 0.01953125 0.048828125
0 0.33203125 0.251953125 0.04296875 0.046875
0 0.3798828125 0.2099609375 0.0361328125 0.0322265625
0 0.42578125 0.09423828125 0.025390625 0.05859375
0 0.408203125 0.1484375 0.02734375 0.05078125
0 0.533203125 0.19140625 0.0263671875 0.05078125
0 0.4990234375 0.06396484375 0.02734375 0.0537109375
0 0.6865234375 0.20703125 0.037109375 0.044921875
0 0.1591796875 0.177734375 0.037109375 0.0546875
0 0.5390625 0.04443359375 0.029296875 0.03515625
0 0.8251953125 0.13720703125 0.0205078125 0.0537109375
0 0.17431640625 0.5205078125 0.0234375 0.08984375
0 0.2900390625 0.24560546875 0.041015625 0.0458984375
0 0.2109375 0.01318359375 0.033203125 0.025390625
0 0.033203125 0.630859375 0.041015625 0.091796875
0 0.3330078125 0.10498046875 0.03125 0.05078125
0 0.5625 0.09521484375 0.0283203125 0.029296875
0 0.734375 0.41650390625 0.033203125 0.048828125
0 0.87548828125 0.4736328125 0.0283203125 0.0390625
0 0.47412109375 0.013671875 0.017578125 0.02734375
0 0.14892578125 0.681640625 0.05078125 0.099609375
0 0.15576171875 0.0107421875 0.03125 0.021484375
0 0.05908203125 0.0771484375 0.0302734375 0.0380859375
0 0.07958984375 0.64599609375 0.0478515625 0.056640625
0 0.50927734375 0.611328125 0.02734375 0.08984375