0 0.14599609375 0.6943359375 0.0126953125 0.029296875
0 0.17236328125 0.732421875 0.015625 0.0302734375
0 0.2734375 0.64208984375 0.0146484375 0.03125
0 0.267578125 0.6943359375 0.0146484375 0.02734375
0 0.2880859375 0.31103515625 0.021484375 0.021484375
0 0.6982421875 0.86181640625 0.017578125 0.0283203125
0 0.0634765625 0.55029296875 0.015625 0.029296875
0 0.14404296875 0.40673828125 0.0146484375 0.02734375
0 0.423828125 0.61669921875 0.0146484375 0.025390625
0 0.0068359375 0.7724609375 0.013671875 0.041015625
0 0.43115234375 0.7060546875 0.01171875 0.0244140625
0 0.572265625 0.47509765625 0.0185546875 0.0234375
0 0.62744140625 0.744140625 0.017578125 0.0283203125
0 0.537109375 0.4130859375 0.017578125 0.0302734375
0 0.21630859375 0.625 0.013671875 0.025390625
0 0.6552734375 0.6025390625 0.01953125 0.0283203125
0 0.1611328125 0.76220703125 0.0185546875 0.0244140625
0 0.26513671875 0.78955078125 0.013671875 0.0263671875
0 0.0869140625 0.27294921875 0.0185546875 0.0244140625
0 0.48388671875 0.3642578125 0.0205078125 0.0244140625
0 0.7666015625 0.76513671875 0.0224609375 0.029296875
0 0.03955078125 0.580078125 0.013671875 0.0263671875
0 0.3642578125 0.6123046875 0.013671875 0.0244140625
0 0.6708984375 0.4033203125 0.01953125 0.0322265625
0 0.09228515625 0.32470703125 0.017578125 0.0185546875
0 0.572265625 0.44970703125 0.013671875 0.0263671875
0 0.46630859375 0.7685546875 0.013671875 0.0283203125
0 0.44140625 0.3564453125 0.0146484375 0.025390625
0 0.6787109375 0.6533203125 0.0126953125 0.0234375
0 0.78857421875 0.798828125 0.0146484375 0.0322265625
0 0.17236328125 0.8095703125 0.01953125 0.0234375
0 0.6455078125 0.40576171875 0.0166015625 0.03515625
0 0.779296875 0.599609375 0.0146484375 0.0263671875
0 0.61572265625 0.47265625 0.0166015625 0.033203125
0 0.5703125 0.6689453125 0.0205078125 0.0322265625
0 0.248046875 0.51708984375 0.0205078125 0.0224609375
0 0.46728515625 0.53662109375 0.015625 0.03125
0 0.62890625 0.55615234375 0.015625 0.02734375
0 0.7802734375 0.53662109375 0.015625 0.0322265625
0 0.3671875 0.93115234375 0.0146484375 0.029296875
0 0.37548828125 0.5986328125 0.0224609375 0.0244140625
0 0.55126953125 0.3544921875 0.01953125 0.033203125
0 0.41943359375 0.8779296875 0.0146484375 0.03125
0 0.51171875 0.365234375 0.0205078125 0.02734375
0 0.4921875 0.791015625 0.017578125 0.033203125
0 0.53466796875 0.361328125 0.017578125 0.0341796875
0 0.44189453125 0.431640625 0.0166015625 0.03515625
0 0.54541015625 0.634765625 0.0166015625 0.0322265625
0 0.16455078125 0.69580078125 0.015625 0.03515625
0 0.1416015625 0.341796875 0.0185546875 0.033203125
0 0.36181640625 0.46435546875 0.015625 0.02734375
0 0.388671875 0.4130859375 0.013671875 0.025390625
0 0.3271484375 0.39111328125 0.0146484375 0.033203125
0 0.13671875 0.73095703125 0.0146484375 0.0380859375
0 0.28076171875 0.54052734375 0.013671875 0.033203125
0 0.21826171875 0.4560546875 0.0166015625 0.03125
0 0.17333984375 0.51171875 0.015625 0.029296875
0 0.60498046875 0.5888671875 0.013671875 0.0283203125
0 0.3095703125 0.6123046875 0.0146484375 0.033203125
0 0.35888671875 0.67529296875 0.0166015625 0.029296875
0 0.47216796875 0.42041015625 0.015625 0.0302734375
0 0.7666015625 0.3935546875 0.021484375 0.0283203125
0 0.0712890625 0.400390625 0.01171875 0.025390625
0 0.29345703125 0.76318359375 0.0185546875 0.0322265625
0 0.06591796875 0.783203125 0.017578125 0.033203125
0 0.28515625 0.66162109375 0.017578125 0.029296875
0 0.3388671875 0.43212890625 0.013671875 0.0283203125
0 0.27490234375 0.76025390625 0.0166015625 0.0341796875
0 0.29052734375 0.37646484375 0.0146484375 0.0302734375
0 0.421875 0.66943359375 0.015625 0.0302734375
0 0.220703125 0.7763671875 0.015625 0.03125
0 0.36962890625 0.72119140625 0.0166015625 0.037109375
0 0.1591796875 0.548828125 0.013671875 0.0283203125
0 0.35546875 0.9619140625 0.0166015625 0.03125
0 0.310546875 0.48095703125 0.0126953125 0.03125
0 0.28759765625 0.43701171875 0.017578125 0.033203125
0 0.3056640625 0.44384765625 0.0146484375 0.03125
0 0.2607421875 0.58935546875 0.0146484375 0.0322265625
0 0.1962890625 0.52490234375 0.015625 0.0283203125
0 0.310546875 0.63916015625 0.0146484375 0.0302734375
0 0.46875 0.908203125 0.0166015625 0.0361328125
0 0.3203125 0.8251953125 0.015625 0.0302734375
0 0.005859375 0.6513671875 0.01171875 0.033203125
0 0.21630859375 0.69189453125 0.0146484375 0.03515625
0 0.16015625 0.8046875 0.0166015625 0.029296875
0 0.25048828125 0.43603515625 0.0126953125 0.029296875
0 0.31494140625 0.78271484375 0.017578125 0.03515625
0 0.146484375 0.798828125 0.0185546875 0.0302734375
0 0.17236328125 0.37646484375 0.0146484375 0.0341796875
0 0.5927734375 0.6884765625 0.017578125 0.037109375
0 0.37158203125 0.87939453125 0.0146484375 0.0322265625
0 0.42578125 0.48486328125 0.013671875 0.0322265625
0 0.6318359375 0.62451171875 0.015625 0.037109375
0 0.18408203125 0.81591796875 0.017578125 0.037109375
0 0.455078125 0.46875 0.0146484375 0.0302734375
0 0.1455078125 0.59228515625 0.0166015625 0.0361328125
0 0.22705078125 0.8056640625 0.0205078125 0.0400390625
0 0.0185546875 0.7412109375 0.0166015625 0.0361328125
0 0.4375 0.58642578125 0.015625 0.0322265625
0 0.19921875 0.4169921875 0.015625 0.0302734375
0 0.046875 0.544921875 0.017578125 0.03125
0 0.39794921875 0.81396484375 0.015625 0.0400390625
0 0.41552734375 0.63818359375 0.0166015625 0.03125
0 0.23388671875 0.3955078125 0.017578125 0.03125
0 0.21142578125 0.74072265625 0.0146484375 0.03515625
0 0.51220703125 0.6572265625 0.013671875 0.029296875
0 0.40966796875 0.52197265625 0.0126953125 0.03125
0 0.14892578125 0.49365234375 0.0166015625 0.033203125
0 0.07470703125 0.36767578125 0.013671875 0.0263671875
0 0.0888671875 0.61181640625 0.0166015625 0.0341796875
0 0.10546875 0.376953125 0.017578125 0.0283203125
0 0.1630859375 0.39404296875 0.0126953125 0.0341796875
0 0.06298828125 0.4384765625 0.015625 0.0302734375
0 0.27587890625 0.7099609375 0.0126953125 0.02734375
0 0.21337890625 0.44580078125 0.0166015625 0.0283203125
0 0.06201171875 0.50537109375 0.013671875 0.0322265625
0 0.1640625 0.44287109375 0.0166015625 0.0244140625
0 0.0517578125 0.5869140625 0.015625 0.0302734375
0 0.13916015625 0.48291015625 0.015625 0.0283203125
0 0.087890625 0.498046875 0.017578125 0.03125
0 0.02294921875 0.34619140625 0.0107421875 0.029296875
0 0.06640625 0.35009765625 0.0146484375 0.0361328125
0 0.46923828125 0.80615234375 0.0166015625 0.033203125
0 0.1806640625 0.46533203125 0.0146484375 0.0302734375
0 0.1337890625 0.587890625 0.015625 0.0302734375
0 0.03857421875 0.80615234375 0.0185546875 0.03125
0 0.0048828125 0.61865234375 0.009765625 0.0341796875
0 0.06298828125 0.83349609375 0.015625 0.03125
0 0.20166015625 0.3759765625 0.017578125 0.0322265625
0 0.1083984375 0.400390625 0.0146484375 0.03125
0 0.25439453125 0.68994140625 0.015625 0.0302734375
0 0.79052734375 0.94970703125 0.02734375 0.03125
0 0.2744140625 0.39892578125 0.0166015625 0.02734375
0 0.2060546875 0.55615234375 0.015625 0.0322265625
0 0.1376953125 0.63525390625 0.0146484375 0.0283203125
0 0.0068359375 0.830078125 0.013671875 0.0390625
0 0.02001953125 0.486328125 0.0146484375 0.0322265625
0 0.0537109375 0.50830078125 0.0185546875 0.03515625
0 0.0078125 0.52685546875 0.015625 0.0322265625
0 0.01123046875 0.47265625 0.015625 0.0341796875
0 0.03857421875 0.52783203125 0.0146484375 0.0322265625
0 0.11767578125 0.54345703125 0.021484375 0.0380859375
0 0.78369140625 0.927734375 0.0224609375 0.0263671875
0 0.0078125 0.57958984375 0.015625 0.029296875
0 0.18212890625 0.72119140625 0.0205078125 0.03515625
0 0.18408203125 0.697265625 0.0205078125 0.033203125
0 0.10546875 0.18896484375 0.01171875 0.013671875