0 0.08837890625 0.4072265625 0.0419921875 0.072265625
0 0.203125 0.29150390625 0.0419921875 0.0517578125
0 0.1103515625 0.30859375 0.0341796875 0.0556640625
0 0.30517578125 0.27294921875 0.044921875 0.0478515625
0 0.2412109375 0.44921875 0.0439453125 0.0732421875
0 0.16845703125 0.29541015625 0.03515625 0.0576171875
0 0.13671875 0.28369140625 0.0302734375 0.05078125
0 0.93603515625 0.19873046875 0.0517578125 0.05859375
0 0.79443359375 0.2314453125 0.0625 0.0595703125
0 0.13916015625 0.38232421875 0.056640625 0.0595703125
0 0.7646484375 0.06201171875 0.048828125 0.048828125
0 0.759765625 0.4140625 0.0673828125 0.06640625
0 0.06787109375 0.48046875 0.0615234375 0.076171875
0 0.53076171875 0.24658203125 0.0576171875 0.0673828125
0 0.26513671875 0.7353515625 0.05078125 0.07421875
0 0.603515625 0.068359375 0.0400390625 0.0546875
0 0.93017578125 0.1240234375 0.0390625 0.0537109375
0 0.63720703125 0.07568359375 0.046875 0.052734375
0 0.68310546875 0.025390625 0.0380859375 0.0478515625
0 0.9521484375 0.6962890625 0.083984375 0.0947265625
0 0.48681640625 0.1728515625 0.041015625 0.046875
0 0.10498046875 0.97998046875 0.0478515625 0.0400390625
0 0.28125 0.66259765625 0.068359375 0.07421875
0 0.966796875 0.5009765625 0.06640625 0.08203125
0 0.69970703125 0.12255859375 0.041015625 0.0595703125
0 0.89453125 0.25732421875 0.060546875 0.0771484375
0 0.7998046875 0.49658203125 0.0693359375 0.0986328125
0 0.15380859375 0.91650390625 0.076171875 0.0859375
0 0.6611328125 0.40283203125 0.0517578125 0.060546875
0 0.04443359375 0.56884765625 0.0439453125 0.0751953125
0 0.46044921875 0.89599609375 0.083984375 0.1318359375
0 0.69873046875 0.2041015625 0.05078125 0.0537109375
0 0.181640625 0.71875 0.05078125 0.107421875
0 0.6318359375 0.48876953125 0.05078125 0.0849609375
0 0.353515625 0.32421875 0.0537109375 0.0615234375
0 0.67578125 0.64404296875 0.0576171875 0.0771484375
0 0.85888671875 0.7373046875 0.0498046875 0.103515625
0 0.59033203125 0.58154296875 0.0595703125 0.09375
0 0.7138671875 0.8427734375 0.0732421875 0.12109375
0 0.66943359375 0.4423828125 0.0478515625 0.0791015625
0 0.68212890625 0.892578125 0.0859375 0.13671875
0 0.85791015625 0.0361328125 0.044921875 0.060546875
0 0.5849609375 0.02490234375 0.03125 0.0498046875
0 0.73583984375 0.43798828125 0.04296875 0.078125
0 0.77978515625 0.9169921875 0.07421875 0.0927734375
0 0.8564453125 0.6259765625 0.044921875 0.107421875
0 0.53125 0.431640625 0.0576171875 0.0732421875
0 0.8134765625 0.30419921875 0.0361328125 0.06640625
0 0.73681640625 0.27490234375 0.044921875 0.076171875
0 0.99169921875 0.8017578125 0.0166015625 0.095703125
0 0.7607421875 0.267578125 0.04296875 0.0693359375
0 0.71435546875 0.00390625 0.0224609375 0.0078125
0 0.71044921875 0.27197265625 0.033203125 0.0673828125
0 0.6025390625 0.0068359375 0.044921875 0.013671875
0 0.80908203125 0.1435546875 0.0498046875 0.0390625
0 0.95556640625 0.265625 0.0322265625 0.0576171875
0 0.97802734375 0.47314453125 0.0439453125 0.0849609375
0 0.59033203125 0.1298828125 0.0234375 0.025390625