0 0.8798828125 0.77734375 0.0537109375 0.052734375
0 0.32275390625 0.98291015625 0.0595703125 0.0341796875
0 0.2978515625 0.9619140625 0.048828125 0.0458984375
0 0.986328125 0.71240234375 0.02734375 0.0576171875
0 0.2275390625 0.92431640625 0.044921875 0.0439453125
0 0.1630859375 0.80859375 0.0244140625 0.03125
0 0.546875 0.93798828125 0.05859375 0.05859375
0 0.9404296875 0.7021484375 0.052734375 0.05078125
0 0.63818359375 0.7333984375 0.03515625 0.0322265625
0 0.16162109375 0.75732421875 0.0234375 0.0283203125
0 0.3544921875 0.732421875 0.033203125 0.03125
0 0.60400390625 0.8408203125 0.0400390625 0.0458984375
0 0.86767578125 0.72900390625 0.0546875 0.05078125
0 0.828125 0.705078125 0.0380859375 0.0439453125
0 0.451171875 0.82373046875 0.04296875 0.04296875
0 0.1328125 0.99462890625 0.046875 0.0107421875
0 0.75390625 0.8232421875 0.0439453125 0.0458984375
0 0.0849609375 0.806640625 0.03125 0.0322265625
0 0.40234375 0.7548828125 0.0244140625 0.03125
0 0.736328125 0.72607421875 0.037109375 0.0400390625
0 0.8193359375 0.81884765625 0.0478515625 0.048828125
0 0.759765625 0.68017578125 0.0458984375 0.04296875
0 0.42724609375 0.81201171875 0.0390625 0.041015625
0 0.80029296875 0.869140625 0.06640625 0.0625
0 0.95849609375 0.771484375 0.06640625 0.060546875
0 0.17333984375 0.716796875 0.0263671875 0.0263671875
0 0.65087890625 0.74609375 0.0224609375 0.033203125
0 0.7861328125 0.8349609375 0.056640625 0.05078125
0 0.1826171875 0.81005859375 0.0263671875 0.029296875
0 0.884765625 0.86279296875 0.07421875 0.0654296875
0 0.11767578125 0.802734375 0.02734375 0.0283203125
0 0.23291015625 0.7236328125 0.0263671875 0.0263671875
0 0.11865234375 0.89599609375 0.0322265625 0.0390625
0 0.84765625 0.84619140625 0.056640625 0.048828125
0 0.0947265625 0.74755859375 0.021484375 0.0244140625
0 0.388671875 0.92529296875 0.03515625 0.044921875
0 0.078125 0.84326171875 0.021484375 0.0302734375
0 0.58251953125 0.96484375 0.0595703125 0.060546875
0 0.17724609375 0.7607421875 0.01953125 0.02734375
0 0.92431640625 0.68896484375 0.03515625 0.041015625
0 0.39990234375 0.8271484375 0.046875 0.04296875
0 0.11865234375 0.92431640625 0.041015625 0.0439453125
0 0.26025390625 0.732421875 0.0224609375 0.0263671875
0 0.36767578125 0.78076171875 0.03515625 0.037109375
0 0.603515625 0.6767578125 0.0341796875 0.0341796875
0 0.2265625 0.734375 0.0166015625 0.015625
0 0.18896484375 0.861328125 0.0322265625 0.0390625
0 0.50732421875 0.96337890625 0.0419921875 0.041015625
0 0.15478515625 0.74560546875 0.0283203125 0.0283203125
0 0.08203125 0.7666015625 0.02734375 0.029296875
0 0.2080078125 0.72412109375 0.013671875 0.0107421875
0 0.2109375 0.76220703125 0.0244140625 0.0205078125
0 0.78271484375 0.8984375 0.0546875 0.0546875
0 0.685546875 0.67822265625 0.0224609375 0.0322265625
0 0.35107421875 0.9951171875 0.0478515625 0.009765625
0 0.4189453125 0.73583984375 0.0283203125 0.03515625
0 0.0693359375 0.7431640625 0.0244140625 0.025390625
0 0.1318359375 0.76708984375 0.0205078125 0.0166015625
0 0.90966796875 0.8935546875 0.0341796875 0.04296875
0 0.23828125 0.744140625 0.0283203125 0.029296875
0 0.55419921875 0.75830078125 0.03515625 0.041015625
0 0.11767578125 0.66943359375 0.017578125 0.01953125
0 0.85107421875 0.740234375 0.0146484375 0.025390625