0 0.77490234375 0.81787109375 0.11181640625 0.13671875
0 0.4130859375 0.4296875 0.0673828125 0.07421875
0 0.16064453125 0.76123046875 0.04736328125 0.0673828125
0 0.66845703125 0.802734375 0.0830078125 0.10107421875
0 0.3037109375 0.4560546875 0.05517578125 0.06884765625
0 0.548828125 0.52783203125 0.056640625 0.0888671875
0 0.25390625 0.146484375 0.0341796875 0.03955078125
0 0.52490234375 0.61328125 0.0498046875 0.04296875
0 0.6328125 0.740234375 0.07080078125 0.06982421875
0 0.634765625 0.2060546875 0.04345703125 0.04736328125
0 0.2783203125 0.39501953125 0.04541015625 0.072265625
0 0.09765625 0.40576171875 0.0546875 0.060546875
0 0.0634765625 0.77880859375 0.08203125 0.10302734375
0 0.20751953125 0.2578125 0.03173828125 0.0517578125
0 0.63623046875 0.28173828125 0.04052734375 0.0283203125
0 0.1162109375 0.21240234375 0.03369140625 0.0439453125
0 0.50390625 0.87744140625 0.10302734375 0.119140625
0 0.5400390625 0.310546875 0.03564453125 0.02294921875
0 0.14501953125 0.083984375 0.03271484375 0.03857421875
0 0.0771484375 0.681640625 0.046875 0.0771484375
0 0.8173828125 0.42919921875 0.1015625 0.103515625
0 0.4755859375 0.2646484375 0.0458984375 0.05322265625
0 0.326171875 0.38623046875 0.05078125 0.080078125
0 0.77294921875 0.2841796875 0.05029296875 0.05712890625
0 0.2392578125 0.3759765625 0.0439453125 0.05908203125
0 0.40673828125 0.275390625 0.041015625 0.04931640625
0 0.9482421875 0.25 0.048828125 0.0439453125
0 0.7490234375 0.25146484375 0.052734375 0.0390625
0 0.791015625 0.43798828125 0.0390625 0.07275390625
0 0.2919921875 0.19921875 0.04052734375 0.046875
0 0.8427734375 0.2861328125 0.056640625 0.05224609375
0 0.66552734375 0.37060546875 0.04833984375 0.0576171875
0 0.4697265625 0.32666015625 0.03662109375 0.0224609375
0 0.3955078125 0.23095703125 0.03955078125 0.05029296875
0 0.7724609375 0.638671875 0.052734375 0.068359375
0 0.06640625 0.15087890625 0.03857421875 0.044921875
0 0.67822265625 0.158203125 0.0439453125 0.04296875
0 0.9248046875 0.1435546875 0.03662109375 0.04052734375
0 0.14990234375 0.1630859375 0.02978515625 0.02978515625
0 0.068359375 0.107421875 0.0244140625 0.03759765625
0 0.57373046875 0.09033203125 0.03125 0.037109375
0 0.3564453125 0.20751953125 0.025390625 0.0380859375
0 0.4462890625 0.30322265625 0.03955078125 0.05078125
0 0.5087890625 0.22607421875 0.029296875 0.04638671875
0 0.9130859375 0.095703125 0.03076171875 0.0302734375
0 0.68603515625 0.31982421875 0.03759765625 0.0654296875
0 0.42822265625 0.14794921875 0.0380859375 0.04736328125
0 0.16015625 0.25439453125 0.0341796875 0.04931640625
0 0.7236328125 0.2783203125 0.03515625 0.04248046875
0 0.86279296875 0.208984375 0.0439453125 0.04443359375
0 0.86181640625 0.1494140625 0.03466796875 0.04638671875
0 0.35791015625 0.0478515625 0.029296875 0.03564453125
0 0.19873046875 0.02880859375 0.06298828125 0.05517578125
0 0.3203125 0.23046875 0.03125 0.0341796875
0 0.392578125 0.119140625 0.01611328125 0.03759765625
0 0.244140625 0.22314453125 0.04052734375 0.0400390625
0 0.2490234375 0.1123046875 0.0302734375 0.0234375
0 0.74951171875 0.09033203125 0.029296875 0.021484375
0 0.5380859375 0.1865234375 0.04248046875 0.04541015625
0 0.5458984375 0.15576171875 0.0341796875 0.037109375
0 0.70263671875 0.13623046875 0.0390625 0.03759765625
0 0.38623046875 0.08251953125 0.02685546875 0.0341796875
0 0.287109375 0.06298828125 0.02197265625 0.037109375
0 0.4423828125 0.0966796875 0.01318359375 0.0439453125
0 0.5693359375 0.197265625 0.0380859375 0.02392578125
0 0.845703125 0.1923828125 0.04541015625 0.04345703125
0 0.6123046875 0.109375 0.02294921875 0.03369140625
0 0.54736328125 0.029296875 0.03271484375 0.0400390625
0 0.7080078125 0.08740234375 0.029296875 0.01953125
0 0.69921875 0.0380859375 0.03173828125 0.033203125
0 0.6435546875 0.072265625 0.0263671875 0.03759765625
0 0.73486328125 0.0146484375 0.029296875 0.0283203125
0 0.296875 0.1611328125 0.02001953125 0.04296875
0 0.82080078125 0.2314453125 0.037109375 0.05615234375
0 0.4130859375 0.06005859375 0.03515625 0.03662109375
0 0.31591796875 0.05419921875 0.021484375 0.0390625
0 0.80712890625 0.1142578125 0.041015625 0.03466796875
0 0.63916015625 0.13671875 0.02197265625 0.02197265625
0 0.18359375 0.017578125 0.02880859375 0.03369140625
0 0.232421875 0.255859375 0.03369140625 0.04736328125
0 0.7265625 0.04443359375 0.0185546875 0.02880859375
0 0.4462890625 0.8671875 0.07958984375 0.0810546875
0 0.6787109375 0.10791015625 0.03076171875 0.02099609375
0 0.96240234375 0.1357421875 0.02978515625 0.0146484375
0 0.6884765625 0.0146484375 0.0224609375 0.02734375
0 0.5166015625 0.09375 0.03271484375 0.03955078125
0 0.51611328125 0.04541015625 0.02734375 0.02783203125
0 0.791015625 0.26171875 0.03173828125 0.0341796875
0 0.298828125 0.0576171875 0.0224609375 0.0361328125
0 0.5634765625 0.140625 0.04248046875 0.04345703125
0 0.64794921875 0.046875 0.03955078125 0.033203125
0 0.3818359375 0.0400390625 0.03271484375 0.03125
0 0.40234375 0.15283203125 0.02783203125 0.021484375
0 0.5205078125 0.07373046875 0.0419921875 0.03369140625
0 0.361328125 0.021484375 0.02099609375 0.02490234375
0 0.50634765625 0.0234375 0.03271484375 0.0390625
0 0.373046875 0.0107421875 0.0283203125 0.021484375
0 0.005859375 0.25048828125 0.01123046875 0.0556640625
0 0.056640625 0.00927734375 0.09521484375 0.017578125
0 0.52294921875 0.02783203125 0.02783203125 0.0361328125
0 0.01220703125 0.00732421875 0.02294921875 0.01416015625
0 0.4970703125 0.0126953125 0.01513671875 0.02294921875
0 0.17236328125 0.0205078125 0.01416015625 0.0185546875
0 0.4013671875 0.05517578125 0.0126953125 0.029296875
0 0.142578125 0.26953125 0.02392578125 0.0244140625