0 0.68798828125 0.71923828125 0.0205078125 0.025390625
0 0.603515625 0.60986328125 0.0185546875 0.0185546875
0 0.5576171875 0.533203125 0.0185546875 0.0205078125
0 0.35693359375 0.6435546875 0.017578125 0.021484375
0 0.576171875 0.36328125 0.015625 0.0185546875
0 0.80126953125 0.6767578125 0.0234375 0.0263671875
0 0.7568359375 0.681640625 0.025390625 0.025390625
0 0.5087890625 0.830078125 0.0234375 0.029296875
0 0.51318359375 0.681640625 0.0185546875 0.0205078125
0 0.45263671875 0.90380859375 0.025390625 0.0263671875
0 0.404296875 0.9736328125 0.021484375 0.0244140625
0 0.6708984375 0.8330078125 0.025390625 0.02734375
0 0.7021484375 0.47607421875 0.01953125 0.0244140625
0 0.74853515625 0.59814453125 0.015625 0.0263671875
0 0.66259765625 0.78125 0.0244140625 0.02734375
0 0.27001953125 0.896484375 0.0302734375 0.033203125
0 0.59765625 0.85693359375 0.0234375 0.0263671875
0 0.60693359375 0.68994140625 0.021484375 0.0234375
0 0.6123046875 0.6533203125 0.017578125 0.021484375
0 0.29736328125 0.8232421875 0.0224609375 0.0244140625
0 0.3134765625 0.57861328125 0.017578125 0.0234375
0 0.361328125 0.76806640625 0.0224609375 0.0244140625
0 0.2080078125 0.7412109375 0.0205078125 0.0224609375
0 0.30419921875 0.5126953125 0.01953125 0.021484375
0 0.4716796875 0.72314453125 0.0205078125 0.0244140625
0 0.53271484375 0.45556640625 0.017578125 0.025390625
0 0.60546875 0.361328125 0.017578125 0.021484375
0 0.36767578125 0.98974609375 0.0224609375 0.0205078125
0 0.3525390625 0.73876953125 0.021484375 0.021484375
0 0.6875 0.748046875 0.0205078125 0.021484375
0 0.18359375 0.873046875 0.01953125 0.0244140625
0 0.70458984375 0.8984375 0.0234375 0.0224609375
0 0.626953125 0.78662109375 0.0244140625 0.03125
0 0.57275390625 0.75634765625 0.01953125 0.0224609375
0 0.31298828125 0.7822265625 0.0224609375 0.0234375
0 0.4990234375 0.93212890625 0.025390625 0.0283203125
0 0.5419921875 0.83154296875 0.01953125 0.01953125
0 0.45068359375 0.59326171875 0.01953125 0.0244140625
0 0.248046875 0.84716796875 0.021484375 0.02734375
0 0.18310546875 0.81982421875 0.0185546875 0.025390625
0 0.68505859375 0.61474609375 0.0146484375 0.0205078125
0 0.35302734375 0.48291015625 0.0185546875 0.0205078125
0 0.47021484375 0.67333984375 0.021484375 0.0244140625
0 0.50927734375 0.326171875 0.0205078125 0.0224609375
0 0.15625 0.9951171875 0.021484375 0.009765625
0 0.66796875 0.52392578125 0.01953125 0.0185546875
0 0.294921875 0.98046875 0.0234375 0.025390625
0 0.6201171875 0.73779296875 0.0205078125 0.03125
0 0.505859375 0.3671875 0.0185546875 0.021484375
0 0.23681640625 0.93359375 0.0224609375 0.0205078125
0 0.48095703125 0.43408203125 0.017578125 0.017578125
0 0.4306640625 0.98583984375 0.0244140625 0.0234375
0 0.61767578125 0.91455078125 0.0283203125 0.0322265625
0 0.416015625 0.50537109375 0.0185546875 0.0234375
0 0.4990234375 0.58203125 0.01953125 0.0205078125
0 0.4619140625 0.5166015625 0.0185546875 0.021484375
0 0.3369140625 0.578125 0.0205078125 0.0263671875
0 0.37646484375 0.6640625 0.021484375 0.0244140625
0 0.32275390625 0.44580078125 0.0166015625 0.01953125
0 0.63134765625 0.84423828125 0.0234375 0.0283203125
0 0.55029296875 0.38671875 0.0126953125 0.017578125
0 0.23193359375 0.54150390625 0.015625 0.0234375
0 0.3642578125 0.5654296875 0.017578125 0.0234375
0 0.5224609375 0.50634765625 0.021484375 0.021484375
0 0.21435546875 0.48828125 0.0166015625 0.021484375
0 0.41748046875 0.484375 0.017578125 0.0205078125
0 0.09375 0.7431640625 0.01953125 0.0263671875
0 0.55908203125 0.7294921875 0.015625 0.0166015625
0 0.39404296875 0.48876953125 0.017578125 0.0185546875
0 0.4482421875 0.4736328125 0.0166015625 0.0185546875
0 0.53857421875 0.36181640625 0.0146484375 0.017578125
0 0.375 0.4208984375 0.0166015625 0.017578125
0 0.7041015625 0.4990234375 0.0224609375 0.0263671875
0 0.2607421875 0.837890625 0.021484375 0.021484375
0 0.57421875 0.7685546875 0.021484375 0.0263671875
0 0.1240234375 0.56396484375 0.0185546875 0.021484375
0 0.20556640625 0.4609375 0.01953125 0.021484375
0 0.326171875 0.71533203125 0.01953125 0.02734375
0 0.39111328125 0.51611328125 0.0185546875 0.0224609375
0 0.15673828125 0.58251953125 0.0146484375 0.0185546875
0 0.61767578125 0.5166015625 0.0185546875 0.02734375
0 0.6171875 0.359375 0.015625 0.01953125
0 0.41845703125 0.4267578125 0.015625 0.015625
0 0.7109375 0.5185546875 0.025390625 0.029296875
0 0.623046875 0.82568359375 0.02734375 0.03515625
0 0.43115234375 0.67236328125 0.021484375 0.0224609375
0 0.30615234375 0.80029296875 0.0205078125 0.021484375
0 0.40478515625 0.6865234375 0.0205078125 0.0224609375
0 0.29296875 0.43798828125 0.0126953125 0.0185546875
0 0.4052734375 0.64404296875 0.0185546875 0.0205078125
0 0.5478515625 0.66552734375 0.0126953125 0.01953125
0 0.80322265625 0.64501953125 0.021484375 0.029296875
0 0.40966796875 0.57421875 0.015625 0.0185546875
0 0.3603515625 0.380859375 0.0146484375 0.01953125
0 0.6708984375 0.49658203125 0.015625 0.0185546875
0 0.27685546875 0.533203125 0.017578125 0.021484375
0 0.45556640625 0.6455078125 0.01953125 0.021484375
0 0.10693359375 0.70166015625 0.0166015625 0.021484375
0 0.47412109375 0.59228515625 0.0166015625 0.0224609375
0 0.26025390625 0.77490234375 0.0234375 0.0283203125
0 0.2802734375 0.92041015625 0.0234375 0.02734375
0 0.22802734375 0.72412109375 0.0234375 0.0263671875
0 0.52685546875 0.4853515625 0.0126953125 0.0185546875
0 0.39892578125 0.78515625 0.0185546875 0.0205078125
0 0.43505859375 0.70947265625 0.0205078125 0.0263671875
0 0.423828125 0.720703125 0.0185546875 0.0205078125
0 0.5927734375 0.4140625 0.01953125 0.01953125
0 0.333984375 0.43359375 0.017578125 0.0185546875
0 0.13037109375 0.53564453125 0.015625 0.0166015625
0 0.70458984375 0.6640625 0.015625 0.02734375
0 0.4228515625 0.4462890625 0.0166015625 0.0205078125
0 0.482421875 0.45361328125 0.0244140625 0.0224609375
0 0.41455078125 0.376953125 0.013671875 0.0146484375
0 0.59521484375 0.97412109375 0.0234375 0.03125
0 0.5126953125 0.41015625 0.0146484375 0.017578125
0 0.58984375 0.77490234375 0.021484375 0.0283203125
0 0.1171875 0.810546875 0.0185546875 0.029296875
0 0.73291015625 0.69677734375 0.02734375 0.0244140625
0 0.7548828125 0.712890625 0.0185546875 0.029296875
0 0.53271484375 0.72021484375 0.015625 0.021484375
0 0.45751953125 0.49658203125 0.017578125 0.0205078125
0 0.52294921875 0.34228515625 0.0166015625 0.021484375
0 0.146484375 0.5478515625 0.01953125 0.0263671875
0 0.46240234375 0.82470703125 0.0205078125 0.0234375
0 0.4853515625 0.60107421875 0.033203125 0.0380859375
0 0.4189453125 0.45703125 0.0146484375 0.017578125
0 0.45654296875 0.38623046875 0.0126953125 0.0126953125
0 0.61279296875 0.85791015625 0.025390625 0.02734375
0 0.53369140625 0.50927734375 0.0126953125 0.015625
0 0.51171875 0.8603515625 0.0205078125 0.01953125
0 0.4130859375 0.6796875 0.017578125 0.01953125
0 0.4833984375 0.3662109375 0.015625 0.021484375
0 0.54931640625 0.58935546875 0.0126953125 0.015625
0 0.22705078125 0.4306640625 0.013671875 0.0126953125
0 0.56494140625 0.49072265625 0.0185546875 0.01953125
0 0.57958984375 0.416015625 0.0146484375 0.0166015625
0 0.5205078125 0.5419921875 0.0146484375 0.0185546875
0 0.51123046875 0.38232421875 0.017578125 0.021484375
0 0.501953125 0.47705078125 0.017578125 0.0166015625
0 0.63720703125 0.42431640625 0.0126953125 0.0205078125
0 0.3662109375 0.521484375 0.013671875 0.0234375
0 0.6015625 0.88916015625 0.0224609375 0.0283203125
0 0.17919921875 0.9892578125 0.0224609375 0.021484375
0 0.34326171875 0.60302734375 0.0166015625 0.015625
0 0.41064453125 0.759765625 0.0205078125 0.0283203125
0 0.73193359375 0.7646484375 0.013671875 0.025390625
0 0.59521484375 0.8740234375 0.0166015625 0.0224609375
0 0.71142578125 0.6689453125 0.017578125 0.0234375
0 0.8525390625 0.75341796875 0.01953125 0.0185546875
0 0.5869140625 0.88134765625 0.021484375 0.021484375
0 0.6474609375 0.43359375 0.017578125 0.0205078125
0 0.45556640625 0.81103515625 0.015625 0.0234375
0 0.328125 0.41845703125 0.015625 0.0185546875
0 0.314453125 0.5244140625 0.01953125 0.01953125
0 0.2294921875 0.95458984375 0.0146484375 0.025390625
0 0.625 0.365234375 0.0185546875 0.0166015625
0 0.60400390625 0.724609375 0.0166015625 0.0166015625
0 0.55908203125 0.8994140625 0.0166015625 0.01953125
0 0.26904296875 0.9287109375 0.021484375 0.0341796875