0 0.2158203125 0.103515625 0.06884765625 0.08984375
0 0.5126953125 0.10546875 0.03125 0.0439453125
0 0.61572265625 0.203125 0.037109375 0.060546875
0 0.16064453125 0.0205078125 0.0205078125 0.041015625
0 0.041015625 0.01806640625 0.08056640625 0.0361328125
0 0.56298828125 0.0498046875 0.02197265625 0.05419921875
0 0.6279296875 0.0322265625 0.033203125 0.05078125
0 0.66015625 0.03125 0.07275390625 0.05908203125
0 0.341796875 0.1640625 0.0634765625 0.07470703125
0 0.279296875 0.517578125 0.0537109375 0.169921875
0 0.94482421875 0.171875 0.02783203125 0.10888671875
0 0.6943359375 0.1201171875 0.05908203125 0.11669921875
0 0.279296875 0.466796875 0.029296875 0.064453125
0 0.9228515625 0.0322265625 0.0146484375 0.0498046875
0 0.3525390625 0.017578125 0.02978515625 0.03515625
0 0.48046875 0.02197265625 0.033203125 0.0439453125
0 0.15576171875 0.42041015625 0.0654296875 0.083984375
0 0.0205078125 0.74609375 0.04052734375 0.12060546875
0 0.3857421875 0.291015625 0.0224609375 0.0751953125
0 0.31689453125 0.01513671875 0.0224609375 0.0302734375
0 0.0849609375 0.1591796875 0.01953125 0.06396484375
0 0.681640625 0.12353515625 0.0283203125 0.0693359375
0 0.79931640625 0.2333984375 0.01904296875 0.08154296875
0 0.47509765625 0.42578125 0.048828125 0.07373046875
0 0.0439453125 0.27734375 0.0341796875 0.0556640625
0 0.35595703125 0.27783203125 0.03857421875 0.05126953125
0 0.9375 0.0263671875 0.04345703125 0.0517578125
0 0.6923828125 0.0830078125 0.0185546875 0.0380859375
0 0.431640625 0.10693359375 0.04541015625 0.04345703125
0 0.197265625 0.1279296875 0.029296875 0.03662109375
0 0.17822265625 0.01220703125 0.017578125 0.02392578125
0 0.341796875 0.13623046875 0.0361328125 0.0185546875
0 0.80078125 0.20849609375 0.015625 0.02978515625
0 0.9404296875 0.14892578125 0.01806640625 0.04296875
0 0.4091796875 0.01611328125 0.04345703125 0.0322265625
0 0.4814453125 0.404296875 0.017578125 0.03125
0 0.00390625 0.1220703125 0.0078125 0.0625
0 0.22314453125 0.0771484375 0.0166015625 0.025390625
0 0.96435546875 0.01220703125 0.046875 0.0244140625
0 0.62939453125 0.01220703125 0.0224609375 0.02294921875
0 0.2412109375 0.07373046875 0.01953125 0.02587890625
0 0.6982421875 0.0078125 0.01953125 0.015625
0 0.6748046875 0.01220703125 0.03271484375 0.02392578125
0 0.00537109375 0.01708984375 0.0107421875 0.03173828125
0 0.92333984375 0.01171875 0.0126953125 0.02197265625
0 0.392578125 0.01416015625 0.013671875 0.0283203125