0 0.8720703125 0.2265625 0.0146484375 0.02734375
0 0.86474609375 0.24072265625 0.0166015625 0.0263671875
0 0.94580078125 0.40576171875 0.0166015625 0.0166015625
0 0.88671875 0.4609375 0.0166015625 0.01953125
0 0.88818359375 0.30322265625 0.017578125 0.0185546875
0 0.91796875 0.5322265625 0.017578125 0.02734375
0 0.8486328125 0.7822265625 0.015625 0.0244140625
0 0.75537109375 0.634765625 0.013671875 0.0283203125
0 0.86376953125 0.32470703125 0.01953125 0.0263671875
0 0.84228515625 0.73193359375 0.015625 0.0166015625
0 0.87841796875 0.52978515625 0.0185546875 0.01953125
0 0.87841796875 0.1298828125 0.01953125 0.0205078125
0 0.91064453125 0.15576171875 0.013671875 0.0283203125
0 0.63818359375 0.857421875 0.0126953125 0.0263671875
0 0.78857421875 0.91650390625 0.017578125 0.015625
0 0.84228515625 0.71435546875 0.0166015625 0.01953125
0 0.71435546875 0.72509765625 0.0185546875 0.029296875
0 0.87109375 0.373046875 0.017578125 0.025390625
0 0.89794921875 0.5244140625 0.015625 0.01953125
0 0.91748046875 0.57177734375 0.0166015625 0.025390625
0 0.79345703125 0.55322265625 0.017578125 0.0244140625
0 0.81787109375 0.943359375 0.015625 0.0263671875
0 0.88671875 0.51611328125 0.015625 0.017578125