0 0.68017578125 0.40576171875 0.015625 0.037109375
0 0.720703125 0.59228515625 0.021484375 0.03515625
0 0.638671875 0.66943359375 0.0244140625 0.03515625
0 0.4423828125 0.16259765625 0.0185546875 0.0302734375
0 0.62109375 0.49609375 0.0185546875 0.03515625
0 0.75830078125 0.765625 0.0263671875 0.029296875
0 0.546875 0.54541015625 0.0185546875 0.037109375
0 0.56640625 0.77392578125 0.0263671875 0.0380859375
0 0.6904296875 0.689453125 0.0205078125 0.0419921875
0 0.78662109375 0.86572265625 0.01953125 0.02734375
0 0.07275390625 0.3330078125 0.0185546875 0.03515625
0 0.7265625 0.6884765625 0.0166015625 0.0390625
0 0.474609375 0.4853515625 0.0185546875 0.037109375
0 0.2177734375 0.1484375 0.017578125 0.0361328125
0 0.0654296875 0.19189453125 0.0205078125 0.033203125
0 0.0537109375 0.6865234375 0.0146484375 0.0341796875
0 0.60595703125 0.53125 0.021484375 0.021484375
0 0.029296875 0.75341796875 0.0224609375 0.0380859375
0 0.16943359375 0.19189453125 0.0244140625 0.0361328125
0 0.41796875 0.43310546875 0.0185546875 0.044921875
0 0.06005859375 0.1572265625 0.0166015625 0.041015625
0 0.01953125 0.55126953125 0.025390625 0.0302734375
0 0.2958984375 0.3408203125 0.0234375 0.033203125
0 0.0107421875 0.283203125 0.021484375 0.029296875
0 0.41943359375 0.4990234375 0.0205078125 0.03515625
0 0.1630859375 0.248046875 0.025390625 0.02734375
0 0.142578125 0.19677734375 0.02734375 0.03125
0 0.0966796875 0.4541015625 0.0224609375 0.0322265625
0 0.5380859375 0.880859375 0.0126953125 0.025390625
0 0.5576171875 0.9892578125 0.0185546875 0.0166015625
0 0.1611328125 0.77978515625 0.01953125 0.037109375
0 0.47265625 0.90380859375 0.0185546875 0.041015625
0 0.09375 0.21044921875 0.025390625 0.0283203125
0 0.14111328125 0.33642578125 0.0263671875 0.033203125
0 0.76318359375 0.81201171875 0.03125 0.052734375
0 0.0322265625 0.51171875 0.0234375 0.0380859375
0 0.0390625 0.45947265625 0.0234375 0.0302734375
0 0.23046875 0.4013671875 0.0205078125 0.03125
0 0.31591796875 0.82275390625 0.021484375 0.03125
0 0.33642578125 0.35693359375 0.0244140625 0.0283203125
0 0.255859375 0.86669921875 0.01171875 0.02734375
0 0.0126953125 0.51513671875 0.0234375 0.03125
0 0.17333984375 0.779296875 0.0234375 0.0341796875
0 0.1982421875 0.46630859375 0.021484375 0.04296875
0 0.0615234375 0.96484375 0.0224609375 0.0380859375
0 0.10400390625 0.2900390625 0.0234375 0.02734375
0 0.82275390625 0.87353515625 0.0107421875 0.0224609375
0 0.6484375 0.34521484375 0.0205078125 0.0263671875
0 0.31201171875 0.41748046875 0.029296875 0.0390625
0 0.1005859375 0.85009765625 0.0205078125 0.03125
0 0.40283203125 0.5947265625 0.017578125 0.0302734375
0 0.37451171875 0.53466796875 0.0234375 0.03125
0 0.4658203125 0.62060546875 0.013671875 0.0205078125
0 0.4619140625 0.93603515625 0.017578125 0.0439453125
0 0.18212890625 0.80029296875 0.01953125 0.033203125
0 0.46435546875 0.57470703125 0.0185546875 0.041015625
0 0.2451171875 0.42333984375 0.0205078125 0.029296875
0 0.0869140625 0.8203125 0.0185546875 0.033203125
0 0.19970703125 0.6103515625 0.021484375 0.0302734375
0 0.181640625 0.03564453125 0.015625 0.0244140625
0 0.65673828125 0.89892578125 0.03125 0.0439453125
0 0.43798828125 0.59375 0.0146484375 0.0390625
0 0.46533203125 0.7705078125 0.0244140625 0.03125
0 0.2880859375 0.505859375 0.0234375 0.029296875
0 0.25927734375 0.671875 0.0205078125 0.033203125
0 0.3173828125 0.45703125 0.01953125 0.0341796875
0 0.4345703125 0.74169921875 0.017578125 0.0361328125
0 0.37109375 0.4091796875 0.0224609375 0.0341796875
0 0.19970703125 0.95703125 0.01953125 0.0322265625
0 0.2314453125 0.91796875 0.0224609375 0.033203125
0 0.34375 0.9462890625 0.0224609375 0.0380859375
0 0.6767578125 0.9287109375 0.0234375 0.0322265625
0 0.404296875 0.7255859375 0.0166015625 0.037109375
0 0.1982421875 0.55029296875 0.01953125 0.03125
0 0.3857421875 0.82763671875 0.0244140625 0.0361328125
0 0.33642578125 0.68359375 0.021484375 0.0302734375
0 0.19140625 0.52294921875 0.0185546875 0.0380859375
0 0.4765625 0.92333984375 0.021484375 0.03125
0 0.21728515625 0.7841796875 0.0234375 0.044921875
0 0.34765625 0.87939453125 0.017578125 0.0244140625
0 0.4658203125 0.7001953125 0.01953125 0.03125
0 0.279296875 0.90283203125 0.0224609375 0.037109375
0 0.3671875 0.6845703125 0.0224609375 0.0302734375
0 0.3251953125 0.66064453125 0.0205078125 0.0302734375
0 0.494140625 0.935546875 0.029296875 0.048828125
0 0.33642578125 0.435546875 0.0224609375 0.0361328125
0 0.427734375 0.6962890625 0.01953125 0.0478515625
0 0.37255859375 0.09326171875 0.0107421875 0.01953125
0 0.4833984375 0.94677734375 0.0205078125 0.0302734375
0 0.3515625 0.4345703125 0.0244140625 0.0380859375
0 0.40283203125 0.70458984375 0.01171875 0.033203125
0 0.30859375 0.9423828125 0.0234375 0.0380859375
0 0.28857421875 0.9443359375 0.01953125 0.0341796875
0 0.2724609375 0.44189453125 0.017578125 0.03125
0 0.42138671875 0.63720703125 0.0205078125 0.033203125
0 0.2509765625 0.58447265625 0.0205078125 0.0361328125
0 0.32177734375 0.8896484375 0.021484375 0.0546875
0 0.2314453125 0.833984375 0.029296875 0.0322265625
0 0.31787109375 0.86669921875 0.021484375 0.0419921875
0 0.4072265625 0.65771484375 0.0146484375 0.029296875
0 0.666015625 0.91455078125 0.0185546875 0.0439453125
0 0.3173828125 0.90625 0.0107421875 0.0283203125