0 0.01513671875 0.845703125 0.029296875 0.0595703125
0 0.15087890625 0.64892578125 0.02978515625 0.0537109375
0 0.013671875 0.62744140625 0.02685546875 0.06591796875
0 0.1748046875 0.55810546875 0.0283203125 0.05078125
0 0.04638671875 0.01708984375 0.0380859375 0.0341796875
0 0.009765625 0.88232421875 0.01904296875 0.05078125
0 0.67724609375 0.1982421875 0.04345703125 0.0419921875
0 0.07470703125 0.27685546875 0.02685546875 0.03759765625
0 0.265625 0.37939453125 0.03271484375 0.05029296875
0 0.17333984375 0.310546875 0.0390625 0.04296875
0 0.130859375 0.03125 0.0322265625 0.0615234375
0 0.34375 0.64013671875 0.0322265625 0.04736328125
0 0.61572265625 0.1640625 0.02880859375 0.05224609375
0 0.1201171875 0.19775390625 0.0244140625 0.05810546875
0 0.546875 0.23046875 0.0263671875 0.03955078125
0 0.19189453125 0.06640625 0.0263671875 0.02978515625
0 0.09375 0.052734375 0.0390625 0.05810546875
0 0.41357421875 0.57470703125 0.03857421875 0.048828125
0 0.02783203125 0.48828125 0.03515625 0.06396484375
0 0.09521484375 0.45849609375 0.03564453125 0.0673828125
0 0.12841796875 0.9599609375 0.03662109375 0.0478515625
0 0.1201171875 0.6640625 0.03466796875 0.05078125
0 0.560546875 0.2021484375 0.0380859375 0.03857421875
0 0.49462890625 0.9931640625 0.0302734375 0.01220703125
0 0.2685546875 0.2978515625 0.0361328125 0.0400390625
0 0.1015625 0.4130859375 0.029296875 0.0498046875
0 0.1005859375 0.232421875 0.02587890625 0.04150390625
0 0.9853515625 0.13232421875 0.013671875 0.0302734375