0 0.859375 0.1845703125 0.0546875 0.1181640625
0 0.88134765625 0.51171875 0.0791015625 0.0849609375
0 0.79833984375 0.32373046875 0.0732421875 0.052734375
0 0.86474609375 0.2783203125 0.0673828125 0.0732421875
0 0.96533203125 0.3759765625 0.0693359375 0.078125
0 0.8759765625 0.21435546875 0.068359375 0.08203125
0 0.89794921875 0.46142578125 0.0771484375 0.0771484375
0 0.8564453125 0.11767578125 0.0625 0.064453125
0 0.91845703125 0.541015625 0.0751953125 0.0546875
0 0.89697265625 0.40576171875 0.076171875 0.052734375
0 0.896484375 0.3720703125 0.068359375 0.0517578125