0 0.392578125 0.958984375 0.044921875 0.0546875
0 0.07373046875 0.5693359375 0.029296875 0.029296875
0 0.00439453125 0.884765625 0.0087890625 0.052734375
0 0.0048828125 0.7109375 0.009765625 0.037109375
0 0.22900390625 0.8271484375 0.04296875 0.0458984375
0 0.05517578125 0.64501953125 0.033203125 0.03515625
0 0.0732421875 0.623046875 0.02734375 0.029296875
0 0.27734375 0.6376953125 0.0263671875 0.03125
0 0.32470703125 0.76953125 0.0263671875 0.03125
0 0.240234375 0.8095703125 0.0263671875 0.037109375
0 0.13134765625 0.85595703125 0.046875 0.0556640625
0 0.052734375 0.568359375 0.015625 0.0244140625
0 0.01611328125 0.57568359375 0.0234375 0.02734375
0 0.43603515625 0.97998046875 0.0419921875 0.0390625
0 0.01611328125 0.63330078125 0.0205078125 0.0302734375
0 0.01171875 0.6044921875 0.0234375 0.03125
0 0.21630859375 0.73486328125 0.0234375 0.033203125
0 0.04638671875 0.6123046875 0.021484375 0.025390625
0 0.29150390625 0.6806640625 0.03125 0.0322265625
0 0.11328125 0.56787109375 0.0205078125 0.021484375
0 0.62158203125 0.91357421875 0.0244140625 0.03515625
0 0.0283203125 0.54345703125 0.0224609375 0.0263671875
0 0.537109375 0.884765625 0.0419921875 0.0478515625
0 0.17919921875 0.623046875 0.0146484375 0.017578125
0 0.58056640625 0.84326171875 0.01953125 0.0380859375
0 0.44091796875 0.71728515625 0.017578125 0.0244140625
0 0.30078125 0.75048828125 0.017578125 0.0205078125
0 0.2724609375 0.74658203125 0.0244140625 0.02734375
0 0.068359375 0.77734375 0.0263671875 0.0400390625
0 0.4462890625 0.8154296875 0.0244140625 0.0224609375
0 0.24267578125 0.75146484375 0.0302734375 0.029296875
0 0.03271484375 0.5703125 0.021484375 0.025390625
0 0.34228515625 0.642578125 0.0263671875 0.02734375
0 0.25 0.61474609375 0.0263671875 0.025390625
0 0.52880859375 0.7099609375 0.0205078125 0.0263671875
0 0.2548828125 0.6005859375 0.0166015625 0.0166015625
0 0.19873046875 0.6318359375 0.0185546875 0.013671875
0 0.45849609375 0.806640625 0.02734375 0.0244140625
0 0.14111328125 0.87158203125 0.021484375 0.02734375
0 0.23779296875 0.59375 0.0185546875 0.0185546875
0 0.06494140625 0.642578125 0.015625 0.0283203125
0 0.30078125 0.68212890625 0.013671875 0.0244140625
0 0.29541015625 0.60400390625 0.01953125 0.01953125
0 0.51806640625 0.70654296875 0.0224609375 0.02734375
0 0.4462890625 0.9873046875 0.0185546875 0.0244140625