0 0.46728515625 0.607421875 0.0400390625 0.04296875
0 0.72021484375 0.482421875 0.02978515625 0.05859375
0 0.53173828125 0.58984375 0.02587890625 0.0537109375
0 0.8466796875 0.96875 0.04541015625 0.03564453125
0 0.55224609375 0.36962890625 0.02587890625 0.06787109375
0 0.9697265625 0.84521484375 0.04248046875 0.04443359375
0 0.28662109375 0.568359375 0.0361328125 0.04248046875
0 0.7216796875 0.38330078125 0.033203125 0.037109375
0 0.69384765625 0.7216796875 0.03662109375 0.03173828125
0 0.724609375 0.0966796875 0.05078125 0.056640625
0 0.953125 0.13720703125 0.04541015625 0.0419921875
0 0.5078125 0.88427734375 0.03857421875 0.0322265625
0 0.5478515625 0.17236328125 0.04052734375 0.056640625
0 0.4072265625 0.5751953125 0.03564453125 0.04931640625
0 0.40283203125 0.8203125 0.0419921875 0.03955078125
0 0.35986328125 0.52392578125 0.04052734375 0.068359375
0 0.525390625 0.458984375 0.05126953125 0.029296875
0 0.509765625 0.33056640625 0.02880859375 0.052734375
0 0.79541015625 0.078125 0.04248046875 0.06689453125
0 0.3564453125 0.0107421875 0.03466796875 0.0205078125
0 0.79296875 0.185546875 0.03564453125 0.05224609375
0 0.9482421875 0.015625 0.0419921875 0.029296875