0 0.61865234375 0.8564453125 0.01953125 0.0302734375
0 0.59814453125 0.9541015625 0.021484375 0.0205078125
0 0.63525390625 0.71337890625 0.0185546875 0.0224609375
0 0.27392578125 0.83056640625 0.0234375 0.0234375
0 0.54296875 0.75390625 0.021484375 0.02734375
0 0.58349609375 0.654296875 0.0166015625 0.0166015625
0 0.4619140625 0.61474609375 0.017578125 0.0244140625
0 0.8154296875 0.9443359375 0.021484375 0.0302734375
0 0.57080078125 0.673828125 0.0185546875 0.0234375
0 0.35400390625 0.767578125 0.017578125 0.025390625
0 0.75390625 0.65087890625 0.0244140625 0.0263671875
0 0.45654296875 0.92919921875 0.0205078125 0.02734375
0 0.61279296875 0.80419921875 0.0205078125 0.0185546875
0 0.4736328125 0.80810546875 0.0205078125 0.03125
0 0.52490234375 0.84228515625 0.0205078125 0.0263671875
0 0.56982421875 0.99365234375 0.0205078125 0.0126953125
0 0.5458984375 0.61181640625 0.0166015625 0.021484375
0 0.56103515625 0.5693359375 0.0166015625 0.0205078125
0 0.736328125 0.951171875 0.0234375 0.025390625
0 0.533203125 0.69580078125 0.0166015625 0.021484375
0 0.66455078125 0.77978515625 0.015625 0.0302734375
0 0.40576171875 0.61962890625 0.021484375 0.0244140625
0 0.4609375 0.56103515625 0.0126953125 0.021484375
0 0.75439453125 0.6767578125 0.0166015625 0.0263671875
0 0.5009765625 0.94921875 0.0185546875 0.0224609375
0 0.00830078125 0.53857421875 0.0166015625 0.0263671875
0 0.572265625 0.71533203125 0.0185546875 0.0244140625
0 0.48388671875 0.701171875 0.0205078125 0.029296875
0 0.4521484375 0.7578125 0.0146484375 0.0234375
0 0.52099609375 0.70751953125 0.0166015625 0.0185546875
0 0.7138671875 0.67724609375 0.015625 0.025390625
0 0.623046875 0.73193359375 0.0263671875 0.0263671875
0 0.4990234375 0.587890625 0.017578125 0.0224609375
0 0.80078125 0.98291015625 0.025390625 0.0341796875
0 0.1142578125 0.6103515625 0.017578125 0.03125
0 0.5078125 0.6806640625 0.0185546875 0.0234375
0 0.7900390625 0.74072265625 0.0205078125 0.0263671875
0 0.47705078125 0.5869140625 0.0185546875 0.0244140625
0 0.70751953125 0.69384765625 0.0146484375 0.025390625
0 0.67626953125 0.84033203125 0.021484375 0.0244140625
0 0.76171875 0.79638671875 0.01953125 0.0234375
0 0.408203125 0.6318359375 0.0185546875 0.0244140625
0 0.8212890625 0.76318359375 0.01953125 0.02734375
0 0.38623046875 0.91943359375 0.0185546875 0.0283203125
0 0.357421875 0.8359375 0.017578125 0.0283203125
0 0.8349609375 0.77587890625 0.01953125 0.0224609375
0 0.04541015625 0.69384765625 0.013671875 0.0283203125
0 0.388671875 0.701171875 0.0166015625 0.0302734375
0 0.224609375 0.5244140625 0.0185546875 0.0263671875
0 0.6884765625 0.72216796875 0.015625 0.0244140625
0 0.25146484375 0.51025390625 0.015625 0.0205078125
0 0.419921875 0.7158203125 0.0185546875 0.033203125
0 0.33154296875 0.5859375 0.013671875 0.01953125
0 0.35400390625 0.537109375 0.0146484375 0.025390625
0 0.61572265625 0.76220703125 0.0166015625 0.01953125
0 0.6357421875 0.791015625 0.01171875 0.0205078125
0 0.78515625 0.9892578125 0.0234375 0.021484375
0 0.7529296875 0.70458984375 0.017578125 0.0244140625
0 0.744140625 0.73193359375 0.0126953125 0.0234375
0 0.41064453125 0.50341796875 0.013671875 0.0166015625
0 0.6884765625 0.89697265625 0.0166015625 0.029296875
0 0.42529296875 0.88720703125 0.01953125 0.033203125
0 0.23828125 0.5634765625 0.015625 0.01953125
0 0.3642578125 0.87939453125 0.0185546875 0.0341796875
0 0.65283203125 0.65380859375 0.0146484375 0.013671875
0 0.21142578125 0.828125 0.0205078125 0.0224609375
0 0.2548828125 0.53125 0.015625 0.025390625
0 0.435546875 0.8486328125 0.0205078125 0.021484375
0 0.3916015625 0.80712890625 0.0166015625 0.0263671875
0 0.4921875 0.83349609375 0.015625 0.03515625
0 0.37109375 0.83984375 0.0166015625 0.0244140625
0 0.79638671875 0.8466796875 0.0166015625 0.03125
0 0.39111328125 0.84912109375 0.0263671875 0.0263671875
0 0.580078125 0.830078125 0.017578125 0.0185546875
0 0.37158203125 0.51318359375 0.0166015625 0.0283203125
0 0.3701171875 0.68212890625 0.0146484375 0.025390625
0 0.0732421875 0.6240234375 0.015625 0.0302734375
0 0.5576171875 0.6767578125 0.013671875 0.021484375
0 0.34521484375 0.87353515625 0.0166015625 0.0234375
0 0.662109375 0.82568359375 0.017578125 0.0205078125
0 0.08544921875 0.689453125 0.017578125 0.03125
0 0.5126953125 0.724609375 0.025390625 0.0439453125
0 0.443359375 0.98046875 0.01953125 0.0341796875
0 0.26025390625 0.8583984375 0.0185546875 0.029296875
0 0.16064453125 0.716796875 0.0166015625 0.0263671875
0 0.27099609375 0.79150390625 0.017578125 0.029296875
0 0.1884765625 0.7177734375 0.0166015625 0.0302734375
0 0.373046875 0.7255859375 0.015625 0.017578125
0 0.7802734375 0.953125 0.01953125 0.0244140625
0 0.50830078125 0.7119140625 0.015625 0.029296875
0 0.45849609375 0.67822265625 0.01171875 0.021484375
0 0.044921875 0.7890625 0.0166015625 0.029296875
0 0.1884765625 0.83349609375 0.0166015625 0.0302734375
0 0.1298828125 0.8251953125 0.0185546875 0.029296875
0 0.56640625 0.89111328125 0.013671875 0.0205078125
0 0.35400390625 0.798828125 0.0185546875 0.029296875
0 0.6982421875 0.91162109375 0.0166015625 0.033203125
0 0.556640625 0.7333984375 0.0146484375 0.021484375
0 0.697265625 0.8955078125 0.013671875 0.0244140625
0 0.0419921875 0.87158203125 0.017578125 0.0283203125
0 0.501953125 0.85009765625 0.015625 0.0244140625
0 0.11279296875 0.82080078125 0.0185546875 0.0341796875
0 0.69384765625 0.65869140625 0.013671875 0.0244140625
0 0.1640625 0.84033203125 0.0146484375 0.0283203125
0 0.57958984375 0.68359375 0.01953125 0.0224609375
0 0.61572265625 0.61083984375 0.015625 0.021484375
0 0.0693359375 0.8896484375 0.013671875 0.029296875
0 0.28076171875 0.91845703125 0.0126953125 0.021484375
0 0.373046875 0.6220703125 0.0126953125 0.0224609375
0 0.29638671875 0.935546875 0.015625 0.0341796875
0 0.1748046875 0.78271484375 0.0185546875 0.03515625
0 0.06689453125 0.87890625 0.01953125 0.0380859375
0 0.02294921875 0.87353515625 0.0146484375 0.0263671875
0 0.0947265625 0.873046875 0.0263671875 0.037109375
0 0.08447265625 0.89404296875 0.0185546875 0.029296875
0 0.36083984375 0.68359375 0.0126953125 0.0224609375
0 0.74609375 0.78564453125 0.01953125 0.0234375
0 0.61865234375 0.81689453125 0.0146484375 0.0205078125
0 0.66650390625 0.8349609375 0.0234375 0.0263671875
0 0.29931640625 0.830078125 0.0107421875 0.01953125
0 0.294921875 0.92626953125 0.01171875 0.0224609375
0 0.46044921875 0.68896484375 0.0146484375 0.0234375
0 0.50732421875 0.57177734375 0.01171875 0.017578125
0 0.28369140625 0.93017578125 0.0185546875 0.03125
0 0.599609375 0.96875 0.0185546875 0.0205078125
0 0.380859375 0.71826171875 0.0166015625 0.02734375
0 0.80126953125 0.86279296875 0.01953125 0.0283203125