0 0.40185546875 0.9072265625 0.03662109375 0.05517578125
0 0.29248046875 0.71826171875 0.05126953125 0.0634765625
0 0.2744140625 0.81591796875 0.03173828125 0.052734375
0 0.18359375 0.88671875 0.078125 0.1005859375
0 0.2783203125 0.90380859375 0.0390625 0.0556640625
0 0.54296875 0.96875 0.0400390625 0.05419921875
0 0.15283203125 0.91162109375 0.03173828125 0.05322265625
0 0.68359375 0.673828125 0.05810546875 0.07177734375
0 0.5703125 0.74267578125 0.01806640625 0.04296875
0 0.23193359375 0.71826171875 0.0166015625 0.04052734375
0 0.4599609375 0.716796875 0.05029296875 0.10107421875
0 0.4580078125 0.8701171875 0.0283203125 0.04833984375
0 0.73388671875 0.978515625 0.0322265625 0.04248046875
0 0.61767578125 0.84033203125 0.03271484375 0.0302734375
0 0.85302734375 0.9150390625 0.078125 0.07080078125
0 0.56494140625 0.83056640625 0.02294921875 0.04541015625
0 0.84228515625 0.9072265625 0.01904296875 0.05078125
0 0.6611328125 0.677734375 0.0283203125 0.03662109375
0 0.33935546875 0.8974609375 0.03466796875 0.046875
0 0.259765625 0.7900390625 0.02587890625 0.02490234375
0 0.52490234375 0.92626953125 0.03076171875 0.0576171875
0 0.2822265625 0.71728515625 0.01611328125 0.0380859375
0 0.171875 0.7265625 0.015625 0.0439453125
0 0.0283203125 0.7802734375 0.05419921875 0.0517578125
0 0.09521484375 0.865234375 0.0263671875 0.03857421875
0 0.4765625 0.88330078125 0.0625 0.06689453125
0 0.96337890625 0.77783203125 0.02392578125 0.02880859375
0 0.86279296875 0.72802734375 0.015625 0.0361328125
0 0.81591796875 0.900390625 0.01806640625 0.04296875
0 0.51220703125 0.806640625 0.015625 0.03515625
0 0.69482421875 0.869140625 0.01318359375 0.04638671875
0 0.93603515625 0.7978515625 0.0244140625 0.03515625
0 0.9501953125 0.9462890625 0.0263671875 0.0556640625
0 0.5068359375 0.67529296875 0.0166015625 0.0380859375
0 0.96142578125 0.583984375 0.01318359375 0.0341796875
0 0.50634765625 0.974609375 0.0166015625 0.05029296875
0 0.96728515625 0.806640625 0.013671875 0.0478515625
0 0.646484375 0.794921875 0.02294921875 0.04833984375
0 0.830078125 0.6279296875 0.02978515625 0.05078125
0 0.72265625 0.81396484375 0.015625 0.0458984375
0 0.00732421875 0.77783203125 0.0146484375 0.04248046875
0 0.44921875 0.677734375 0.01611328125 0.0400390625
0 0.78515625 0.580078125 0.01416015625 0.02001953125
0 0.7021484375 0.6455078125 0.01806640625 0.02978515625
0 0.98388671875 0.841796875 0.02685546875 0.0361328125
0 0.7880859375 0.75048828125 0.0185546875 0.04541015625
0 0.69970703125 0.8232421875 0.02783203125 0.0302734375
0 0.943359375 0.73583984375 0.02783203125 0.04052734375
0 0.84521484375 0.779296875 0.02001953125 0.04443359375
0 0.71142578125 0.8466796875 0.013671875 0.05126953125
0 0.3369140625 0.98681640625 0.02001953125 0.025390625
0 0.447265625 0.732421875 0.025390625 0.04736328125
0 0.88037109375 0.80712890625 0.01806640625 0.05029296875
0 0.89404296875 0.72021484375 0.017578125 0.037109375
0 0.60009765625 0.66259765625 0.017578125 0.0244140625
0 0.00634765625 0.91650390625 0.01171875 0.06201171875
0 0.9248046875 0.70703125 0.0166015625 0.03515625
0 0.4482421875 0.826171875 0.01904296875 0.03173828125
0 0.83349609375 0.61376953125 0.01708984375 0.01806640625
0 0.98828125 0.86572265625 0.021484375 0.04931640625
0 0.994140625 0.85302734375 0.01171875 0.0341796875
0 0.9921875 0.7705078125 0.013671875 0.04248046875
0 0.9599609375 0.767578125 0.0146484375 0.013671875
0 0.99169921875 0.83251953125 0.0166015625 0.0205078125
0 0.29052734375 0.8837890625 0.0146484375 0.0205078125
0 0.5048828125 0.94287109375 0.01904296875 0.0390625
0 0.330078125 0.90869140625 0.01904296875 0.0263671875
0 0.9970703125 0.767578125 0.005859375 0.02685546875
0 0.2509765625 0.794921875 0.0087890625 0.01806640625
0 0.8896484375 0.73193359375 0.01123046875 0.02734375
0 0.78271484375 0.759765625 0.01025390625 0.02197265625
0 0.88427734375 0.7890625 0.01171875 0.01904296875
0 0.849609375 0.7666015625 0.01171875 0.01708984375
0 0.6982421875 0.63671875 0.00830078125 0.01513671875
0 0.08837890625 0.853515625 0.009765625 0.01513671875