0 0.2666015625 0.70361328125 0.009765625 0.025390625
0 0.197265625 0.95556640625 0.01171875 0.0224609375
0 0.12158203125 0.48876953125 0.01123046875 0.01611328125
0 0.02392578125 0.3564453125 0.01123046875 0.02099609375
0 0.10400390625 0.939453125 0.013671875 0.0126953125
0 0.21533203125 0.69189453125 0.009765625 0.025390625
0 0.20654296875 0.60205078125 0.0126953125 0.02099609375
0 0.1201171875 0.8662109375 0.0126953125 0.017578125
0 0.1640625 0.509765625 0.01318359375 0.015625
0 0.048828125 0.9453125 0.013671875 0.01611328125
0 0.08203125 0.9296875 0.01513671875 0.01416015625
0 0.09521484375 0.8984375 0.01611328125 0.0146484375
0 0.20166015625 0.765625 0.01220703125 0.02392578125
0 0.1015625 0.2841796875 0.0107421875 0.01416015625
0 0.1884765625 0.56640625 0.0146484375 0.01318359375
0 0.04296875 0.97119140625 0.01708984375 0.013671875
0 0.025390625 0.572265625 0.01220703125 0.02099609375
0 0.21044921875 0.67138671875 0.00732421875 0.02001953125
0 0.0673828125 0.994140625 0.01318359375 0.0107421875
0 0.09619140625 0.7626953125 0.01416015625 0.0185546875
0 0.10205078125 0.80810546875 0.01416015625 0.01318359375
0 0.02978515625 0.681640625 0.01025390625 0.01904296875
0 0.03369140625 0.61474609375 0.013671875 0.01513671875
0 0.076171875 0.86181640625 0.01416015625 0.01318359375
0 0.12841796875 0.685546875 0.013671875 0.01416015625
0 0.02685546875 0.708984375 0.01220703125 0.01904296875
0 0.0732421875 0.6962890625 0.01318359375 0.01611328125
0 0.1123046875 0.73583984375 0.0146484375 0.01318359375
0 0.07470703125 0.66845703125 0.0126953125 0.0185546875
0 0.0048828125 0.9638671875 0.009765625 0.013671875
0 0.10986328125 0.6455078125 0.0146484375 0.01513671875
0 0.01904296875 0.8330078125 0.01611328125 0.01416015625
0 0.1396484375 0.66943359375 0.01416015625 0.01318359375
0 0.06201171875 0.7529296875 0.01611328125 0.01513671875
0 0.08447265625 0.7470703125 0.0146484375 0.0166015625
0 0.05419921875 0.9912109375 0.01416015625 0.015625
0 0.06103515625 0.59765625 0.01416015625 0.0146484375
0 0.01318359375 0.54345703125 0.013671875 0.01171875
0 0.04248046875 0.240234375 0.01220703125 0.017578125
0 0.0361328125 0.765625 0.0146484375 0.0166015625
0 0.1044921875 0.69091796875 0.01806640625 0.01318359375
0 0.01171875 0.7919921875 0.01611328125 0.01318359375
0 0.03173828125 0.73095703125 0.01318359375 0.017578125
0 0.041015625 0.8134765625 0.01513671875 0.013671875
0 0.09130859375 0.66845703125 0.0107421875 0.01220703125
0 0.0478515625 0.6064453125 0.01318359375 0.015625
0 0.04443359375 0.7900390625 0.0126953125 0.01513671875
0 0.08935546875 0.85791015625 0.01513671875 0.01513671875
0 0.0166015625 0.76416015625 0.0166015625 0.0126953125
0 0.1103515625 0.66650390625 0.013671875 0.01611328125
0 0.12451171875 0.82470703125 0.01123046875 0.01806640625
0 0.08154296875 0.42919921875 0.01123046875 0.02001953125
0 0.03271484375 0.802734375 0.01318359375 0.01416015625
0 0.01025390625 0.44189453125 0.01318359375 0.01904296875
0 0.18408203125 0.0224609375 0.01123046875 0.01611328125
0 0.01318359375 0.94677734375 0.01171875 0.0146484375
0 0.00537109375 0.81689453125 0.01025390625 0.01513671875
0 0.00341796875 0.9375 0.0068359375 0.02783203125
0 0.04296875 0.9951171875 0.01416015625 0.00927734375
0 0.09619140625 0.6708984375 0.0126953125 0.01904296875
0 0.01513671875 0.966796875 0.00830078125 0.0234375
0 0.03076171875 0.74365234375 0.0126953125 0.0185546875