0 0.251953125 0.353515625 0.029296875 0.025390625
0 0.48681640625 0.1337890625 0.015625 0.0400390625
0 0.51806640625 0.0146484375 0.0166015625 0.029296875
0 0.484375 0.06201171875 0.0146484375 0.03515625
0 0.40478515625 0.0234375 0.0146484375 0.0302734375
0 0.181640625 0.2724609375 0.029296875 0.0322265625
0 0.8193359375 0.0810546875 0.0224609375 0.048828125
0 0.00927734375 0.126953125 0.0185546875 0.04296875
0 0.2490234375 0.19091796875 0.0185546875 0.0380859375
0 0.76806640625 0.1884765625 0.02734375 0.033203125
0 0.9248046875 0.08984375 0.033203125 0.056640625
0 0.56298828125 0.28515625 0.0283203125 0.041015625
0 0.494140625 0.3388671875 0.0283203125 0.037109375
0 0.93408203125 0.28955078125 0.029296875 0.0263671875
0 0.8662109375 0.0224609375 0.0234375 0.044921875
0 0.5771484375 0.32568359375 0.025390625 0.03515625
0 0.23974609375 0.23974609375 0.017578125 0.0439453125
0 0.73974609375 0.0107421875 0.0166015625 0.021484375
0 0.4267578125 0.1435546875 0.01953125 0.05859375
0 0.32275390625 0.1904296875 0.0263671875 0.0361328125
0 0.4560546875 0.1953125 0.0205078125 0.05859375
0 0.6357421875 0.00537109375 0.01953125 0.0107421875
0 0.689453125 0.259765625 0.01953125 0.0458984375
0 0.26806640625 0.1259765625 0.029296875 0.0439453125
0 0.4111328125 0.138671875 0.0185546875 0.046875
0 0.17529296875 0.125 0.03125 0.025390625
0 0.732421875 0.125 0.0234375 0.052734375
0 0.76513671875 0.0341796875 0.0205078125 0.0458984375
0 0.65966796875 0.25439453125 0.0283203125 0.029296875
0 0.73779296875 0.2509765625 0.0205078125 0.048828125
0 0.55712890625 0.11181640625 0.01953125 0.044921875
0 0.11962890625 0.06396484375 0.0234375 0.0224609375
0 0.427734375 0.044921875 0.02734375 0.021484375
0 0.18701171875 0.32568359375 0.0322265625 0.02734375
0 0.375 0.12255859375 0.0185546875 0.0498046875
0 0.74609375 0.09130859375 0.01953125 0.0478515625
0 0.291015625 0.08349609375 0.0224609375 0.056640625
0 0.81640625 0.1875 0.025390625 0.0478515625
0 0.53564453125 0.1171875 0.021484375 0.0419921875
0 0.4111328125 0.08349609375 0.017578125 0.0517578125
0 0.53369140625 0.0263671875 0.017578125 0.0390625
0 0.65673828125 0.05908203125 0.0283203125 0.0419921875
0 0.341796875 0.03271484375 0.013671875 0.0283203125
0 0.84765625 0.13916015625 0.025390625 0.056640625
0 0.015625 0.0771484375 0.0166015625 0.015625
0 0.65234375 0.20166015625 0.029296875 0.0419921875
0 0.38916015625 0.1875 0.0244140625 0.05078125
0 0.3056640625 0.0390625 0.0146484375 0.029296875
0 0.587890625 0.021484375 0.017578125 0.04296875
0 0.87060546875 0.13134765625 0.0263671875 0.0546875
0 0.3896484375 0.05859375 0.029296875 0.0615234375