0 0.31103515625 0.67626953125 0.03466796875 0.06884765625
0 0.65087890625 0.61962890625 0.04638671875 0.0693359375
0 0.2685546875 0.63818359375 0.05517578125 0.05712890625
0 0.078125 0.578125 0.05029296875 0.05517578125
0 0.5439453125 0.587890625 0.0400390625 0.08251953125
0 0.810546875 0.873046875 0.0498046875 0.09228515625
0 0.62744140625 0.81005859375 0.05615234375 0.0703125
0 0.669921875 0.5439453125 0.0458984375 0.05908203125
0 0.87841796875 0.53173828125 0.044921875 0.0634765625
0 0.046875 0.677734375 0.0537109375 0.0859375
0 0.20849609375 0.5830078125 0.04150390625 0.05517578125
0 0.1767578125 0.41064453125 0.02783203125 0.05029296875
0 0.81298828125 0.365234375 0.03662109375 0.0517578125
0 0.037109375 0.6259765625 0.04638671875 0.05419921875
0 0.08251953125 0.509765625 0.04443359375 0.048828125
0 0.76416015625 0.3818359375 0.0244140625 0.0576171875
0 0.80712890625 0.58349609375 0.03466796875 0.06494140625
0 0.33056640625 0.42333984375 0.02197265625 0.04736328125
0 0.62353515625 0.5947265625 0.0458984375 0.04345703125
0 0.8046875 0.6708984375 0.05859375 0.0673828125
0 0.97314453125 0.46044921875 0.048828125 0.0595703125
0 0.40771484375 0.45556640625 0.048828125 0.048828125
0 0.31640625 0.37646484375 0.03564453125 0.0595703125
0 0.5791015625 0.328125 0.02685546875 0.04541015625
0 0.3125 0.7958984375 0.05419921875 0.064453125
0 0.0810546875 0.7939453125 0.05322265625 0.05810546875
0 0.61572265625 0.68994140625 0.04541015625 0.06005859375
0 0.39306640625 0.76611328125 0.0439453125 0.068359375
0 0.150390625 0.49169921875 0.0185546875 0.0546875
0 0.607421875 0.62939453125 0.04248046875 0.07080078125
0 0.4326171875 0.8994140625 0.03125 0.08984375
0 0.66259765625 0.30712890625 0.017578125 0.04931640625
0 0.20166015625 0.814453125 0.0546875 0.06884765625
0 0.90380859375 0.455078125 0.02734375 0.05517578125
0 0.77099609375 0.908203125 0.041015625 0.087890625
0 0.0986328125 0.35986328125 0.01953125 0.03564453125
0 0.2080078125 0.90087890625 0.0419921875 0.04345703125
0 0.3271484375 0.90869140625 0.04052734375 0.0458984375
0 0.30078125 0.38134765625 0.0166015625 0.05615234375
0 0.16064453125 0.462890625 0.0263671875 0.029296875
0 0.92333984375 0.9375 0.041015625 0.10888671875
0 0.4599609375 0.35888671875 0.0322265625 0.0478515625
0 0.52978515625 0.82470703125 0.05615234375 0.04150390625
0 0.31591796875 0.98193359375 0.05859375 0.0361328125
0 0.49658203125 0.54833984375 0.03271484375 0.0615234375
0 0.20166015625 0.38525390625 0.02685546875 0.01953125
0 0.0166015625 0.8076171875 0.033203125 0.06494140625
0 0.37109375 0.62939453125 0.02880859375 0.06103515625
0 0.587890625 0.9560546875 0.0634765625 0.08740234375
0 0.12158203125 0.59423828125 0.0244140625 0.025390625
0 0.568359375 0.35302734375 0.01708984375 0.0439453125
0 0.4755859375 0.37939453125 0.0263671875 0.044921875
0 0.29296875 0.671875 0.04345703125 0.06591796875
0 0.5927734375 0.4091796875 0.0341796875 0.0263671875
0 0.82275390625 0.53076171875 0.02392578125 0.06298828125
0 0.01171875 0.41650390625 0.013671875 0.04345703125
0 0.31201171875 0.52978515625 0.029296875 0.02490234375
0 0.54345703125 0.70166015625 0.025390625 0.03369140625
0 0.86865234375 0.87109375 0.04833984375 0.10791015625
0 0.36328125 0.6220703125 0.0126953125 0.0322265625
0 0.0048828125 0.48486328125 0.00927734375 0.0439453125
0 0.4482421875 0.361328125 0.0107421875 0.037109375