0 0.296875 0.208984375 0.0205078125 0.041015625
0 0.72265625 0.1943359375 0.0263671875 0.0419921875
0 0.912109375 0.1962890625 0.033203125 0.0556640625
0 0.54638671875 0.31494140625 0.0302734375 0.05859375
0 0.701171875 0.2587890625 0.0302734375 0.05859375
0 0.48291015625 0.3232421875 0.025390625 0.048828125
0 0.95458984375 0.31396484375 0.0205078125 0.060546875
0 0.76416015625 0.40380859375 0.025390625 0.0439453125
0 0.765625 0.44091796875 0.02734375 0.05078125
0 0.38330078125 0.36767578125 0.0302734375 0.0556640625
0 0.28271484375 0.29443359375 0.0341796875 0.046875
0 0.2939453125 0.353515625 0.0390625 0.0380859375
0 0.28564453125 0.32373046875 0.0419921875 0.0419921875
0 0.2109375 0.3974609375 0.0341796875 0.0693359375
0 0.28955078125 0.42333984375 0.01953125 0.0390625
0 0.197265625 0.609375 0.025390625 0.0517578125
0 0.23974609375 0.69287109375 0.0302734375 0.0498046875
0 0.275390625 0.79736328125 0.02734375 0.0556640625
0 0.2568359375 0.83251953125 0.03125 0.0478515625
0 0.1982421875 0.9306640625 0.0244140625 0.056640625
0 0.20947265625 0.98779296875 0.0283203125 0.0244140625
0 0.2724609375 0.55322265625 0.02734375 0.0517578125
0 0.25048828125 0.39208984375 0.0322265625 0.0556640625
0 0.24658203125 0.4228515625 0.03125 0.044921875
0 0.32177734375 0.44921875 0.029296875 0.0478515625
0 0.357421875 0.521484375 0.0224609375 0.0546875
0 0.44775390625 0.42626953125 0.01953125 0.0556640625
0 0.427734375 0.42529296875 0.0224609375 0.0595703125
0 0.603515625 0.42041015625 0.0341796875 0.056640625
0 0.51318359375 0.3916015625 0.0234375 0.048828125
0 0.603515625 0.48291015625 0.0234375 0.056640625
0 0.853515625 0.47119140625 0.0302734375 0.0498046875
0 0.57177734375 0.5126953125 0.0322265625 0.0546875
0 0.283203125 0.62744140625 0.02734375 0.0595703125
0 0.36572265625 0.59423828125 0.0234375 0.0498046875
0 0.3212890625 0.91650390625 0.0380859375 0.0341796875
0 0.34130859375 0.87939453125 0.03515625 0.041015625
0 0.376953125 0.83154296875 0.021484375 0.0556640625
0 0.45263671875 0.5751953125 0.0283203125 0.0498046875
0 0.26953125 0.462890625 0.0361328125 0.0654296875
0 0.30712890625 0.55615234375 0.03515625 0.060546875
0 0.30029296875 0.5107421875 0.0234375 0.052734375
0 0.31396484375 0.4775390625 0.03125 0.048828125
0 0.77685546875 0.64306640625 0.0234375 0.046875
0 0.9462890625 0.6279296875 0.02734375 0.064453125
0 0.44921875 0.74267578125 0.0224609375 0.046875
0 0.4873046875 0.82958984375 0.01953125 0.0517578125
0 0.97216796875 0.6171875 0.0263671875 0.05078125
0 0.4716796875 0.71337890625 0.0244140625 0.0439453125
0 0.552734375 0.58740234375 0.0224609375 0.0478515625
0 0.42529296875 0.58251953125 0.0166015625 0.0439453125
0 0.40478515625 0.83056640625 0.015625 0.0517578125
0 0.322265625 0.67822265625 0.0205078125 0.044921875
0 0.3974609375 0.58544921875 0.025390625 0.044921875
0 0.6787109375 0.6494140625 0.0244140625 0.048828125
0 0.408203125 0.88916015625 0.017578125 0.0537109375
0 0.31396484375 0.69384765625 0.021484375 0.0478515625
0 0.30517578125 0.71826171875 0.0185546875 0.048828125
0 0.3896484375 0.7119140625 0.0224609375 0.0439453125
0 0.61376953125 0.58154296875 0.0224609375 0.0478515625
0 0.70849609375 0.53173828125 0.0224609375 0.052734375
0 0.64453125 0.6279296875 0.0185546875 0.0517578125
0 0.55908203125 0.6748046875 0.0205078125 0.0498046875
0 0.810546875 0.8671875 0.021484375 0.048828125
0 0.59423828125 0.64404296875 0.0263671875 0.0478515625
0 0.90234375 0.82373046875 0.0244140625 0.0458984375
0 0.69775390625 0.47216796875 0.01953125 0.046875
0 0.98095703125 0.75439453125 0.01953125 0.046875
0 0.50048828125 0.794921875 0.0205078125 0.0419921875
0 0.47705078125 0.67041015625 0.0185546875 0.0458984375
0 0.5908203125 0.7685546875 0.021484375 0.0458984375
0 0.91015625 0.68359375 0.017578125 0.046875
0 0.6640625 0.689453125 0.021484375 0.046875
0 0.95849609375 0.38818359375 0.0185546875 0.046875
0 0.4921875 0.974609375 0.0205078125 0.0478515625
0 0.66357421875 0.830078125 0.01953125 0.05078125
0 0.513671875 0.57568359375 0.0244140625 0.044921875
0 0.72216796875 0.78271484375 0.0185546875 0.048828125
0 0.69677734375 0.8662109375 0.0224609375 0.05078125
0 0.62158203125 0.83349609375 0.0234375 0.0458984375
0 0.96923828125 0.8642578125 0.0166015625 0.0458984375
0 0.74853515625 0.9521484375 0.0302734375 0.025390625
0 0.6640625 0.76220703125 0.0205078125 0.05078125
0 0.58544921875 0.69775390625 0.02734375 0.04296875
0 0.568359375 0.8466796875 0.021484375 0.04296875
0 0.6259765625 0.564453125 0.0244140625 0.041015625
0 0.568359375 0.72314453125 0.0224609375 0.0419921875
0 0.556640625 0.86328125 0.0244140625 0.0458984375
0 0.56005859375 0.77880859375 0.0244140625 0.0458984375
0 0.39453125 0.779296875 0.0302734375 0.046875
0 0.52978515625 0.95458984375 0.0234375 0.041015625
0 0.92138671875 0.732421875 0.017578125 0.0478515625
0 0.3876953125 0.6494140625 0.0263671875 0.044921875
0 0.6806640625 0.94775390625 0.01953125 0.052734375
0 0.99072265625 0.572265625 0.0185546875 0.0390625
0 0.99658203125 0.904296875 0.0068359375 0.044921875
0 0.42578125 0.93359375 0.0283203125 0.0458984375
0 0.87109375 0.78564453125 0.01953125 0.0439453125
0 0.8359375 0.41015625 0.0224609375 0.0556640625
0 0.37451171875 0.91015625 0.0283203125 0.0400390625
0 0.7607421875 0.80029296875 0.021484375 0.044921875
0 0.8642578125 0.8544921875 0.0263671875 0.0322265625
0 0.5439453125 0.7421875 0.0234375 0.037109375
0 0.82763671875 0.52734375 0.0185546875 0.0615234375
0 0.9814453125 0.3876953125 0.0224609375 0.046875
0 0.8408203125 0.88916015625 0.021484375 0.046875
0 0.548828125 0.876953125 0.025390625 0.0439453125
0 0.58056640625 0.982421875 0.0283203125 0.0234375
0 0.34423828125 0.79345703125 0.017578125 0.0498046875
0 0.841796875 0.53369140625 0.017578125 0.0576171875
0 0.38427734375 0.93359375 0.03125 0.029296875
0 0.63134765625 0.97265625 0.0185546875 0.03515625
0 0.8310546875 0.50927734375 0.0166015625 0.0439453125
0 0.61669921875 0.9736328125 0.015625 0.0361328125
0 0.85791015625 0.90185546875 0.0244140625 0.048828125
0 0.37109375 0.9814453125 0.0234375 0.037109375
0 0.447265625 0.9931640625 0.017578125 0.013671875
0 0.30615234375 0.99609375 0.0146484375 0.0078125
0 0.65966796875 0.97265625 0.017578125 0.03125
0 0.5458984375 0.982421875 0.02734375 0.033203125
0 0.6484375 0.9521484375 0.02734375 0.0244140625
0 0.92138671875 0.91015625 0.0234375 0.0419921875
0 0.71337890625 0.97607421875 0.0205078125 0.0166015625
0 0.8779296875 0.85205078125 0.0234375 0.04296875
0 0.9423828125 0.81298828125 0.017578125 0.05078125
0 0.76416015625 0.97216796875 0.0146484375 0.013671875
0 0.86962890625 0.74853515625 0.0263671875 0.03515625
0 0.56298828125 0.4833984375 0.02734375 0.0400390625
0 0.30859375 0.50146484375 0.025390625 0.0400390625