0 0.7412109375 0.65478515625 0.0458984375 0.037109375
0 0.93798828125 0.84228515625 0.052734375 0.0703125
0 0.82666015625 0.62744140625 0.0498046875 0.0634765625
0 0.93212890625 0.7919921875 0.0517578125 0.0615234375
0 0.751953125 0.712890625 0.046875 0.037109375
0 0.7880859375 0.8349609375 0.0439453125 0.037109375
0 0.71533203125 0.95556640625 0.04296875 0.044921875
0 0.78466796875 0.9501953125 0.0498046875 0.060546875
0 0.64013671875 0.9375 0.033203125 0.0595703125
0 0.87451171875 0.66796875 0.0498046875 0.05078125
0 0.8662109375 0.16796875 0.0234375 0.0693359375