0 0.21337890625 0.32421875 0.021484375 0.0244140625
0 0.52294921875 0.23681640625 0.0185546875 0.0263671875
0 0.44873046875 0.9208984375 0.0205078125 0.0244140625
0 0.6337890625 0.2373046875 0.01953125 0.0263671875
0 0.48779296875 0.43115234375 0.0146484375 0.015625
0 0.30078125 0.86865234375 0.01953125 0.029296875
0 0.1357421875 0.2705078125 0.0224609375 0.0244140625
0 0.6953125 0.3974609375 0.0185546875 0.021484375
0 0.32568359375 0.87548828125 0.0166015625 0.025390625
0 0.36572265625 0.53662109375 0.015625 0.02734375
0 0.48681640625 0.86279296875 0.009765625 0.0185546875
0 0.42626953125 0.44091796875 0.01171875 0.0185546875
0 0.86474609375 0.2265625 0.017578125 0.0224609375
0 0.77392578125 0.29931640625 0.0166015625 0.0576171875
0 0.87841796875 0.22607421875 0.0185546875 0.0205078125
0 0.39208984375 0.6396484375 0.01171875 0.02734375
0 0.27294921875 0.822265625 0.0185546875 0.0224609375
0 0.29443359375 0.42138671875 0.0107421875 0.0234375
0 0.60791015625 0.58251953125 0.01953125 0.0234375
0 0.501953125 0.66357421875 0.015625 0.02734375
0 0.94384765625 0.7685546875 0.0107421875 0.0283203125
0 0.96142578125 0.33056640625 0.0126953125 0.03515625
0 0.3701171875 0.91064453125 0.0146484375 0.0341796875
0 0.671875 0.68603515625 0.0205078125 0.0234375
0 0.75830078125 0.36669921875 0.013671875 0.021484375
0 0.6591796875 0.5087890625 0.013671875 0.02734375
0 0.306640625 0.94189453125 0.0166015625 0.0322265625
0 0.98583984375 0.38134765625 0.0205078125 0.0205078125
0 0.6572265625 0.267578125 0.01953125 0.0244140625
0 0.6962890625 0.24951171875 0.025390625 0.02734375
0 0.50634765625 0.57373046875 0.017578125 0.021484375
0 0.97216796875 0.86767578125 0.013671875 0.025390625
0 0.35498046875 0.69580078125 0.017578125 0.025390625
0 0.98828125 0.88916015625 0.0166015625 0.0224609375
0 0.978515625 0.349609375 0.017578125 0.0224609375
0 0.47021484375 0.45263671875 0.0146484375 0.0185546875
0 0.39404296875 0.869140625 0.0087890625 0.0244140625
0 0.72119140625 0.68701171875 0.015625 0.03125
0 0.46435546875 0.5693359375 0.0126953125 0.01953125
0 0.38720703125 0.84814453125 0.015625 0.017578125
0 0.70849609375 0.86865234375 0.0146484375 0.0234375
0 0.99560546875 0.4375 0.0068359375 0.021484375
0 0.74951171875 0.68505859375 0.017578125 0.0302734375
0 0.3193359375 0.73876953125 0.01171875 0.015625
0 0.83837890625 0.6552734375 0.0205078125 0.02734375
0 0.42626953125 0.70654296875 0.01953125 0.02734375
0 0.5302734375 0.6875 0.0166015625 0.0234375
0 0.31103515625 0.6640625 0.0205078125 0.017578125
0 0.32177734375 0.6298828125 0.017578125 0.0224609375
0 0.8466796875 0.3974609375 0.01953125 0.0224609375
0 0.9677734375 0.48046875 0.0185546875 0.0283203125
0 0.3115234375 0.68994140625 0.017578125 0.015625
0 0.93603515625 0.58203125 0.017578125 0.0244140625
0 0.72900390625 0.2158203125 0.0126953125 0.01953125
0 0.45654296875 0.48681640625 0.01171875 0.021484375
0 0.80517578125 0.73876953125 0.0185546875 0.0361328125
0 0.541015625 0.287109375 0.0166015625 0.0283203125
0 0.88720703125 0.96435546875 0.009765625 0.025390625
0 0.54052734375 0.4970703125 0.017578125 0.0244140625
0 0.43505859375 0.494140625 0.013671875 0.0302734375
0 0.70263671875 0.67431640625 0.0126953125 0.0322265625
0 0.8525390625 0.28125 0.0166015625 0.0224609375
0 0.9306640625 0.92138671875 0.0166015625 0.0283203125
0 0.29248046875 0.62841796875 0.0185546875 0.025390625
0 0.533203125 0.474609375 0.0166015625 0.0322265625
0 0.9873046875 0.57177734375 0.017578125 0.025390625
0 0.8974609375 0.7470703125 0.0185546875 0.0322265625
0 0.91748046875 0.65673828125 0.0205078125 0.0263671875
0 0.3564453125 0.73291015625 0.015625 0.03125
0 0.89599609375 0.5341796875 0.0166015625 0.033203125
0 0.92138671875 0.82568359375 0.01953125 0.029296875
0 0.72998046875 0.6171875 0.0205078125 0.0205078125
0 0.50341796875 0.458984375 0.0166015625 0.0322265625
0 0.89794921875 0.49267578125 0.0166015625 0.0244140625
0 0.67724609375 0.27587890625 0.017578125 0.017578125
0 0.75537109375 0.78564453125 0.009765625 0.021484375
0 0.97216796875 0.93701171875 0.017578125 0.025390625
0 0.46826171875 0.5341796875 0.0146484375 0.01953125
0 0.42822265625 0.5615234375 0.0166015625 0.0302734375
0 0.30126953125 0.4111328125 0.009765625 0.0224609375
0 0.84716796875 0.51318359375 0.0185546875 0.0302734375
0 0.892578125 0.923828125 0.0185546875 0.0322265625
0 0.93115234375 0.62353515625 0.01953125 0.0341796875
0 0.67626953125 0.24072265625 0.0185546875 0.0166015625
0 0.759765625 0.77783203125 0.0185546875 0.0361328125
0 0.875 0.48193359375 0.0166015625 0.02734375
0 0.751953125 0.921875 0.015625 0.0224609375
0 0.92724609375 0.44287109375 0.01953125 0.0244140625
0 0.4365234375 0.20263671875 0.013671875 0.0224609375
0 0.82568359375 0.333984375 0.0205078125 0.02734375
0 0.91650390625 0.6279296875 0.0185546875 0.025390625
0 0.3388671875 0.67822265625 0.015625 0.0322265625
0 0.361328125 0.9921875 0.013671875 0.015625
0 0.6787109375 0.58251953125 0.015625 0.02734375
0 0.68701171875 0.87890625 0.0087890625 0.0224609375
0 0.328125 0.2060546875 0.0166015625 0.025390625
0 0.65380859375 0.4814453125 0.0205078125 0.0244140625
0 0.25244140625 0.21533203125 0.0166015625 0.025390625
0 0.00439453125 0.2197265625 0.0087890625 0.01953125
0 0.88525390625 0.794921875 0.0107421875 0.021484375
0 0.72314453125 0.591796875 0.0263671875 0.0341796875
0 0.5244140625 0.52099609375 0.0126953125 0.025390625
0 0.44384765625 0.2060546875 0.033203125 0.0400390625
0 0.30078125 0.208984375 0.021484375 0.03515625
0 0.76025390625 0.40771484375 0.0146484375 0.0380859375
0 0.08203125 0.24169921875 0.0224609375 0.033203125
0 0.8828125 0.83056640625 0.009765625 0.0234375
0 0.7529296875 0.57275390625 0.0087890625 0.0146484375
0 0.0693359375 0.20556640625 0.01953125 0.0283203125
0 0.36181640625 0.59375 0.0078125 0.0166015625
0 0.744140625 0.4599609375 0.0107421875 0.01953125
0 0.7119140625 0.58837890625 0.0107421875 0.025390625
0 0.83349609375 0.6630859375 0.01171875 0.0146484375