0 0.53466796875 0.62158203125 0.0126953125 0.02197265625
0 0.513671875 0.4892578125 0.01513671875 0.02099609375
0 0.4521484375 0.63916015625 0.0185546875 0.0224609375
0 0.44287109375 0.6962890625 0.0126953125 0.02587890625
0 0.5859375 0.494140625 0.0107421875 0.0205078125
0 0.58349609375 0.64599609375 0.01513671875 0.0263671875
0 0.50244140625 0.57080078125 0.0126953125 0.01708984375
0 0.572265625 0.837890625 0.01806640625 0.02880859375
0 0.5244140625 0.58154296875 0.01416015625 0.02197265625
0 0.70703125 0.49755859375 0.01171875 0.02587890625
0 0.505859375 0.9521484375 0.0166015625 0.02392578125
0 0.77197265625 0.462890625 0.01171875 0.021484375
0 0.2998046875 0.88720703125 0.015625 0.03369140625
0 0.4462890625 0.759765625 0.0185546875 0.02587890625
0 0.68359375 0.6337890625 0.01025390625 0.02099609375
0 0.40234375 0.8720703125 0.017578125 0.029296875
0 0.51953125 0.7529296875 0.0107421875 0.03125
0 0.90087890625 0.65478515625 0.015625 0.02783203125
0 0.5380859375 0.52294921875 0.0107421875 0.021484375
0 0.68212890625 0.80908203125 0.017578125 0.01806640625
0 0.875 0.3916015625 0.009765625 0.0234375
0 0.6357421875 0.509765625 0.00927734375 0.02197265625
0 0.6015625 0.57275390625 0.01318359375 0.01953125
0 0.29443359375 0.603515625 0.0205078125 0.03076171875
0 0.4755859375 0.6494140625 0.0244140625 0.025390625
0 0.96533203125 0.638671875 0.0146484375 0.02734375
0 0.58984375 0.60302734375 0.01611328125 0.02001953125
0 0.44677734375 0.8095703125 0.01025390625 0.02978515625
0 0.62060546875 0.462890625 0.009765625 0.0205078125
0 0.57177734375 0.60107421875 0.01220703125 0.02734375
0 0.421875 0.98876953125 0.0126953125 0.021484375
0 0.49853515625 0.7294921875 0.01416015625 0.02392578125
0 0.32421875 0.9140625 0.01806640625 0.0341796875
0 0.662109375 0.697265625 0.01123046875 0.0234375
0 0.630859375 0.5888671875 0.02001953125 0.02392578125
0 0.36474609375 0.90625 0.0234375 0.02880859375
0 0.55517578125 0.72412109375 0.017578125 0.01611328125
0 0.6767578125 0.67919921875 0.00830078125 0.0322265625
0 0.3271484375 0.73974609375 0.02001953125 0.02685546875
0 0.43701171875 0.8115234375 0.01416015625 0.02490234375
0 0.8388671875 0.39892578125 0.00927734375 0.02783203125
0 0.8623046875 0.4296875 0.01318359375 0.01904296875
0 0.3642578125 0.63427734375 0.00927734375 0.03173828125
0 0.81689453125 0.71142578125 0.01123046875 0.02685546875
0 0.9580078125 0.54150390625 0.0087890625 0.0283203125
0 0.85546875 0.41064453125 0.00927734375 0.02587890625
0 0.37109375 0.591796875 0.009765625 0.0244140625
0 0.3525390625 0.6162109375 0.0087890625 0.02783203125
0 0.7529296875 0.552734375 0.01220703125 0.021484375
0 0.986328125 0.54052734375 0.00927734375 0.029296875
0 0.61376953125 0.48388671875 0.0087890625 0.017578125
0 0.419921875 0.58447265625 0.01171875 0.015625
0 0.73095703125 0.98095703125 0.009765625 0.03564453125
0 0.6572265625 0.56689453125 0.00927734375 0.0283203125
0 0.67822265625 0.984375 0.01123046875 0.03076171875
0 0.6259765625 0.724609375 0.01220703125 0.0322265625
0 0.51220703125 0.6005859375 0.009765625 0.01708984375
0 0.955078125 0.8271484375 0.01904296875 0.02587890625
0 0.66259765625 0.40771484375 0.0087890625 0.015625
0 0.7978515625 0.685546875 0.01123046875 0.02587890625
0 0.2705078125 0.697265625 0.015625 0.02880859375
0 0.70849609375 0.41162109375 0.0078125 0.025390625
0 0.3017578125 0.62646484375 0.01171875 0.029296875
0 0.6083984375 0.87060546875 0.0087890625 0.02587890625
0 0.9267578125 0.97900390625 0.01171875 0.0302734375
0 0.458984375 0.740234375 0.01123046875 0.02490234375
0 0.9892578125 0.64111328125 0.00927734375 0.03466796875
0 0.7666015625 0.9306640625 0.00927734375 0.029296875
0 0.71044921875 0.587890625 0.00830078125 0.029296875
0 0.84716796875 0.966796875 0.01025390625 0.02587890625
0 0.396484375 0.6533203125 0.0126953125 0.021484375
0 0.60498046875 0.599609375 0.0107421875 0.0341796875
0 0.72900390625 0.7802734375 0.01171875 0.0263671875
0 0.5703125 0.48291015625 0.0087890625 0.01806640625
0 0.45947265625 0.52783203125 0.009765625 0.0185546875
0 0.92236328125 0.67724609375 0.00927734375 0.03369140625
0 0.88427734375 0.939453125 0.01904296875 0.033203125
0 0.98974609375 0.603515625 0.00927734375 0.03466796875
0 0.330078125 0.67626953125 0.01123046875 0.025390625
0 0.76220703125 0.587890625 0.0126953125 0.01513671875
0 0.34375 0.7216796875 0.015625 0.02685546875
0 0.890625 0.62255859375 0.0087890625 0.02978515625
0 0.77978515625 0.87646484375 0.01318359375 0.025390625
0 0.3505859375 0.9306640625 0.0166015625 0.037109375
0 0.6689453125 0.875 0.01025390625 0.02880859375
0 0.91943359375 0.92431640625 0.01416015625 0.02587890625
0 0.58837890625 0.775390625 0.00927734375 0.0205078125
0 0.80615234375 0.7568359375 0.00830078125 0.029296875
0 0.6591796875 0.72265625 0.01220703125 0.0322265625
0 0.73291015625 0.705078125 0.01171875 0.0205078125
0 0.80615234375 0.6455078125 0.0068359375 0.02734375
0 0.7158203125 0.88623046875 0.00830078125 0.03173828125
0 0.943359375 0.771484375 0.01953125 0.0283203125
0 0.49609375 0.669921875 0.01025390625 0.02197265625
0 0.73583984375 0.501953125 0.0078125 0.02197265625
0 0.5390625 0.5859375 0.0078125 0.02197265625
0 0.822265625 0.6962890625 0.0107421875 0.02099609375
0 0.8125 0.681640625 0.0087890625 0.03125
0 0.75927734375 0.8115234375 0.00732421875 0.021484375
0 0.4794921875 0.7041015625 0.009765625 0.021484375
0 0.76806640625 0.654296875 0.01416015625 0.02294921875
0 0.5595703125 0.6357421875 0.00830078125 0.0244140625
0 0.29443359375 0.79833984375 0.0126953125 0.03955078125
0 0.98583984375 0.98095703125 0.0107421875 0.03125
0 0.81591796875 0.9765625 0.01025390625 0.03564453125
0 0.30859375 0.65087890625 0.0107421875 0.01953125
0 0.736328125 0.4228515625 0.00732421875 0.02734375
0 0.34521484375 0.890625 0.01416015625 0.02490234375
0 0.912109375 0.97900390625 0.00830078125 0.0302734375
0 0.65478515625 0.73095703125 0.0107421875 0.03076171875
0 0.90087890625 0.9619140625 0.00927734375 0.03564453125
0 0.7529296875 0.58642578125 0.0078125 0.0283203125
0 0.80078125 0.943359375 0.0078125 0.0244140625
0 0.70458984375 0.8916015625 0.01220703125 0.02294921875
0 0.923828125 0.8505859375 0.01025390625 0.02587890625
0 0.22705078125 0.736328125 0.025390625 0.02734375
0 0.7685546875 0.548828125 0.00830078125 0.02099609375
0 0.60693359375 0.8828125 0.00927734375 0.02392578125
0 0.99658203125 0.6376953125 0.0068359375 0.033203125
0 0.81591796875 0.9453125 0.01025390625 0.02978515625
0 0.8642578125 0.9375 0.013671875 0.0341796875
0 0.7998046875 0.95751953125 0.00830078125 0.02978515625
0 0.3427734375 0.91064453125 0.02099609375 0.033203125
0 0.75 0.84814453125 0.01318359375 0.0263671875
0 0.84228515625 0.6953125 0.00927734375 0.01708984375
0 0.77001953125 0.876953125 0.0078125 0.0302734375
0 0.240234375 0.71923828125 0.01220703125 0.02783203125
0 0.89453125 0.82763671875 0.01025390625 0.03076171875
0 0.7783203125 0.89501953125 0.02294921875 0.03125
0 0.7529296875 0.72705078125 0.0078125 0.01904296875
0 0.79541015625 0.63427734375 0.01123046875 0.02392578125
0 0.9375 0.9130859375 0.00830078125 0.02197265625
0 0.90234375 0.9365234375 0.00927734375 0.0302734375
0 0.77392578125 0.697265625 0.00830078125 0.02099609375
0 0.79052734375 0.98876953125 0.009765625 0.021484375
0 0.76611328125 0.94873046875 0.009765625 0.03369140625
0 0.705078125 0.513671875 0.0087890625 0.0302734375
0 0.75146484375 0.740234375 0.0087890625 0.03125
0 0.91015625 0.7978515625 0.01025390625 0.02197265625
0 0.73974609375 0.57373046875 0.00927734375 0.03173828125