0 0.884765625 0.79736328125 0.0361328125 0.04052734375
0 0.8408203125 0.67236328125 0.01953125 0.02099609375
0 0.95068359375 0.75146484375 0.02783203125 0.0322265625
0 0.95068359375 0.708984375 0.0224609375 0.02734375
0 0.62451171875 0.720703125 0.02587890625 0.0302734375
0 0.58642578125 0.77685546875 0.03076171875 0.03076171875
0 0.74462890625 0.7275390625 0.01416015625 0.02001953125
0 0.943359375 0.66162109375 0.01611328125 0.02587890625
0 0.93701171875 0.919921875 0.03662109375 0.03955078125
0 0.66796875 0.697265625 0.02734375 0.02880859375
0 0.7177734375 0.734375 0.0205078125 0.01318359375
0 0.86865234375 0.76025390625 0.02685546875 0.03125
0 0.3984375 0.787109375 0.0185546875 0.02783203125
0 0.9326171875 0.697265625 0.021484375 0.02685546875
0 0.49951171875 0.904296875 0.0283203125 0.03564453125
0 0.64990234375 0.884765625 0.0234375 0.0400390625
0 0.9345703125 0.79248046875 0.017578125 0.041015625
0 0.904296875 0.7529296875 0.02392578125 0.02880859375
0 0.89111328125 0.6826171875 0.01953125 0.02880859375
0 0.982421875 0.9599609375 0.03466796875 0.0478515625
0 0.61279296875 0.9052734375 0.03125 0.0341796875
0 0.54833984375 0.7080078125 0.02685546875 0.029296875
0 0.57275390625 0.8876953125 0.0283203125 0.033203125
0 0.91162109375 0.6865234375 0.01513671875 0.02685546875
0 0.666015625 0.67822265625 0.02001953125 0.01953125
0 0.14404296875 0.94189453125 0.021484375 0.048828125
0 0.57763671875 0.9921875 0.02392578125 0.0146484375
0 0.54248046875 0.88232421875 0.017578125 0.02392578125
0 0.3076171875 0.75146484375 0.02197265625 0.025390625
0 0.3212890625 0.91845703125 0.033203125 0.025390625
0 0.33203125 0.9375 0.02197265625 0.02197265625
0 0.98974609375 0.849609375 0.01953125 0.03857421875
0 0.896484375 0.751953125 0.009765625 0.02197265625
0 0.8134765625 0.9931640625 0.02001953125 0.0126953125
0 0.0498046875 0.49951171875 0.00927734375 0.00830078125
0 0.56591796875 0.8896484375 0.013671875 0.0166015625