0 0.150390625 0.515625 0.0341796875 0.046875
0 0.0927734375 0.47998046875 0.0244140625 0.05078125
0 0.2939453125 0.94189453125 0.0224609375 0.0576171875
0 0.080078125 0.12109375 0.0380859375 0.037109375
0 0.0517578125 0.39892578125 0.0361328125 0.046875
0 0.1279296875 0.0986328125 0.0322265625 0.0498046875
0 0.2470703125 0.8701171875 0.02734375 0.046875
0 0.13818359375 0.697265625 0.037109375 0.046875
0 0.07177734375 0.34619140625 0.033203125 0.05078125
0 0.1875 0.96533203125 0.0263671875 0.056640625
0 0.12548828125 0.60888671875 0.0322265625 0.044921875
0 0.0986328125 0.87548828125 0.033203125 0.044921875
0 0.400390625 0.90478515625 0.03125 0.0595703125
0 0.07861328125 0.9658203125 0.03515625 0.0458984375
0 0.13720703125 0.8369140625 0.033203125 0.0439453125
0 0.013671875 0.95654296875 0.02734375 0.0458984375
0 0.02197265625 0.3515625 0.0400390625 0.0400390625
0 0.07861328125 0.25048828125 0.0322265625 0.052734375
0 0.21337890625 0.8681640625 0.021484375 0.0458984375
0 0.0341796875 0.51708984375 0.015625 0.0341796875
0 0.05419921875 0.658203125 0.033203125 0.0478515625
0 0.0556640625 0.82177734375 0.033203125 0.0546875
0 0.25244140625 0.9052734375 0.0224609375 0.064453125
0 0.076171875 0.67822265625 0.0458984375 0.072265625
0 0.01123046875 0.63720703125 0.0224609375 0.0478515625
0 0.189453125 0.8876953125 0.0185546875 0.0537109375
0 0.177734375 0.82421875 0.02734375 0.0556640625
0 0.1767578125 0.68603515625 0.0390625 0.0634765625
0 0.1796875 0.85205078125 0.033203125 0.0439453125
0 0.263671875 0.05615234375 0.01953125 0.04296875
0 0.15576171875 0.00634765625 0.0205078125 0.0126953125
0 0.01025390625 0.4423828125 0.01953125 0.0478515625
0 0.009765625 0.099609375 0.0068359375 0.0400390625
0 0.005859375 0.44189453125 0.009765625 0.0400390625