0 0.40966796875 0.36962890625 0.0087890625 0.0244140625
0 0.3994140625 0.35791015625 0.013671875 0.0302734375
0 0.2470703125 0.48388671875 0.0166015625 0.0400390625
0 0.28515625 0.65478515625 0.0263671875 0.03125
0 0.12109375 0.52099609375 0.0185546875 0.044921875
0 0.2744140625 0.43115234375 0.0185546875 0.03125
0 0.30615234375 0.373046875 0.0224609375 0.0322265625
0 0.16796875 0.5634765625 0.0224609375 0.0390625
0 0.02197265625 0.1474609375 0.01171875 0.0234375
0 0.1220703125 0.32861328125 0.0205078125 0.02734375
0 0.24462890625 0.642578125 0.0234375 0.0361328125
0 0.36083984375 0.326171875 0.0234375 0.03125
0 0.38427734375 0.34130859375 0.0166015625 0.03125
0 0.25732421875 0.640625 0.017578125 0.0400390625
0 0.06640625 0.15234375 0.013671875 0.0283203125
0 0.02880859375 0.10107421875 0.01171875 0.0224609375
0 0.046875 0.0791015625 0.01171875 0.02734375
0 0.009765625 0.14599609375 0.01171875 0.0244140625
0 0.11474609375 0.24267578125 0.021484375 0.0263671875
0 0.2626953125 0.5703125 0.01953125 0.0390625
0 0.0673828125 0.0849609375 0.013671875 0.021484375
0 0.1953125 0.3544921875 0.01953125 0.0322265625