0 0.67919921875 0.76220703125 0.0107421875 0.02783203125
0 0.31298828125 0.8173828125 0.01708984375 0.02587890625
0 0.47998046875 0.80859375 0.0146484375 0.0224609375
0 0.60009765625 0.5146484375 0.01806640625 0.02099609375
0 0.9091796875 0.443359375 0.0107421875 0.02294921875
0 0.12353515625 0.744140625 0.02197265625 0.02197265625
0 0.3623046875 0.9609375 0.02001953125 0.0244140625
0 0.361328125 0.8515625 0.01611328125 0.0224609375
0 0.5927734375 0.86865234375 0.017578125 0.02001953125
0 0.97509765625 0.587890625 0.0126953125 0.0205078125
0 0.56298828125 0.85302734375 0.0205078125 0.02001953125
0 0.73291015625 0.71533203125 0.01025390625 0.02197265625
0 0.71435546875 0.578125 0.0146484375 0.017578125
0 0.8603515625 0.4091796875 0.0087890625 0.01904296875
0 0.2744140625 0.94970703125 0.0185546875 0.03125
0 0.37548828125 0.7333984375 0.01220703125 0.013671875
0 0.8818359375 0.69482421875 0.01416015625 0.0283203125
0 0.2802734375 0.90087890625 0.02197265625 0.02685546875
0 0.3193359375 0.931640625 0.0185546875 0.0224609375
0 0.52587890625 0.6923828125 0.01513671875 0.02294921875
0 0.89404296875 0.78662109375 0.0126953125 0.01953125
0 0.841796875 0.626953125 0.01513671875 0.01708984375
0 0.396484375 0.787109375 0.013671875 0.0234375
0 0.74560546875 0.486328125 0.01025390625 0.025390625
0 0.7783203125 0.43505859375 0.01025390625 0.01904296875
0 0.7978515625 0.56982421875 0.009765625 0.0224609375
0 0.8349609375 0.43359375 0.00830078125 0.01708984375
0 0.71142578125 0.474609375 0.01123046875 0.02001953125
0 0.490234375 0.61767578125 0.009765625 0.0205078125
0 0.216796875 0.91748046875 0.01708984375 0.02734375
0 0.6396484375 0.50244140625 0.01708984375 0.02197265625
0 0.95654296875 0.44189453125 0.00927734375 0.02197265625
0 0.91357421875 0.517578125 0.0107421875 0.02001953125
0 0.54345703125 0.720703125 0.01708984375 0.017578125
0 0.451171875 0.693359375 0.01416015625 0.015625
0 0.47607421875 0.7001953125 0.01220703125 0.02197265625
0 0.9755859375 0.431640625 0.0107421875 0.025390625
0 0.8544921875 0.640625 0.01416015625 0.0205078125
0 0.826171875 0.595703125 0.013671875 0.01904296875
0 0.2900390625 0.9619140625 0.02001953125 0.0224609375
0 0.2158203125 0.79296875 0.01611328125 0.0185546875
0 0.724609375 0.4833984375 0.0087890625 0.02099609375
0 0.841796875 0.72998046875 0.009765625 0.02734375
0 0.55419921875 0.76611328125 0.01513671875 0.0224609375
0 0.2978515625 0.97314453125 0.0205078125 0.02392578125
0 0.43359375 0.71728515625 0.015625 0.01318359375
0 0.9384765625 0.56298828125 0.00927734375 0.01904296875
0 0.537109375 0.9931640625 0.02001953125 0.0126953125
0 0.96826171875 0.3984375 0.0107421875 0.01708984375
0 0.404296875 0.74755859375 0.01806640625 0.01953125
0 0.45458984375 0.6708984375 0.0185546875 0.015625
0 0.533203125 0.77197265625 0.02001953125 0.01953125
0 0.986328125 0.53857421875 0.01708984375 0.0224609375
0 0.5087890625 0.7275390625 0.01171875 0.01611328125
0 0.2294921875 0.9150390625 0.01416015625 0.0283203125
0 0.01416015625 0.8642578125 0.02001953125 0.0302734375
0 0.8759765625 0.4462890625 0.01123046875 0.0185546875
0 0.9228515625 0.53759765625 0.00927734375 0.01953125
0 0.986328125 0.67041015625 0.0166015625 0.04150390625
0 0.60693359375 0.748046875 0.009765625 0.02587890625
0 0.75341796875 0.5126953125 0.01171875 0.0224609375
0 0.873046875 0.54150390625 0.0087890625 0.025390625
0 0.43798828125 0.76708984375 0.01611328125 0.0146484375
0 0.26171875 0.8798828125 0.017578125 0.0263671875
0 0.43994140625 0.791015625 0.013671875 0.01806640625
0 0.927734375 0.40771484375 0.00830078125 0.0205078125
0 0.552734375 0.6953125 0.01708984375 0.0185546875
0 0.98095703125 0.41552734375 0.0126953125 0.0205078125
0 0.91357421875 0.408203125 0.01171875 0.02197265625
0 0.740234375 0.6572265625 0.013671875 0.02197265625
0 0.8837890625 0.5595703125 0.01220703125 0.02099609375
0 0.830078125 0.67236328125 0.0166015625 0.02001953125
0 0.240234375 0.97412109375 0.02099609375 0.01708984375
0 0.9814453125 0.64599609375 0.01123046875 0.025390625
0 0.98046875 0.56396484375 0.01025390625 0.0263671875
0 0.81005859375 0.81689453125 0.01171875 0.0234375