0 0.74072265625 0.77783203125 0.02490234375 0.0537109375
0 0.6123046875 0.28759765625 0.033203125 0.0458984375
0 0.76953125 0.4912109375 0.01953125 0.05517578125
0 0.69873046875 0.44482421875 0.0224609375 0.0439453125
0 0.68359375 0.95751953125 0.01904296875 0.04833984375
0 0.73388671875 0.3564453125 0.02685546875 0.03759765625
0 0.666015625 0.32470703125 0.0322265625 0.05712890625
0 0.7548828125 0.70947265625 0.0244140625 0.037109375
0 0.75830078125 0.275390625 0.01806640625 0.05712890625
0 0.63720703125 0.02294921875 0.02685546875 0.0458984375
0 0.80029296875 0.3447265625 0.01904296875 0.05224609375
0 0.939453125 0.63330078125 0.021484375 0.05517578125
0 0.82666015625 0.1201171875 0.02099609375 0.0458984375
0 0.93798828125 0.29052734375 0.0185546875 0.05322265625
0 0.52392578125 0.568359375 0.025390625 0.044921875
0 0.54052734375 0.359375 0.021484375 0.04541015625
0 0.79736328125 0.01806640625 0.01806640625 0.0361328125
0 0.87744140625 0.0283203125 0.02392578125 0.03955078125
0 0.546875 0.41455078125 0.0146484375 0.03076171875
0 0.693359375 0.66015625 0.02294921875 0.0595703125
0 0.55126953125 0.2998046875 0.015625 0.041015625
0 0.6142578125 0.3564453125 0.0322265625 0.03564453125
0 0.5380859375 0.53076171875 0.02001953125 0.05517578125
0 0.609375 0.21240234375 0.025390625 0.05615234375
0 0.54345703125 0.86376953125 0.02197265625 0.0615234375
0 0.5673828125 0.33984375 0.02001953125 0.056640625