0 0.04931640625 0.513671875 0.01806640625 0.01904296875
0 0.3203125 0.5595703125 0.017578125 0.0302734375
0 0.25244140625 0.79443359375 0.0185546875 0.0283203125
0 0.0634765625 0.4326171875 0.02490234375 0.01953125
0 0.09619140625 0.47412109375 0.02783203125 0.02099609375
0 0.01904296875 0.51806640625 0.0146484375 0.0234375
0 0.078125 0.60498046875 0.02783203125 0.02294921875
0 0.103515625 0.77197265625 0.03125 0.02587890625
0 0.3427734375 0.08935546875 0.0263671875 0.0185546875
0 0.5966796875 0.216796875 0.02392578125 0.01806640625
0 0.17626953125 0.64697265625 0.0263671875 0.03125
0 0.17578125 0.24853515625 0.02490234375 0.02001953125
0 0.00732421875 0.5595703125 0.01416015625 0.02490234375
0 0.46533203125 0.21484375 0.0224609375 0.0166015625
0 0.19677734375 0.611328125 0.0205078125 0.03173828125
0 0.173828125 0.83447265625 0.0263671875 0.0341796875
0 0.3310546875 0.537109375 0.01708984375 0.015625
0 0.646484375 0.4384765625 0.02099609375 0.01953125
0 0.0693359375 0.666015625 0.02685546875 0.02734375
0 0.451171875 0.408203125 0.02783203125 0.02099609375
0 0.4443359375 0.59619140625 0.02099609375 0.02978515625
0 0.29150390625 0.41650390625 0.02685546875 0.02001953125
0 0.0078125 0.0751953125 0.01513671875 0.0234375
0 0.16259765625 0.666015625 0.0234375 0.02490234375
0 0.23876953125 0.7568359375 0.0166015625 0.04052734375
0 0.3662109375 0.109375 0.0185546875 0.0146484375
0 0.20166015625 0.04345703125 0.0205078125 0.017578125
0 0.4541015625 0.2734375 0.0205078125 0.02294921875
0 0.00537109375 0.88232421875 0.01025390625 0.03857421875
0 0.2890625 0.61669921875 0.02294921875 0.03369140625
0 0.36376953125 0.19677734375 0.021484375 0.01806640625
0 0.3046875 0.1787109375 0.0146484375 0.01904296875
0 0.3525390625 0.79833984375 0.0244140625 0.021484375
0 0.48095703125 0.55859375 0.0244140625 0.0361328125
0 0.3828125 0.12939453125 0.02197265625 0.01953125
0 0.0927734375 0.771484375 0.01416015625 0.01953125
0 0.22705078125 0.75634765625 0.0234375 0.03125
0 0.42724609375 0.5947265625 0.0146484375 0.01953125