0 0.6025390625 0.0654296875 0.0234375 0.0341796875
0 0.7392578125 0.19482421875 0.02734375 0.0458984375
0 0.80322265625 0.0400390625 0.0244140625 0.0390625
0 0.32421875 0.18212890625 0.01953125 0.03125
0 0.2490234375 0.38623046875 0.021484375 0.0341796875
0 0.77880859375 0.49951171875 0.025390625 0.0263671875
0 0.7294921875 0.29248046875 0.0224609375 0.0390625
0 0.57666015625 0.33544921875 0.0185546875 0.0361328125
0 0.2001953125 0.125 0.0224609375 0.0400390625
0 0.4951171875 0.1328125 0.0224609375 0.041015625
0 0.72021484375 0.2470703125 0.0224609375 0.0400390625
0 0.56396484375 0.21484375 0.0185546875 0.0458984375
0 0.681640625 0.2509765625 0.01953125 0.0419921875
0 0.39404296875 0.201171875 0.01953125 0.0400390625
0 0.53271484375 0.03076171875 0.01953125 0.0439453125
0 0.42578125 0.1611328125 0.01953125 0.0458984375
0 0.74560546875 0.44677734375 0.03125 0.0244140625
0 0.296875 0.28759765625 0.013671875 0.0322265625
0 0.23974609375 0.087890625 0.01953125 0.0419921875
0 0.4541015625 0.13134765625 0.0166015625 0.0439453125
0 0.0537109375 0.61767578125 0.0263671875 0.044921875
0 0.23974609375 0.1552734375 0.0185546875 0.0458984375
0 0.00830078125 0.11279296875 0.0166015625 0.0361328125
0 0.10791015625 0.5419921875 0.0146484375 0.037109375
0 0.08740234375 0.18310546875 0.0234375 0.0341796875
0 0.1201171875 0.287109375 0.01953125 0.046875
0 0.03173828125 0.30859375 0.017578125 0.037109375
0 0.13232421875 0.1728515625 0.015625 0.0419921875
0 0.03125 0.2060546875 0.0185546875 0.04296875
0 0.00390625 0.20947265625 0.0078125 0.0400390625
0 0.05419921875 0.25341796875 0.021484375 0.0390625
0 0.05859375 0.1630859375 0.01953125 0.0390625
0 0.064453125 0.19921875 0.015625 0.0400390625
0 0.02880859375 0.15478515625 0.0205078125 0.03515625
0 0.11328125 0.22509765625 0.015625 0.041015625
0 0.01025390625 0.5771484375 0.0146484375 0.0400390625
0 0.0771484375 0.2275390625 0.0234375 0.041015625