0 0.88232421875 0.90087890625 0.0322265625 0.03857421875
0 0.935546875 0.9755859375 0.04541015625 0.04638671875
0 0.9853515625 0.72900390625 0.02294921875 0.02294921875
0 0.97705078125 0.81103515625 0.02392578125 0.03173828125
0 0.7333984375 0.728515625 0.017578125 0.02001953125
0 0.87890625 0.7880859375 0.03076171875 0.03125
0 0.61279296875 0.90380859375 0.03271484375 0.037109375
0 0.92822265625 0.755859375 0.01953125 0.02392578125
0 0.81787109375 0.7216796875 0.02099609375 0.0234375
0 0.716796875 0.87744140625 0.037109375 0.03369140625
0 0.744140625 0.93505859375 0.0263671875 0.03955078125
0 0.85107421875 0.90185546875 0.0283203125 0.02099609375
0 0.80859375 0.76708984375 0.0263671875 0.02880859375
0 0.7568359375 0.6796875 0.02197265625 0.0205078125
0 0.51904296875 0.77685546875 0.0126953125 0.021484375
0 0.78125 0.91650390625 0.01708984375 0.044921875
0 0.70703125 0.9375 0.02685546875 0.04052734375
0 0.630859375 0.88232421875 0.02880859375 0.03125
0 0.90478515625 0.62646484375 0.01416015625 0.0146484375
0 0.6982421875 0.8251953125 0.02685546875 0.02880859375
0 0.96728515625 0.9609375 0.03125 0.04296875
0 0.9453125 0.6826171875 0.0234375 0.02197265625
0 0.712890625 0.646484375 0.01708984375 0.01806640625
0 0.345703125 0.9892578125 0.02734375 0.021484375
0 0.57861328125 0.77099609375 0.02392578125 0.03125
0 0.89453125 0.9833984375 0.0400390625 0.033203125
0 0.63720703125 0.68505859375 0.01123046875 0.0166015625
0 0.93408203125 0.6669921875 0.0185546875 0.02001953125
0 0.474609375 0.9775390625 0.033203125 0.04248046875
0 0.84716796875 0.65576171875 0.00927734375 0.01025390625
0 0.830078125 0.65966796875 0.01220703125 0.0087890625
0 0.5380859375 0.744140625 0.01025390625 0.025390625
0 0.767578125 0.65380859375 0.01611328125 0.0185546875
0 0.7958984375 0.72900390625 0.01904296875 0.017578125
0 0.9833984375 0.64208984375 0.0146484375 0.01806640625
0 0.9765625 0.619140625 0.013671875 0.01611328125
0 0.6982421875 0.810546875 0.02294921875 0.021484375
0 0.97705078125 0.68017578125 0.01171875 0.0205078125
0 0.62841796875 0.73779296875 0.0185546875 0.013671875
0 0.95654296875 0.66259765625 0.01025390625 0.015625
0 0.994140625 0.662109375 0.01171875 0.021484375
0 0.71484375 0.98779296875 0.02294921875 0.021484375
0 0.990234375 0.826171875 0.01953125 0.03076171875
0 0.97021484375 0.6376953125 0.013671875 0.01806640625
0 0.7763671875 0.640625 0.0166015625 0.017578125
0 0.9404296875 0.6298828125 0.01025390625 0.01220703125
0 0.92822265625 0.630859375 0.009765625 0.017578125
0 0.6396484375 0.74462890625 0.013671875 0.013671875
0 0.798828125 0.76025390625 0.0166015625 0.02587890625
0 0.78564453125 0.63232421875 0.01171875 0.01513671875
0 0.7509765625 0.72265625 0.0087890625 0.0126953125
0 0.77978515625 0.72412109375 0.0068359375 0.01806640625
0 0.95263671875 0.63330078125 0.0078125 0.01708984375
0 0.56103515625 0.669921875 0.01611328125 0.0185546875
0 0.98583984375 0.66650390625 0.02392578125 0.02880859375
0 0.98388671875 0.716796875 0.01513671875 0.01708984375
0 0.68896484375 0.8251953125 0.01025390625 0.0224609375