0 0.75 0.20458984375 0.05859375 0.0751953125
0 0.80224609375 0.48388671875 0.0859375 0.0927734375
0 0.3525390625 0.140625 0.04443359375 0.05322265625
0 0.4765625 0.30859375 0.0419921875 0.0751953125
0 0.9189453125 0.169921875 0.0537109375 0.06298828125
0 0.70068359375 0.19873046875 0.04443359375 0.04248046875
0 0.49267578125 0.13134765625 0.0615234375 0.06103515625
0 0.4130859375 0.3212890625 0.03857421875 0.08349609375
0 0.34521484375 0.5625 0.04150390625 0.095703125
0 0.2978515625 0.20166015625 0.05322265625 0.06396484375
0 0.169921875 0.6787109375 0.09033203125 0.10986328125
0 0.986328125 0.22412109375 0.0244140625 0.03369140625
0 0.56494140625 0.25439453125 0.02685546875 0.0986328125
0 0.87060546875 0.4326171875 0.05859375 0.0859375
0 0.91943359375 0.62548828125 0.087890625 0.10986328125
0 0.953125 0.0205078125 0.0390625 0.041015625
0 0.7060546875 0.56591796875 0.08251953125 0.12158203125
0 0.77490234375 0.90966796875 0.05859375 0.16455078125
0 0.474609375 0.0078125 0.03173828125 0.0146484375
0 0.99609375 0.0107421875 0.0078125 0.021484375
0 0.462890625 0.31396484375 0.0185546875 0.037109375