0 0.76708984375 0.587890625 0.015625 0.0302734375
0 0.83642578125 0.7939453125 0.017578125 0.017578125
0 0.63916015625 0.7998046875 0.0166015625 0.029296875
0 0.82958984375 0.9111328125 0.021484375 0.0224609375
0 0.83447265625 0.9521484375 0.021484375 0.0146484375
0 0.05419921875 0.591796875 0.0185546875 0.017578125
0 0.05517578125 0.5478515625 0.0146484375 0.01953125
0 0.0390625 0.58837890625 0.0185546875 0.015625
0 0.03759765625 0.5986328125 0.0166015625 0.01171875
0 0.12841796875 0.53369140625 0.0185546875 0.0224609375
0 0.1748046875 0.53173828125 0.0166015625 0.021484375
0 0.783203125 0.99462890625 0.013671875 0.0107421875
0 0.921875 0.67724609375 0.0205078125 0.017578125
0 0.7978515625 0.9208984375 0.0234375 0.029296875
0 0.84130859375 0.994140625 0.0166015625 0.01171875
0 0.8720703125 0.89697265625 0.0205078125 0.021484375
0 0.21044921875 0.4052734375 0.0341796875 0.0263671875
0 0.28369140625 0.67724609375 0.029296875 0.02734375
0 0.4677734375 0.78759765625 0.029296875 0.0234375
0 0.23779296875 0.70166015625 0.029296875 0.01953125
0 0.19775390625 0.4267578125 0.0283203125 0.029296875
0 0.130859375 0.4716796875 0.0244140625 0.0263671875
0 0.1259765625 0.435546875 0.017578125 0.0185546875
0 0.09716796875 0.54736328125 0.01953125 0.0166015625
0 0.85302734375 0.5361328125 0.03515625 0.0234375
0 0.7880859375 0.5224609375 0.0322265625 0.021484375
0 0.30078125 0.763671875 0.0322265625 0.0234375
0 0.060546875 0.48828125 0.0263671875 0.017578125
0 0.66357421875 0.52099609375 0.029296875 0.021484375
0 0.58740234375 0.46875 0.029296875 0.0234375
0 0.30322265625 0.67431640625 0.025390625 0.017578125
0 0.240234375 0.40966796875 0.0322265625 0.0205078125
0 0.49560546875 0.5322265625 0.0244140625 0.0166015625
0 0.11181640625 0.49365234375 0.03125 0.0224609375
0 0.36962890625 0.58642578125 0.0244140625 0.017578125