0 0.93798828125 0.05224609375 0.0166015625 0.01611328125
0 0.50146484375 0.09326171875 0.0126953125 0.01904296875
0 0.5283203125 0.19775390625 0.0078125 0.0205078125
0 0.560546875 0.20849609375 0.00830078125 0.02099609375
0 0.54248046875 0.13671875 0.0068359375 0.0185546875
0 0.5166015625 0.18701171875 0.0078125 0.02099609375
0 0.56005859375 0.15283203125 0.00732421875 0.02001953125
0 0.54150390625 0.18896484375 0.00830078125 0.0185546875
0 0.52685546875 0.10009765625 0.00732421875 0.0185546875
0 0.5712890625 0.087890625 0.00732421875 0.01904296875
0 0.65966796875 0.2548828125 0.0068359375 0.01953125
0 0.64599609375 0.23876953125 0.00732421875 0.02001953125
0 0.85400390625 0.24609375 0.01025390625 0.013671875
0 0.6357421875 0.23583984375 0.00634765625 0.021484375
0 0.568359375 0.05712890625 0.00927734375 0.03369140625
0 0.61083984375 0.0908203125 0.009765625 0.021484375
0 0.62646484375 0.11083984375 0.0087890625 0.0224609375
0 0.58251953125 0.01025390625 0.0107421875 0.0205078125
0 0.5869140625 0.13427734375 0.01025390625 0.02197265625
0 0.498046875 0.17919921875 0.0068359375 0.01953125
0 0.876953125 0.21875 0.0068359375 0.01806640625
0 0.69287109375 0.263671875 0.0087890625 0.01806640625
0 0.55908203125 0.0322265625 0.005859375 0.02001953125
0 0.68701171875 0.0146484375 0.0087890625 0.01953125
0 0.64794921875 0.19482421875 0.00732421875 0.02197265625
0 0.6083984375 0.12353515625 0.00830078125 0.021484375
0 0.9765625 0.2548828125 0.01025390625 0.01416015625
0 0.8505859375 0.27392578125 0.0087890625 0.02099609375
0 0.59716796875 0.17919921875 0.0078125 0.02099609375
0 0.62939453125 0.16064453125 0.00927734375 0.02685546875
0 0.90234375 0.13818359375 0.0068359375 0.017578125
0 0.61181640625 0.2109375 0.0078125 0.01513671875
0 0.7470703125 0.25732421875 0.01318359375 0.0283203125
0 0.60009765625 0.14794921875 0.00830078125 0.02099609375
0 0.669921875 0.0185546875 0.01025390625 0.0224609375
0 0.671875 0.0361328125 0.0078125 0.0244140625
0 0.62158203125 0.17529296875 0.00634765625 0.01513671875
0 0.771484375 0.013671875 0.009765625 0.0234375
0 0.583984375 0.171875 0.00537109375 0.01708984375
0 0.6083984375 0.0625 0.00830078125 0.02099609375
0 0.60986328125 0.173828125 0.0078125 0.02197265625
0 0.65869140625 0.21337890625 0.009765625 0.02392578125
0 0.96435546875 0.0068359375 0.0107421875 0.01318359375
0 0.6103515625 0.0302734375 0.0078125 0.025390625
0 0.744140625 0.009765625 0.00927734375 0.0185546875
0 0.86181640625 0.2177734375 0.009765625 0.02099609375
0 0.87841796875 0.02099609375 0.01025390625 0.02197265625
0 0.841796875 0.27294921875 0.00732421875 0.0205078125
0 0.7861328125 0.20361328125 0.00634765625 0.02392578125
0 0.71826171875 0.15625 0.009765625 0.02001953125
0 0.669921875 0.16552734375 0.00537109375 0.02392578125
0 0.75537109375 0.1884765625 0.00732421875 0.0234375
0 0.6904296875 0.1650390625 0.00732421875 0.021484375
0 0.744140625 0.205078125 0.0068359375 0.02392578125
0 0.64404296875 0.0302734375 0.01123046875 0.0322265625
0 0.60009765625 0.0087890625 0.0087890625 0.0166015625
0 0.85205078125 0.2197265625 0.00732421875 0.02099609375
0 0.82470703125 0.1142578125 0.00830078125 0.01806640625
0 0.73388671875 0.20068359375 0.0078125 0.0205078125
0 0.8017578125 0.2275390625 0.00732421875 0.02197265625
0 0.8583984375 0.1767578125 0.00732421875 0.01708984375
0 0.83935546875 0.2255859375 0.009765625 0.02099609375
0 0.99658203125 0.26123046875 0.00634765625 0.0166015625
0 0.64892578125 0.0830078125 0.00927734375 0.02392578125
0 0.771484375 0.23583984375 0.01416015625 0.037109375
0 0.73193359375 0.02392578125 0.00732421875 0.021484375
0 0.7607421875 0.2421875 0.0107421875 0.03125
0 0.732421875 0.2587890625 0.00634765625 0.0166015625
0 0.70556640625 0.22705078125 0.00927734375 0.01953125
0 0.65234375 0.1083984375 0.0107421875 0.0234375
0 0.94091796875 0.2607421875 0.01220703125 0.0126953125
0 0.97998046875 0.03271484375 0.0107421875 0.01611328125
0 0.8349609375 0.2626953125 0.0078125 0.02197265625
0 0.85546875 0.09228515625 0.01171875 0.0166015625
0 0.91796875 0.17822265625 0.01123046875 0.01123046875
0 0.65234375 0.1474609375 0.00732421875 0.0224609375
0 0.7236328125 0.2333984375 0.01025390625 0.013671875
0 0.78515625 0.236328125 0.0078125 0.02099609375
0 0.49658203125 0.0478515625 0.01123046875 0.0283203125
0 0.71240234375 0.189453125 0.0087890625 0.02099609375
0 0.671875 0.21875 0.0078125 0.0185546875
0 0.7958984375 0.0849609375 0.00732421875 0.0185546875
0 0.822265625 0.2412109375 0.00830078125 0.017578125
0 0.7744140625 0.177734375 0.00830078125 0.0244140625
0 0.66259765625 0.04150390625 0.0087890625 0.02734375
0 0.6650390625 0.1875 0.00830078125 0.0205078125
0 0.59716796875 0.0390625 0.0078125 0.01953125
0 0.92431640625 0.0263671875 0.01318359375 0.01416015625
0 0.73583984375 0.11376953125 0.00927734375 0.0224609375
0 0.88134765625 0.13525390625 0.00830078125 0.0283203125
0 0.8984375 0.2685546875 0.0126953125 0.01318359375
0 0.89892578125 0.19287109375 0.0107421875 0.0185546875
0 0.7314453125 0.078125 0.0107421875 0.01708984375
0 0.83642578125 0.10205078125 0.009765625 0.01953125
0 0.99755859375 0.18408203125 0.00439453125 0.013671875
0 0.693359375 0.201171875 0.00830078125 0.017578125
0 0.650390625 0.06591796875 0.0087890625 0.01904296875
0 0.70556640625 0.18359375 0.00830078125 0.0244140625
0 0.970703125 0.13623046875 0.01025390625 0.013671875
0 0.7958984375 0.10205078125 0.0078125 0.01611328125
0 0.93115234375 0.189453125 0.0087890625 0.0166015625
0 0.77001953125 0.06494140625 0.00927734375 0.0205078125
0 0.955078125 0.267578125 0.01171875 0.01953125
0 0.72607421875 0.1220703125 0.009765625 0.02587890625
0 0.68115234375 0.11328125 0.00830078125 0.02490234375
0 0.7666015625 0.19921875 0.0107421875 0.025390625
0 0.95703125 0.24560546875 0.00927734375 0.01318359375
0 0.923828125 0.2568359375 0.01220703125 0.0146484375
0 0.6025390625 0.244140625 0.00732421875 0.01611328125
0 0.7255859375 0.09326171875 0.00927734375 0.02587890625
0 0.71240234375 0.11767578125 0.00927734375 0.029296875
0 0.7548828125 0.05224609375 0.009765625 0.0166015625
0 0.73388671875 0.177734375 0.005859375 0.01416015625
0 0.82177734375 0.19580078125 0.01318359375 0.015625
0 0.658203125 0.0234375 0.0087890625 0.021484375
0 0.76220703125 0.13818359375 0.0126953125 0.02294921875
0 0.7861328125 0.126953125 0.01513671875 0.017578125
0 0.78955078125 0.06494140625 0.0126953125 0.0126953125
0 0.69482421875 0.11279296875 0.0078125 0.02392578125
0 0.9853515625 0.22216796875 0.013671875 0.01171875
0 0.841796875 0.005859375 0.01220703125 0.01123046875
0 0.8037109375 0.185546875 0.0078125 0.015625
0 0.669921875 0.0810546875 0.009765625 0.0234375
0 0.99755859375 0.162109375 0.00439453125 0.0126953125
0 0.68212890625 0.0859375 0.0087890625 0.02099609375
0 0.802734375 0.2060546875 0.0078125 0.02392578125
0 0.62109375 0.00830078125 0.0087890625 0.015625
0 0.92626953125 0.1640625 0.01123046875 0.01318359375
0 0.6943359375 0.09033203125 0.005859375 0.02099609375
0 0.76220703125 0.07763671875 0.009765625 0.0185546875
0 0.71240234375 0.09375 0.00927734375 0.025390625
0 0.7626953125 0.2138671875 0.00927734375 0.021484375
0 0.75439453125 0.23193359375 0.00732421875 0.01611328125
0 0.916015625 0.22265625 0.01123046875 0.01513671875
0 0.5341796875 0.0498046875 0.009765625 0.02197265625
0 0.95263671875 0.138671875 0.01171875 0.01513671875
0 0.966796875 0.15380859375 0.01123046875 0.01513671875
0 0.8154296875 0.14990234375 0.0126953125 0.01904296875
0 0.8427734375 0.03857421875 0.005859375 0.017578125
0 0.8544921875 0.14990234375 0.009765625 0.01708984375
0 0.8984375 0.2080078125 0.0078125 0.0126953125
0 0.56103515625 0.041015625 0.00634765625 0.02197265625
0 0.7841796875 0.09228515625 0.00927734375 0.01416015625
0 0.91259765625 0.10693359375 0.01123046875 0.01318359375
0 0.85986328125 0.201171875 0.01123046875 0.01513671875
0 0.59423828125 0.06982421875 0.00634765625 0.015625
0 0.71240234375 0.234375 0.01513671875 0.0234375
0 0.82763671875 0.2119140625 0.01025390625 0.0234375
0 0.7607421875 0.021484375 0.01025390625 0.01513671875
0 0.638671875 0.15869140625 0.00537109375 0.01904296875
0 0.6328125 0.1767578125 0.0087890625 0.0244140625
0 0.80810546875 0.26708984375 0.01025390625 0.0146484375
0 0.818359375 0.20703125 0.01318359375 0.0166015625
0 0.5576171875 0.0546875 0.009765625 0.0107421875
0 0.84423828125 0.15185546875 0.01171875 0.017578125
0 0.5068359375 0.0576171875 0.00634765625 0.017578125
0 0.83447265625 0.140625 0.009765625 0.0166015625
0 0.615234375 0.01318359375 0.0068359375 0.01513671875
0 0.4990234375 0.02197265625 0.0107421875 0.03125
0 0.91357421875 0.26904296875 0.00732421875 0.01416015625
0 0.939453125 0.01220703125 0.00830078125 0.01025390625
0 0.951171875 0.2607421875 0.00830078125 0.01025390625
0 0.9970703125 0.2158203125 0.005859375 0.009765625
0 0.99853515625 0.24462890625 0.0029296875 0.009765625
0 0.92041015625 0.2314453125 0.00830078125 0.013671875
0 0.990234375 0.25830078125 0.01025390625 0.017578125
0 0.84130859375 0.021484375 0.0126953125 0.0146484375
0 0.48828125 0.02099609375 0.0078125 0.02734375
0 0.68359375 0.2001953125 0.017578125 0.0185546875
0 0.7880859375 0.109375 0.01171875 0.01171875
0 0.7255859375 0.2724609375 0.01171875 0.01611328125
0 0.724609375 0.2578125 0.009765625 0.0166015625
0 0.69873046875 0.087890625 0.0087890625 0.01708984375
0 0.7646484375 0.10009765625 0.01025390625 0.021484375
0 0.82080078125 0.24853515625 0.00927734375 0.01708984375
0 0.67578125 0.16259765625 0.00732421875 0.0185546875
0 0.65576171875 0.12548828125 0.0107421875 0.01318359375
0 0.64453125 0.15869140625 0.0078125 0.02001953125
0 0.88818359375 0.13916015625 0.01025390625 0.02001953125