0 0.99560546875 0.81103515625 0.0087890625 0.0615234375
0 0.85888671875 0.6240234375 0.033203125 0.0556640625
0 0.9892578125 0.59326171875 0.021484375 0.0673828125
0 0.82861328125 0.53515625 0.0322265625 0.052734375
0 0.30224609375 0.21142578125 0.0458984375 0.044921875
0 0.90869140625 0.24755859375 0.029296875 0.0390625
0 0.7255859375 0.36328125 0.0361328125 0.052734375
0 0.8125 0.2880859375 0.0419921875 0.0458984375
0 0.83544921875 0.01904296875 0.0361328125 0.0380859375
0 0.66552734375 0.62890625 0.03515625 0.0498046875
0 0.361328125 0.1728515625 0.0322265625 0.0537109375
0 0.85791015625 0.171875 0.0283203125 0.0595703125
0 0.4345703125 0.234375 0.029296875 0.041015625
0 0.77734375 0.0458984375 0.0283203125 0.03125
0 0.8740234375 0.02783203125 0.04296875 0.0556640625
0 0.59130859375 0.568359375 0.0419921875 0.0517578125
0 0.97021484375 0.45556640625 0.0390625 0.06640625
0 0.90087890625 0.43017578125 0.0400390625 0.0693359375
0 0.90283203125 0.93310546875 0.0400390625 0.0498046875
0 0.890625 0.63720703125 0.0380859375 0.052734375
0 0.4189453125 0.20703125 0.041015625 0.041015625
0 0.53955078125 0.99169921875 0.03125 0.0146484375
0 0.716796875 0.2822265625 0.0390625 0.0419921875
0 0.8916015625 0.3857421875 0.0322265625 0.0517578125
0 0.8798828125 0.205078125 0.0283203125 0.04296875