0 0.22216796875 0.376953125 0.0107421875 0.0341796875
0 0.07421875 0.56298828125 0.009765625 0.03125
0 0.10546875 0.7392578125 0.01318359375 0.03369140625
0 0.185546875 0.74951171875 0.0166015625 0.02880859375
0 0.25732421875 0.66796875 0.00830078125 0.03466796875
0 0.2919921875 0.529296875 0.00927734375 0.0322265625
0 0.24755859375 0.6796875 0.00927734375 0.03369140625
0 0.0263671875 0.34521484375 0.0107421875 0.0341796875
0 0.01171875 0.263671875 0.0126953125 0.033203125
0 0.09375 0.0810546875 0.0146484375 0.02978515625
0 0.23779296875 0.27685546875 0.00830078125 0.02783203125
0 0.23095703125 0.03564453125 0.0166015625 0.03173828125
0 0.1171875 0.0703125 0.01416015625 0.02978515625
0 0.26220703125 0.30908203125 0.00830078125 0.01318359375
0 0.26318359375 0.65869140625 0.01025390625 0.03515625