0 0.6123046875 0.2626953125 0.01513671875 0.03369140625
0 0.28466796875 0.48046875 0.02001953125 0.03369140625
0 0.16064453125 0.3662109375 0.01806640625 0.0322265625
0 0.06689453125 0.60107421875 0.01708984375 0.03564453125
0 0.119140625 0.69970703125 0.01611328125 0.03515625
0 0.66650390625 0.875 0.025390625 0.02978515625
0 0.2998046875 0.1865234375 0.021484375 0.048828125
0 0.03369140625 0.921875 0.0205078125 0.03564453125
0 0.21533203125 0.564453125 0.0224609375 0.03759765625
0 0.013671875 0.767578125 0.0224609375 0.0283203125
0 0.80029296875 0.955078125 0.0205078125 0.0302734375
0 0.22509765625 0.5029296875 0.01513671875 0.0361328125
0 0.18017578125 0.4228515625 0.02001953125 0.03271484375
0 0.82275390625 0.8837890625 0.0224609375 0.03173828125
0 0.57763671875 0.974609375 0.01123046875 0.0263671875
0 0.0625 0.8271484375 0.01318359375 0.0283203125
0 0.125 0.62548828125 0.017578125 0.0322265625
0 0.7099609375 0.125 0.01611328125 0.03515625
0 0.19775390625 0.455078125 0.02001953125 0.0419921875
0 0.00732421875 0.95849609375 0.0146484375 0.0302734375
0 0.1748046875 0.6748046875 0.01708984375 0.03466796875
0 0.05224609375 0.94873046875 0.01904296875 0.03564453125
0 0.68212890625 0.34375 0.01806640625 0.03662109375
0 0.45703125 0.595703125 0.013671875 0.03759765625
0 0.4833984375 0.59521484375 0.013671875 0.03759765625
0 0.4755859375 0.77978515625 0.015625 0.02001953125
0 0.27490234375 0.99072265625 0.0185546875 0.0185546875
0 0.44287109375 0.6259765625 0.013671875 0.04296875
0 0.47216796875 0.61328125 0.01220703125 0.02734375
0 0.70263671875 0.9697265625 0.009765625 0.02734375
0 0.83984375 0.95849609375 0.02001953125 0.03857421875
0 0.74951171875 0.1982421875 0.01904296875 0.01708984375
0 0.7734375 0.5341796875 0.0126953125 0.03076171875
0 0.44775390625 0.61376953125 0.01025390625 0.03466796875
0 0.734375 0.931640625 0.015625 0.0380859375
0 0.73095703125 0.34033203125 0.01171875 0.03076171875
0 0.06591796875 0.98095703125 0.015625 0.03369140625
0 0.296875 0.7470703125 0.01318359375 0.033203125
0 0.708984375 0.994140625 0.02001953125 0.0107421875
0 0.71630859375 0.2001953125 0.015625 0.03173828125
0 0.751953125 0.7373046875 0.01953125 0.033203125
0 0.76220703125 0.63525390625 0.0126953125 0.03759765625
0 0.1103515625 0.98095703125 0.0205078125 0.0234375
0 0.61328125 0.87060546875 0.0078125 0.01708984375
0 0.5224609375 0.7724609375 0.00830078125 0.0185546875
0 0.103515625 0.29052734375 0.013671875 0.015625
0 0.07080078125 0.97216796875 0.01171875 0.021484375
0 0.84033203125 0.630859375 0.01171875 0.025390625
0 0.31787109375 0.9443359375 0.00634765625 0.0234375
0 0.78369140625 0.1826171875 0.0263671875 0.04443359375