0 0.87939453125 0.46240234375 0.060546875 0.0654296875
0 0.22119140625 0.1787109375 0.033203125 0.0537109375
0 0.40625 0.42041015625 0.0458984375 0.06640625
0 0.69775390625 0.078125 0.021484375 0.0380859375
0 0.69921875 0.1474609375 0.0263671875 0.0458984375
0 0.86767578125 0.111328125 0.033203125 0.0390625
0 0.95068359375 0.12744140625 0.0234375 0.0361328125
0 0.759765625 0.10888671875 0.0205078125 0.0380859375
0 0.55615234375 0.1572265625 0.0380859375 0.0458984375
0 0.7978515625 0.45947265625 0.02734375 0.0595703125
0 0.68212890625 0.19482421875 0.037109375 0.0537109375
0 0.33349609375 0.25732421875 0.02734375 0.048828125
0 0.71240234375 0.2236328125 0.0478515625 0.048828125
0 0.72216796875 0.455078125 0.0458984375 0.0634765625
0 0.7099609375 0.2060546875 0.0380859375 0.0390625
0 0.3564453125 0.171875 0.041015625 0.0341796875
0 0.298828125 0.16796875 0.0419921875 0.0576171875
0 0.802734375 0.27099609375 0.0283203125 0.048828125
0 0.8232421875 0.36328125 0.03125 0.05859375
0 0.65234375 0.43994140625 0.0380859375 0.0751953125
0 0.634765625 0.056640625 0.0205078125 0.0263671875
0 0.71044921875 0.1796875 0.0341796875 0.0458984375
0 0.71875 0.11279296875 0.0322265625 0.0419921875
0 0.34716796875 0.10791015625 0.025390625 0.0439453125
0 0.4697265625 0.15234375 0.0283203125 0.0498046875
0 0.4716796875 0.12548828125 0.0234375 0.0341796875
0 0.16943359375 0.15625 0.029296875 0.0556640625
0 0.69287109375 0.05126953125 0.0234375 0.0390625
0 0.931640625 0.47607421875 0.037109375 0.060546875
0 0.6181640625 0.24755859375 0.0283203125 0.056640625
0 0.748046875 0.22119140625 0.0390625 0.0400390625
0 0.6494140625 0.072265625 0.033203125 0.0419921875
0 0.85888671875 0.21484375 0.0361328125 0.05078125
0 0.67724609375 0.10888671875 0.03125 0.044921875
0 0.41357421875 0.17236328125 0.025390625 0.046875
0 0.759765625 0.138671875 0.0322265625 0.0439453125
0 0.27197265625 0.21142578125 0.0322265625 0.0439453125
0 0.89892578125 0.095703125 0.0205078125 0.025390625
0 0.49462890625 0.1015625 0.0283203125 0.04296875
0 0.78125 0.4384765625 0.033203125 0.072265625
0 0.15283203125 0.15771484375 0.0263671875 0.0537109375
0 0.93017578125 0.115234375 0.029296875 0.0234375
0 0.60302734375 0.1298828125 0.0244140625 0.037109375
0 0.35986328125 0.22509765625 0.0419921875 0.041015625
0 0.810546875 0.07568359375 0.0263671875 0.029296875
0 0.421875 0.0390625 0.0263671875 0.0439453125
0 0.27099609375 0.2001953125 0.017578125 0.021484375
0 0.8173828125 0.119140625 0.0263671875 0.0419921875
0 0.4140625 0.0947265625 0.0185546875 0.0224609375
0 0.9345703125 0.10302734375 0.0205078125 0.0224609375
0 0.96337890625 0.193359375 0.02734375 0.03515625
0 0.552734375 0.0546875 0.017578125 0.021484375
0 0.74267578125 0.3759765625 0.03515625 0.0673828125
0 0.79248046875 0.06640625 0.0224609375 0.021484375
0 0.6083984375 0.0791015625 0.0205078125 0.0224609375
0 0.73974609375 0.05615234375 0.0283203125 0.02734375
0 0.54052734375 0.03857421875 0.0146484375 0.0166015625
0 0.3466796875 0.12744140625 0.0244140625 0.03515625
0 0.63671875 0.02783203125 0.0185546875 0.0205078125
0 0.744140625 0.408203125 0.033203125 0.048828125
0 0.70654296875 0.2412109375 0.0322265625 0.0458984375
0 0.33251953125 0.279296875 0.0283203125 0.0419921875