0 0.3603515625 0.83740234375 0.0576171875 0.0517578125
0 0.65966796875 0.89208984375 0.0419921875 0.048828125
0 0.91015625 0.98193359375 0.064453125 0.0361328125
0 0.69140625 0.9384765625 0.0439453125 0.0517578125
0 0.0615234375 0.830078125 0.0419921875 0.046875
0 0.255859375 0.87841796875 0.037109375 0.0546875
0 0.06640625 0.9375 0.0556640625 0.0439453125
0 0.0185546875 0.876953125 0.037109375 0.05078125
0 0.30322265625 0.8701171875 0.025390625 0.0517578125
0 0.20703125 0.939453125 0.046875 0.0576171875
0 0.2275390625 0.9013671875 0.0419921875 0.0478515625
0 0.72265625 0.91064453125 0.0205078125 0.0400390625
0 0.193359375 0.80712890625 0.0283203125 0.046875
0 0.2783203125 0.85302734375 0.0224609375 0.02734375
0 0.0078125 0.6396484375 0.015625 0.03125
0 0.169921875 0.7138671875 0.029296875 0.037109375
0 0.27978515625 0.8408203125 0.0185546875 0.021484375