0 0.2080078125 0.0498046875 0.0087890625 0.02685546875
0 0.6875 0.01806640625 0.01513671875 0.02783203125
0 0.73583984375 0.1962890625 0.0146484375 0.0263671875
0 0.3720703125 0.095703125 0.00927734375 0.02783203125
0 0.66064453125 0.466796875 0.0166015625 0.0322265625
0 0.21484375 0.119140625 0.0107421875 0.03369140625
0 0.13232421875 0.02783203125 0.0087890625 0.02490234375
0 0.40966796875 0.5146484375 0.01611328125 0.03466796875
0 0.7607421875 0.2421875 0.0126953125 0.03076171875
0 0.15185546875 0.447265625 0.01318359375 0.03857421875
0 0.61767578125 0.14697265625 0.013671875 0.0263671875
0 0.13623046875 0.38232421875 0.01513671875 0.03466796875
0 0.30810546875 0.18603515625 0.0087890625 0.02880859375
0 0.3701171875 0.19873046875 0.01513671875 0.0380859375
0 0.10498046875 0.06396484375 0.0068359375 0.02880859375
0 0.58251953125 0.58203125 0.02099609375 0.02294921875
0 0.04248046875 0.14111328125 0.01416015625 0.0380859375
0 0.7197265625 0.03369140625 0.01171875 0.03466796875
0 0.37744140625 0.404296875 0.01318359375 0.033203125
0 0.10546875 0.478515625 0.01611328125 0.03515625
0 0.78369140625 0.39599609375 0.01513671875 0.03466796875
0 0.271484375 0.50732421875 0.0126953125 0.0380859375
0 0.40087890625 0.025390625 0.01123046875 0.02783203125
0 0.5576171875 0.474609375 0.01708984375 0.03076171875
0 0.55712890625 0.0859375 0.01220703125 0.03515625
0 0.1162109375 0.33544921875 0.013671875 0.03662109375
0 0.09814453125 0.37353515625 0.01416015625 0.0322265625
0 0.0185546875 0.4755859375 0.015625 0.04833984375
0 0.51220703125 0.1572265625 0.017578125 0.033203125
0 0.5244140625 0.32470703125 0.01806640625 0.029296875
0 0.44091796875 0.49169921875 0.01171875 0.03759765625
0 0.17236328125 0.3916015625 0.0146484375 0.03662109375
0 0.0458984375 0.4609375 0.01611328125 0.044921875
0 0.57568359375 0.29541015625 0.01513671875 0.03271484375
0 0.43994140625 0.34765625 0.01611328125 0.0283203125
0 0.16650390625 0.1591796875 0.009765625 0.02587890625
0 0.09228515625 0.4716796875 0.015625 0.03271484375
0 0.337890625 0.525390625 0.01416015625 0.0341796875
0 0.24462890625 0.47265625 0.01708984375 0.04052734375
0 0.09228515625 0.32275390625 0.01123046875 0.02783203125
0 0.1806640625 0.28076171875 0.01953125 0.03466796875
0 0.41650390625 0.478515625 0.01318359375 0.03564453125
0 0.087890625 0.1201171875 0.0146484375 0.033203125
0 0.1953125 0.4462890625 0.01513671875 0.03759765625
0 0.1572265625 0.330078125 0.01025390625 0.03662109375
0 0.63232421875 0.5009765625 0.01318359375 0.0302734375
0 0.05859375 0.1328125 0.00830078125 0.03564453125
0 0.23974609375 0.353515625 0.01513671875 0.0341796875
0 0.2734375 0.322265625 0.0205078125 0.03466796875
0 0.11083984375 0.57958984375 0.0146484375 0.037109375
0 0.5302734375 0.13720703125 0.01611328125 0.03466796875
0 0.51171875 0.47412109375 0.017578125 0.03271484375
0 0.201171875 0.154296875 0.01025390625 0.037109375
0 0.1201171875 0.05615234375 0.00927734375 0.033203125
0 0.19384765625 0.05615234375 0.01025390625 0.03515625
0 0.248046875 0.12060546875 0.01220703125 0.0361328125
0 0.37548828125 0.58984375 0.0166015625 0.04150390625
0 0.3828125 0.236328125 0.013671875 0.033203125
0 0.29931640625 0.47900390625 0.0166015625 0.0419921875
0 0.22412109375 0.52197265625 0.0146484375 0.029296875
0 0.4296875 0.28466796875 0.01318359375 0.03662109375
0 0.51171875 0.40771484375 0.01806640625 0.03857421875
0 0.1474609375 0.279296875 0.0146484375 0.03955078125
0 0.0771484375 0.2626953125 0.0166015625 0.03759765625
0 0.1689453125 0.07275390625 0.01123046875 0.0322265625
0 0.05029296875 0.10791015625 0.01611328125 0.0400390625
0 0.58984375 0.47607421875 0.01025390625 0.03076171875
0 0.23046875 0.11572265625 0.0166015625 0.0439453125
0 0.1982421875 0.271484375 0.0205078125 0.0341796875
0 0.45361328125 0.16259765625 0.017578125 0.0380859375
0 0.4873046875 0.49951171875 0.009765625 0.02587890625
0 0.3134765625 0.0732421875 0.015625 0.0341796875
0 0.0859375 0.083984375 0.0126953125 0.03369140625
0 0.0068359375 0.17529296875 0.0107421875 0.02978515625
0 0.41748046875 0.59423828125 0.0166015625 0.017578125
0 0.22265625 0.46875 0.015625 0.0380859375
0 0.6220703125 0.5234375 0.01806640625 0.03076171875
0 0.25146484375 0.2421875 0.01904296875 0.04150390625
0 0.005859375 0.29150390625 0.01171875 0.03662109375
0 0.3203125 0.205078125 0.01953125 0.029296875
0 0.150390625 0.22705078125 0.0166015625 0.03759765625
0 0.11328125 0.2255859375 0.02392578125 0.029296875
0 0.3623046875 0.12939453125 0.01513671875 0.03466796875
0 0.0205078125 0.599609375 0.01513671875 0.04345703125
0 0.13818359375 0.04931640625 0.01953125 0.03466796875
0 0.375 0.54541015625 0.02490234375 0.03369140625
0 0.0693359375 0.40380859375 0.0166015625 0.037109375
0 0.287109375 0.388671875 0.02294921875 0.02783203125
0 0.1630859375 0.580078125 0.013671875 0.0263671875
0 0.10107421875 0.02734375 0.00830078125 0.0283203125
0 0.22705078125 0.0703125 0.01171875 0.0283203125
0 0.35791015625 0.16845703125 0.01708984375 0.03564453125
0 0.16796875 0.02783203125 0.0087890625 0.025390625
0 0.21875 0.0185546875 0.0166015625 0.037109375
0 0.23974609375 0.01220703125 0.01611328125 0.0244140625
0 0.25 0.43603515625 0.0224609375 0.033203125
0 0.015625 0.27685546875 0.02392578125 0.0322265625
0 0.11962890625 0.54638671875 0.02197265625 0.0361328125