0 0.8017578125 0.86083984375 0.044921875 0.04296875
0 0.2080078125 0.9375 0.04931640625 0.046875
0 0.19189453125 0.8994140625 0.041015625 0.03662109375
0 0.9345703125 0.8271484375 0.0458984375 0.0478515625
0 0.1328125 0.845703125 0.037109375 0.0361328125
0 0.0986328125 0.7177734375 0.01806640625 0.02783203125
0 0.439453125 0.9365234375 0.048828125 0.04833984375
0 0.123046875 0.9697265625 0.04833984375 0.04638671875
0 0.970703125 0.90283203125 0.05419921875 0.0478515625
0 0.87841796875 0.802734375 0.04443359375 0.041015625
0 0.57763671875 0.759765625 0.0302734375 0.02587890625
0 0.109375 0.66796875 0.01806640625 0.0244140625
0 0.06640625 0.97412109375 0.044921875 0.04833984375
0 0.302734375 0.6904296875 0.0283203125 0.025390625
0 0.5185546875 0.85595703125 0.03125 0.0390625
0 0.80126953125 0.81103515625 0.0458984375 0.04052734375
0 0.7685546875 0.7783203125 0.0302734375 0.03759765625
0 0.37451171875 0.80224609375 0.03515625 0.03515625
0 0.0185546875 0.91259765625 0.037109375 0.0458984375
0 0.66796875 0.875 0.0361328125 0.03857421875
0 0.02294921875 0.697265625 0.02490234375 0.02734375
0 0.34375 0.7236328125 0.0185546875 0.02783203125
0 0.6748046875 0.7763671875 0.02978515625 0.03369140625
0 0.73291015625 0.88671875 0.0390625 0.041015625
0 0.70849609375 0.73779296875 0.03857421875 0.0341796875
0 0.35400390625 0.78515625 0.03125 0.03466796875
0 0.7021484375 0.9306640625 0.0556640625 0.05029296875
0 0.87939453125 0.87451171875 0.056640625 0.0478515625
0 0.13037109375 0.63134765625 0.021484375 0.021484375
0 0.5869140625 0.775390625 0.01513671875 0.03076171875
0 0.69677734375 0.89404296875 0.048828125 0.0400390625
0 0.1171875 0.72412109375 0.02099609375 0.02490234375
0 0.78564453125 0.9453125 0.0634765625 0.05126953125
0 0.0556640625 0.701171875 0.0224609375 0.0234375
0 0.1865234375 0.65234375 0.021484375 0.021484375
0 0.0341796875 0.7919921875 0.02490234375 0.03369140625
0 0.75341796875 0.919921875 0.048828125 0.03857421875
0 0.046875 0.64208984375 0.0166015625 0.021484375
0 0.986328125 0.9541015625 0.02734375 0.0458984375
0 0.2890625 0.8857421875 0.02685546875 0.03955078125
0 0.0078125 0.73095703125 0.015625 0.02685546875
0 0.4677734375 0.97119140625 0.048828125 0.05029296875
0 0.12353515625 0.6748046875 0.01416015625 0.02490234375
0 0.8662109375 0.7861328125 0.02783203125 0.03564453125
0 0.9853515625 0.80810546875 0.029296875 0.04296875
0 0.32373046875 0.79345703125 0.03955078125 0.0341796875
0 0.02734375 0.8193359375 0.03271484375 0.03759765625
0 0.2109375 0.66748046875 0.01708984375 0.02294921875
0 0.3037109375 0.740234375 0.02880859375 0.03076171875
0 0.5576171875 0.6962890625 0.02783203125 0.02783203125
0 0.17822265625 0.6611328125 0.01416015625 0.0126953125
0 0.11083984375 0.775390625 0.0244140625 0.0341796875
0 0.39501953125 0.951171875 0.03466796875 0.033203125
0 0.10546875 0.65478515625 0.0234375 0.02294921875
0 0.02978515625 0.65771484375 0.0224609375 0.0244140625
0 0.16259765625 0.64697265625 0.01220703125 0.00830078125
0 0.15625 0.6845703125 0.02099609375 0.015625
0 0.677734375 0.955078125 0.044921875 0.04541015625
0 0.63671875 0.7177734375 0.01611328125 0.029296875
0 0.232421875 0.95751953125 0.04248046875 0.0263671875
0 0.3642578125 0.708984375 0.02197265625 0.03076171875
0 0.0234375 0.6318359375 0.01953125 0.02099609375
0 0.078125 0.669921875 0.01806640625 0.01220703125
0 0.80224609375 0.98095703125 0.02587890625 0.03759765625
0 0.18701171875 0.673828125 0.02294921875 0.0244140625
0 0.490234375 0.763671875 0.02734375 0.03564453125
0 0.087890625 0.57177734375 0.01416015625 0.0166015625
0 0.78271484375 0.81787109375 0.0087890625 0.0244140625
0 0.13427734375 0.982421875 0.0625 0.03271484375