0 0.3046875 0.10791015625 0.06201171875 0.08154296875
0 0.4794921875 0.73486328125 0.0478515625 0.1181640625
0 0.03564453125 0.16845703125 0.0478515625 0.07666015625
0 0.6171875 0.37548828125 0.0439453125 0.08984375
0 0.328125 0.669921875 0.07177734375 0.107421875
0 0.81982421875 0.2919921875 0.02197265625 0.07568359375
0 0.787109375 0.11669921875 0.0390625 0.06982421875
0 0.2470703125 0.22265625 0.04931640625 0.06005859375
0 0.28662109375 0.0478515625 0.0400390625 0.06005859375
0 0.32470703125 0.8857421875 0.048828125 0.10498046875
0 0.01953125 0.310546875 0.0380859375 0.0869140625
0 0.97021484375 0.0751953125 0.0302734375 0.03759765625
0 0.71630859375 0.0234375 0.0498046875 0.046875
0 0.16943359375 0.056640625 0.046875 0.0546875
0 0.69287109375 0.576171875 0.05029296875 0.125
0 0.80029296875 0.25927734375 0.03271484375 0.05078125
0 0.70458984375 0.4951171875 0.02197265625 0.078125
0 0.56787109375 0.17236328125 0.02392578125 0.03955078125
0 0.24072265625 0.6435546875 0.0673828125 0.0771484375
0 0.89404296875 0.052734375 0.03759765625 0.04833984375
0 0.33349609375 0.0146484375 0.02294921875 0.029296875
0 0.39794921875 0.154296875 0.0361328125 0.07763671875
0 0.8662109375 0.49462890625 0.03857421875 0.07080078125
0 0.61279296875 0.03662109375 0.03076171875 0.0703125
0 0.5732421875 0.15234375 0.02099609375 0.0283203125
0 0.81298828125 0.08935546875 0.029296875 0.03759765625
0 0.70556640625 0.01611328125 0.02001953125 0.02587890625
0 0.27783203125 0.1025390625 0.06689453125 0.0859375
0 0.21728515625 0.03125 0.04150390625 0.06201171875