0 0.5224609375 0.083984375 0.04345703125 0.052734375
0 0.51953125 0.5859375 0.04248046875 0.05419921875
0 0.55859375 0.2001953125 0.0546875 0.0595703125
0 0.41552734375 0.150390625 0.0390625 0.0439453125
0 0.560546875 0.3798828125 0.0361328125 0.05322265625
0 0.57470703125 0.2822265625 0.04638671875 0.06005859375
0 0.12158203125 0.326171875 0.03759765625 0.03173828125
0 0.5419921875 0.9384765625 0.02685546875 0.0751953125
0 0.04052734375 0.74072265625 0.0458984375 0.04248046875
0 0.61279296875 0.900390625 0.05029296875 0.04833984375
0 0.03369140625 0.50927734375 0.03662109375 0.046875
0 0.5595703125 0.48388671875 0.03662109375 0.03515625
0 0.48046875 0.958984375 0.03466796875 0.05224609375
0 0.06494140625 0.5615234375 0.0361328125 0.04150390625
0 0.2119140625 0.3134765625 0.03515625 0.04052734375
0 0.365234375 0.8515625 0.0380859375 0.04736328125
0 0.08984375 0.7158203125 0.03759765625 0.03662109375
0 0.2578125 0.31201171875 0.0390625 0.03515625
0 0.28466796875 0.36767578125 0.03955078125 0.03271484375
0 0.43505859375 0.634765625 0.03125 0.05322265625
0 0.455078125 0.822265625 0.03125 0.05078125
0 0.32275390625 0.47900390625 0.02880859375 0.05517578125
0 0.04736328125 0.6796875 0.0419921875 0.03857421875
0 0.4267578125 0.498046875 0.04541015625 0.041015625
0 0.48095703125 0.3330078125 0.0361328125 0.06005859375
0 0.62939453125 0.701171875 0.0283203125 0.07421875
0 0.154296875 0.5302734375 0.03564453125 0.04150390625
0 0.01806640625 0.09521484375 0.03564453125 0.04931640625
0 0.23095703125 0.0390625 0.0361328125 0.04443359375
0 0.45068359375 0.91650390625 0.03466796875 0.04638671875
0 0.376953125 0.67626953125 0.03466796875 0.0537109375
0 0.15966796875 0.189453125 0.03857421875 0.04443359375
0 0.22802734375 0.125 0.041015625 0.044921875
0 0.2578125 0.60009765625 0.03759765625 0.03173828125
0 0.2919921875 0.734375 0.04248046875 0.02880859375
0 0.26318359375 0.787109375 0.0361328125 0.0380859375
0 0.19140625 0.96484375 0.041015625 0.04638671875
0 0.306640625 0.66650390625 0.0361328125 0.04736328125
0 0.31591796875 0.603515625 0.02490234375 0.06640625
0 0.15625 0.26904296875 0.04052734375 0.04833984375
0 0.1083984375 0.83642578125 0.0380859375 0.04248046875
0 0.29541015625 0.79931640625 0.033203125 0.0546875
0 0.07958984375 0.27685546875 0.0390625 0.0712890625
0 0.19921875 0.85791015625 0.04150390625 0.0478515625
0 0.04541015625 0.255859375 0.04345703125 0.06689453125
0 0.173828125 0.94189453125 0.0390625 0.0478515625
0 0.4140625 0.505859375 0.0224609375 0.02685546875
0 0.0087890625 0.0185546875 0.017578125 0.037109375
0 0.06396484375 0.59375 0.03173828125 0.033203125