0 0.65283203125 0.68798828125 0.0234375 0.02685546875
0 0.533203125 0.74951171875 0.01904296875 0.0244140625
0 0.7294921875 0.6865234375 0.0224609375 0.0361328125
0 0.369140625 0.58056640625 0.01708984375 0.02685546875
0 0.17919921875 0.6259765625 0.01953125 0.0244140625
0 0.294921875 0.69873046875 0.01708984375 0.0361328125
0 0.24462890625 0.30078125 0.0361328125 0.04248046875
0 0.37744140625 0.46630859375 0.021484375 0.02294921875
0 0.1162109375 0.8876953125 0.02197265625 0.03515625
0 0.64990234375 0.35009765625 0.02685546875 0.03076171875
0 0.2119140625 0.8818359375 0.02490234375 0.0283203125
0 0.21240234375 0.16552734375 0.0224609375 0.03076171875
0 0.59521484375 0.2783203125 0.01806640625 0.0419921875
0 0.41650390625 0.60595703125 0.03173828125 0.0283203125
0 0.23193359375 0.640625 0.0234375 0.02978515625
0 0.51025390625 0.306640625 0.02392578125 0.03759765625
0 0.5908203125 0.19873046875 0.0224609375 0.03759765625
0 0.3193359375 0.36083984375 0.02392578125 0.03466796875
0 0.74609375 0.521484375 0.01708984375 0.03271484375
0 0.154296875 0.85693359375 0.01806640625 0.04150390625
0 0.1044921875 0.578125 0.01708984375 0.0263671875
0 0.35791015625 0.09326171875 0.02001953125 0.0224609375
0 0.5048828125 0.04052734375 0.01953125 0.033203125
0 0.48779296875 0.552734375 0.02783203125 0.041015625
0 0.65283203125 0.9814453125 0.01513671875 0.037109375
0 0.3974609375 0.55615234375 0.02392578125 0.0322265625
0 0.4521484375 0.212890625 0.017578125 0.03515625
0 0.03076171875 0.67041015625 0.01513671875 0.02783203125
0 0.47802734375 0.06201171875 0.0263671875 0.02880859375
0 0.07080078125 0.533203125 0.02001953125 0.03369140625
0 0.50341796875 0.46826171875 0.0283203125 0.0537109375
0 0.02392578125 0.71826171875 0.02392578125 0.02392578125
0 0.5595703125 0.02783203125 0.02587890625 0.03955078125
0 0.0830078125 0.3466796875 0.01806640625 0.0400390625
0 0.13427734375 0.4365234375 0.0224609375 0.0244140625
0 0.419921875 0.283203125 0.01708984375 0.03955078125
0 0.44873046875 0.1376953125 0.021484375 0.0302734375
0 0.4853515625 0.46630859375 0.02587890625 0.05859375
0 0.0390625 0.09423828125 0.015625 0.03955078125
0 0.0888671875 0.7060546875 0.01171875 0.04052734375
0 0.1708984375 0.52685546875 0.01708984375 0.041015625
0 0.3828125 0.19091796875 0.02001953125 0.02734375
0 0.02001953125 0.3837890625 0.02294921875 0.0263671875
0 0.42431640625 0.02001953125 0.02685546875 0.03955078125
0 0.1669921875 0.57275390625 0.0283203125 0.05224609375
0 0.421875 0.1669921875 0.01904296875 0.0380859375
0 0.39306640625 0.634765625 0.03466796875 0.04638671875
0 0.0771484375 0.2294921875 0.0234375 0.04296875
0 0.42236328125 0.35009765625 0.0224609375 0.021484375
0 0.19677734375 0.22607421875 0.0234375 0.021484375
0 0.6416015625 0.2060546875 0.02099609375 0.03125
0 0.2275390625 0.255859375 0.0205078125 0.029296875
0 0.06494140625 0.82861328125 0.02001953125 0.02587890625
0 0.10009765625 0.62744140625 0.0244140625 0.04638671875
0 0.2216796875 0.5087890625 0.01708984375 0.0400390625
0 0.3701171875 0.02099609375 0.02294921875 0.041015625
0 0.0068359375 0.1552734375 0.0126953125 0.0400390625
0 0.18359375 0.36962890625 0.017578125 0.0439453125
0 0.68603515625 0.009765625 0.03369140625 0.017578125
0 0.16650390625 0.05615234375 0.021484375 0.0244140625
0 0.34912109375 0.59130859375 0.01416015625 0.0439453125
0 0.1220703125 0.6064453125 0.01123046875 0.01806640625
0 0.40576171875 0.20751953125 0.0205078125 0.02392578125