0 0.09130859375 0.5751953125 0.01171875 0.03515625
0 0.18212890625 0.6005859375 0.01708984375 0.0302734375
0 0.23828125 0.18310546875 0.01025390625 0.03564453125
0 0.072265625 0.359375 0.00927734375 0.02880859375
0 0.2490234375 0.53564453125 0.009765625 0.03515625
0 0.26220703125 0.52783203125 0.01171875 0.03466796875
0 0.03515625 0.10888671875 0.0087890625 0.033203125
0 0.30029296875 0.423828125 0.0087890625 0.03515625
0 0.025390625 0.0234375 0.009765625 0.037109375
0 0.26123046875 0.076171875 0.009765625 0.02685546875
0 0.3095703125 0.611328125 0.00927734375 0.03076171875
0 0.14892578125 0.93994140625 0.01318359375 0.0302734375
0 0.2724609375 0.0478515625 0.01220703125 0.025390625
0 0.26708984375 0.51611328125 0.00830078125 0.03515625