0 0.72412109375 0.22216796875 0.01416015625 0.033203125
0 0.4716796875 0.40185546875 0.01171875 0.0244140625
0 0.962890625 0.037109375 0.01611328125 0.025390625
0 0.95849609375 0.06494140625 0.0166015625 0.0234375
0 0.53466796875 0.435546875 0.0185546875 0.03369140625
0 0.89453125 0.1875 0.0126953125 0.02880859375
0 0.99609375 0.30322265625 0.0078125 0.0302734375
0 0.3603515625 0.166015625 0.0126953125 0.0244140625
0 0.84912109375 0.0947265625 0.01025390625 0.0205078125
0 0.83154296875 0.2001953125 0.0146484375 0.03076171875
0 0.59033203125 0.13720703125 0.017578125 0.044921875
0 0.8173828125 0.140625 0.0146484375 0.02685546875
0 0.953125 0.01416015625 0.01513671875 0.02392578125
0 0.78369140625 0.2509765625 0.013671875 0.0341796875
0 0.59228515625 0.12353515625 0.01220703125 0.0185546875
0 0.87890625 0.01220703125 0.0166015625 0.02392578125
0 0.427734375 0.23486328125 0.01318359375 0.02734375
0 0.4599609375 0.1982421875 0.0166015625 0.02392578125
0 0.57568359375 0.13134765625 0.0146484375 0.02978515625
0 0.3662109375 0.03515625 0.015625 0.02880859375
0 0.4580078125 0.31103515625 0.0234375 0.044921875
0 0.5703125 0.0068359375 0.0126953125 0.013671875
0 0.84375 0.10546875 0.00830078125 0.01708984375
0 0.53564453125 0.0087890625 0.0068359375 0.0146484375
0 0.3544921875 0.00439453125 0.01123046875 0.00830078125
0 0.44970703125 0.32275390625 0.01318359375 0.02587890625
0 0.42431640625 0.2421875 0.00634765625 0.01318359375
0 0.556640625 0.13232421875 0.00634765625 0.01416015625