0 0.33544921875 0.7548828125 0.04296875 0.041015625
0 0.8701171875 0.92431640625 0.0361328125 0.044921875
0 0.1396484375 0.615234375 0.033203125 0.033203125
0 0.00732421875 0.58837890625 0.0146484375 0.0302734375
0 0.73486328125 0.8525390625 0.0458984375 0.05078125
0 0.1025390625 0.64599609375 0.0341796875 0.033203125
0 0.8017578125 0.98583984375 0.05859375 0.0283203125
0 0.00927734375 0.63134765625 0.0185546875 0.0380859375
0 0.02587890625 0.7119140625 0.0361328125 0.037109375
0 0.2099609375 0.66357421875 0.033203125 0.03125
0 0.10205078125 0.77197265625 0.04296875 0.04296875
0 0.4091796875 0.958984375 0.0546875 0.0615234375
0 0.65185546875 0.974609375 0.0634765625 0.05078125
0 0.208984375 0.69921875 0.0380859375 0.0400390625
0 0.02880859375 0.61181640625 0.0283203125 0.0322265625
0 0.43115234375 0.8388671875 0.0341796875 0.044921875
0 0.3740234375 0.86279296875 0.0498046875 0.052734375
0 0.166015625 0.7080078125 0.03125 0.0283203125
0 0.45654296875 0.81640625 0.0390625 0.048828125
0 0.10595703125 0.66650390625 0.029296875 0.0380859375
0 0.06494140625 0.662109375 0.0283203125 0.021484375
0 0.1796875 0.646484375 0.021484375 0.0146484375
0 0.06591796875 0.88037109375 0.048828125 0.0595703125
0 0.12158203125 0.685546875 0.02734375 0.03515625
0 0.19775390625 0.6728515625 0.0244140625 0.021484375
0 0.08056640625 0.755859375 0.03125 0.0439453125
0 0.35498046875 0.9716796875 0.0634765625 0.0302734375
0 0.24560546875 0.6953125 0.0185546875 0.037109375
0 0.09521484375 0.51611328125 0.0224609375 0.02734375
0 0.23583984375 0.6875 0.021484375 0.0244140625
0 0.04345703125 0.5146484375 0.0205078125 0.0224609375