0 0.5693359375 0.8828125 0.025390625 0.04443359375
0 0.556640625 0.9033203125 0.037109375 0.0498046875
0 0.59033203125 0.68994140625 0.03466796875 0.0458984375
0 0.6474609375 0.5595703125 0.03271484375 0.05224609375
0 0.3232421875 0.4560546875 0.0283203125 0.06005859375
0 0.3583984375 0.83837890625 0.02685546875 0.06396484375
0 0.4951171875 0.79931640625 0.04345703125 0.04833984375
0 0.6123046875 0.8505859375 0.03125 0.06396484375
0 0.482421875 0.19140625 0.04541015625 0.0380859375
0 0.3720703125 0.439453125 0.02978515625 0.05029296875
0 0.09130859375 0.80322265625 0.03076171875 0.06103515625
0 0.90625 0.6787109375 0.04150390625 0.0517578125
0 0.75048828125 0.26708984375 0.04345703125 0.072265625
0 0.08935546875 0.943359375 0.04052734375 0.05517578125
0 0.712890625 0.78564453125 0.03662109375 0.06787109375
0 0.03173828125 0.40576171875 0.02880859375 0.0810546875
0 0.21875 0.953125 0.03125 0.0517578125
0 0.482421875 0.7373046875 0.03076171875 0.04833984375
0 0.982421875 0.5048828125 0.03515625 0.037109375
0 0.54638671875 0.560546875 0.0302734375 0.06884765625
0 0.28125 0.62255859375 0.01611328125 0.041015625
0 0.96142578125 0.79150390625 0.03173828125 0.07421875
0 0.376953125 0.78076171875 0.03466796875 0.072265625
0 0.6025390625 0.67919921875 0.009765625 0.02392578125
0 0.91845703125 0.99462890625 0.017578125 0.00927734375