0 0.908203125 0.69140625 0.0107421875 0.013671875
0 0.71484375 0.79931640625 0.009765625 0.013671875
0 0.70263671875 0.76953125 0.0068359375 0.009765625
0 0.70263671875 0.7783203125 0.01025390625 0.01220703125
0 0.87939453125 0.7001953125 0.00927734375 0.01123046875
0 0.865234375 0.7080078125 0.00927734375 0.01220703125
0 0.9443359375 0.669921875 0.0087890625 0.0107421875
0 0.73583984375 0.791015625 0.00830078125 0.01513671875
0 0.92822265625 0.65185546875 0.009765625 0.01123046875
0 0.755859375 0.677734375 0.0087890625 0.01123046875
0 0.65283203125 0.7529296875 0.0087890625 0.013671875
0 0.880859375 0.685546875 0.005859375 0.01123046875
0 0.7255859375 0.845703125 0.0107421875 0.0166015625
0 0.6123046875 0.7509765625 0.01123046875 0.013671875
0 0.7451171875 0.70166015625 0.00927734375 0.0107421875
0 0.59814453125 0.8017578125 0.00927734375 0.013671875
0 0.95361328125 0.65087890625 0.00732421875 0.01123046875
0 0.91015625 0.86474609375 0.0078125 0.0166015625
0 0.8994140625 0.685546875 0.00927734375 0.01171875
0 0.6806640625 0.75244140625 0.0146484375 0.01513671875
0 0.951171875 0.93505859375 0.009765625 0.02001953125
0 0.814453125 0.6953125 0.0087890625 0.0126953125
0 0.7470703125 0.8642578125 0.01123046875 0.013671875
0 0.603515625 0.72607421875 0.0068359375 0.01318359375
0 0.640625 0.77001953125 0.0078125 0.01220703125
0 0.7646484375 0.67578125 0.00830078125 0.01123046875
0 0.81982421875 0.658203125 0.01171875 0.01220703125
0 0.83642578125 0.65185546875 0.00732421875 0.01123046875
0 0.62890625 0.740234375 0.009765625 0.0166015625
0 0.8564453125 0.6494140625 0.00927734375 0.0107421875
0 0.59765625 0.78564453125 0.005859375 0.01318359375
0 0.935546875 0.62890625 0.00732421875 0.01220703125
0 0.626953125 0.77783203125 0.00830078125 0.0146484375
0 0.81591796875 0.66748046875 0.0048828125 0.009765625
0 0.87451171875 0.6484375 0.013671875 0.017578125
0 0.97314453125 0.60693359375 0.00830078125 0.01220703125
0 0.9072265625 0.6328125 0.005859375 0.00830078125
0 0.92529296875 0.62353515625 0.01025390625 0.01318359375