0 0.48876953125 0.6884765625 0.0107421875 0.03369140625
0 0.2734375 0.34326171875 0.01220703125 0.0302734375
0 0.09130859375 0.330078125 0.01171875 0.03125
0 0.39404296875 0.64892578125 0.0166015625 0.017578125
0 0.2431640625 0.57275390625 0.0146484375 0.03271484375
0 0.408203125 0.61962890625 0.015625 0.0361328125
0 0.3525390625 0.84912109375 0.01904296875 0.02734375
0 0.0439453125 0.41796875 0.01904296875 0.02294921875
0 0.34716796875 0.6533203125 0.01416015625 0.03515625
0 0.4970703125 0.755859375 0.013671875 0.03466796875
0 0.41650390625 0.763671875 0.01513671875 0.02880859375
0 0.43505859375 0.9677734375 0.017578125 0.03564453125
0 0.02099609375 0.490234375 0.0185546875 0.0244140625
0 0.32421875 0.9365234375 0.0087890625 0.02392578125
0 0.05078125 0.373046875 0.01904296875 0.02783203125
0 0.4453125 0.798828125 0.0126953125 0.03125
0 0.30712890625 0.58251953125 0.01416015625 0.03271484375
0 0.50634765625 0.91845703125 0.01611328125 0.0283203125
0 0.53173828125 0.92529296875 0.0146484375 0.02294921875
0 0.02783203125 0.3759765625 0.0205078125 0.02685546875
0 0.2099609375 0.63232421875 0.01318359375 0.03173828125
0 0.294921875 0.7548828125 0.01318359375 0.02587890625
0 0.28759765625 0.6083984375 0.01513671875 0.0234375
0 0.2666015625 0.66455078125 0.013671875 0.01953125
0 0.06103515625 0.7109375 0.017578125 0.02978515625
0 0.2880859375 0.66015625 0.0146484375 0.03125
0 0.26904296875 0.845703125 0.01904296875 0.0263671875
0 0.220703125 0.65380859375 0.01171875 0.0302734375
0 0.275390625 0.72314453125 0.01025390625 0.01904296875
0 0.1787109375 0.50439453125 0.0185546875 0.02685546875
0 0.0576171875 0.6357421875 0.01708984375 0.029296875
0 0.28662109375 0.978515625 0.02001953125 0.0361328125
0 0.10302734375 0.56103515625 0.015625 0.0263671875
0 0.27099609375 0.96435546875 0.017578125 0.03759765625
0 0.03466796875 0.8408203125 0.0126953125 0.03125
0 0.2041015625 0.88623046875 0.015625 0.0302734375
0 0.14599609375 0.494140625 0.0166015625 0.02685546875
0 0.095703125 0.53515625 0.0146484375 0.0263671875
0 0.234375 0.83740234375 0.0146484375 0.0302734375
0 0.02978515625 0.80078125 0.01171875 0.033203125
0 0.26025390625 0.9755859375 0.013671875 0.04443359375
0 0.08642578125 0.7685546875 0.01513671875 0.02685546875
0 0.0810546875 0.955078125 0.013671875 0.025390625
0 0.12255859375 0.578125 0.01806640625 0.0283203125
0 0.51171875 0.8388671875 0.01953125 0.025390625
0 0.22216796875 0.8037109375 0.01220703125 0.02880859375
0 0.4169921875 0.947265625 0.01953125 0.02734375
0 0.22412109375 0.771484375 0.0146484375 0.033203125
0 0.05517578125 0.98876953125 0.01708984375 0.021484375
0 0.123046875 0.63916015625 0.01220703125 0.02099609375
0 0.1728515625 0.76708984375 0.015625 0.02734375
0 0.06494140625 0.591796875 0.0166015625 0.0341796875
0 0.51123046875 0.88330078125 0.01708984375 0.029296875
0 0.1572265625 0.55810546875 0.02001953125 0.03076171875
0 0.1630859375 0.98681640625 0.01611328125 0.0263671875
0 0.15283203125 0.60302734375 0.01708984375 0.03369140625
0 0.076171875 0.89501953125 0.0205078125 0.02978515625
0 0.16162109375 0.74658203125 0.01220703125 0.03076171875
0 0.119140625 0.9833984375 0.013671875 0.02734375
0 0.11083984375 0.755859375 0.01708984375 0.029296875
0 0.20556640625 0.55126953125 0.01708984375 0.02978515625
0 0.07177734375 0.65185546875 0.01611328125 0.02685546875
0 0.06689453125 0.85595703125 0.017578125 0.03662109375
0 0.16943359375 0.93310546875 0.0146484375 0.02587890625
0 0.27783203125 0.9833984375 0.0126953125 0.02978515625
0 0.1767578125 0.57373046875 0.0107421875 0.0283203125
0 0.228515625 0.71044921875 0.0146484375 0.04638671875
0 0.1328125 0.982421875 0.01416015625 0.0302734375
0 0.1455078125 0.88623046875 0.01611328125 0.0263671875
0 0.443359375 0.5625 0.01123046875 0.02392578125
0 0.1455078125 0.9228515625 0.01708984375 0.0341796875
0 0.15625 0.58349609375 0.017578125 0.02587890625
0 0.24169921875 0.728515625 0.01611328125 0.041015625
0 0.14501953125 0.955078125 0.0126953125 0.025390625
0 0.19091796875 0.57177734375 0.0126953125 0.0263671875