0 0.109375 0.7783203125 0.01025390625 0.0322265625
0 0.1650390625 0.390625 0.015625 0.02099609375
0 0.20849609375 0.30810546875 0.017578125 0.0166015625
0 0.44287109375 0.423828125 0.01513671875 0.02978515625
0 0.3095703125 0.77587890625 0.0087890625 0.03125
0 0.6376953125 0.826171875 0.015625 0.02734375
0 0.74560546875 0.49560546875 0.01953125 0.0244140625
0 0.78662109375 0.607421875 0.0244140625 0.02099609375
0 0.4072265625 0.3701171875 0.01708984375 0.021484375
0 0.87255859375 0.9453125 0.01318359375 0.0322265625
0 0.8115234375 0.595703125 0.01318359375 0.033203125
0 0.0947265625 0.783203125 0.00830078125 0.0361328125
0 0.9423828125 0.744140625 0.01904296875 0.0283203125
0 0.7685546875 0.490234375 0.0087890625 0.03125
0 0.33642578125 0.44091796875 0.01171875 0.03515625
0 0.740234375 0.724609375 0.015625 0.029296875
0 0.4482421875 0.9296875 0.01220703125 0.0283203125
0 0.388671875 0.5927734375 0.01171875 0.03125
0 0.2353515625 0.564453125 0.0126953125 0.03369140625
0 0.9033203125 0.76123046875 0.01220703125 0.033203125
0 0.54296875 0.6083984375 0.01123046875 0.03857421875
0 0.412109375 0.69921875 0.01123046875 0.029296875
0 0.1689453125 0.78759765625 0.009765625 0.03076171875
0 0.2294921875 0.716796875 0.01123046875 0.0302734375
0 0.5693359375 0.59228515625 0.01025390625 0.03564453125
0 0.3173828125 0.39697265625 0.0107421875 0.0361328125
0 0.013671875 0.6435546875 0.0107421875 0.03125
0 0.0419921875 0.5498046875 0.013671875 0.03125
0 0.357421875 0.57470703125 0.009765625 0.03466796875
0 0.26904296875 0.6640625 0.00927734375 0.0361328125
0 0.1337890625 0.73046875 0.01171875 0.03369140625
0 0.67822265625 0.9677734375 0.01123046875 0.0361328125
0 0.60595703125 0.74658203125 0.009765625 0.041015625
0 0.20947265625 0.3955078125 0.01123046875 0.03662109375
0 0.208984375 0.80126953125 0.0087890625 0.0361328125
0 0.37353515625 0.7763671875 0.01025390625 0.03515625
0 0.4287109375 0.94287109375 0.01416015625 0.03173828125
0 0.0830078125 0.65869140625 0.01318359375 0.03564453125
0 0.08642578125 0.736328125 0.0087890625 0.0400390625
0 0.57080078125 0.41259765625 0.0087890625 0.0341796875
0 0.255859375 0.83642578125 0.01123046875 0.02880859375
0 0.1806640625 0.79052734375 0.0087890625 0.03564453125
0 0.6337890625 0.65771484375 0.0146484375 0.0341796875
0 0.17724609375 0.60791015625 0.00830078125 0.03857421875
0 0.45703125 0.54638671875 0.00927734375 0.0361328125
0 0.173828125 0.9140625 0.01513671875 0.03759765625
0 0.3583984375 0.85546875 0.01025390625 0.03955078125
0 0.24658203125 0.689453125 0.00830078125 0.03076171875
0 0.56982421875 0.98779296875 0.013671875 0.02392578125
0 0.11962890625 0.8134765625 0.0146484375 0.0283203125
0 0.421875 0.66015625 0.01318359375 0.03466796875
0 0.314453125 0.74609375 0.009765625 0.0361328125
0 0.125 0.68310546875 0.0107421875 0.0283203125
0 0.3056640625 0.7841796875 0.0087890625 0.0380859375
0 0.1259765625 0.47509765625 0.00732421875 0.03662109375
0 0.14453125 0.681640625 0.01611328125 0.025390625
0 0.05419921875 0.69287109375 0.0126953125 0.03564453125
0 0.29638671875 0.91748046875 0.013671875 0.029296875
0 0.419921875 0.69921875 0.009765625 0.03466796875
0 0.005859375 0.80322265625 0.01123046875 0.0322265625
0 0.93408203125 0.5 0.01123046875 0.0263671875
0 0.056640625 0.955078125 0.01171875 0.0390625
0 0.09228515625 0.626953125 0.01220703125 0.03955078125
0 0.0302734375 0.91943359375 0.015625 0.03564453125
0 0.1826171875 0.85791015625 0.0166015625 0.02978515625
0 0.0693359375 0.759765625 0.01171875 0.0390625
0 0.08056640625 0.615234375 0.0087890625 0.02490234375
0 0.01025390625 0.505859375 0.0087890625 0.033203125
0 0.2314453125 0.96875 0.01220703125 0.03369140625
0 0.00927734375 0.97998046875 0.009765625 0.03564453125
0 0.021484375 0.5380859375 0.0126953125 0.0380859375
0 0.1220703125 0.76513671875 0.01611328125 0.0283203125
0 0.1708984375 0.98193359375 0.01611328125 0.0322265625
0 0.03271484375 0.95068359375 0.01904296875 0.03369140625
0 0.0439453125 0.982421875 0.01025390625 0.0341796875
0 0.00390625 0.45654296875 0.0078125 0.01708984375
0 0.07958984375 0.98876953125 0.013671875 0.02197265625
0 0.94091796875 0.697265625 0.017578125 0.0283203125
0 0.3857421875 0.35400390625 0.009765625 0.01806640625
0 0.00439453125 0.923828125 0.00830078125 0.02099609375