0 0.1865234375 0.4345703125 0.0615234375 0.05517578125
0 0.5673828125 0.037109375 0.03369140625 0.0322265625
0 0.177734375 0.06884765625 0.04931640625 0.0556640625
0 0.021484375 0.24169921875 0.04248046875 0.07470703125
0 0.435546875 0.671875 0.10986328125 0.134765625
0 0.77880859375 0.14208984375 0.0693359375 0.08203125
0 0.4970703125 0.39892578125 0.072265625 0.1357421875
0 0.14208984375 0.1962890625 0.03271484375 0.0908203125
0 0.79833984375 0.0830078125 0.04931640625 0.0654296875
0 0.67431640625 0.015625 0.0517578125 0.03125
0 0.8369140625 0.40625 0.1103515625 0.0966796875
0 0.20849609375 0.10400390625 0.04736328125 0.02880859375
0 0.02783203125 0.080078125 0.0478515625 0.05517578125
0 0.43359375 0.0419921875 0.0546875 0.05615234375
0 0.486328125 0.462890625 0.04345703125 0.140625
0 0.73974609375 0.412109375 0.09912109375 0.1181640625
0 0.25146484375 0.23828125 0.03515625 0.07373046875
0 0.8076171875 0.61376953125 0.12158203125 0.11328125
0 0.56103515625 0.2744140625 0.083984375 0.0908203125
0 0.8896484375 0.03125 0.056640625 0.06201171875
0 0.353515625 0.03076171875 0.0263671875 0.0576171875
0 0.2333984375 0.130859375 0.03369140625 0.078125
0 0.505859375 0.1552734375 0.05810546875 0.04345703125
0 0.341796875 0.42578125 0.078125 0.12158203125
0 0.04296875 0.03125 0.05029296875 0.052734375
0 0.95166015625 0.03125 0.0654296875 0.06103515625
0 0.4775390625 0.34375 0.05419921875 0.12939453125
0 0.26513671875 0.01416015625 0.0283203125 0.02783203125
0 0.255859375 0.4716796875 0.0888671875 0.11865234375
0 0.0546875 0.27001953125 0.05078125 0.09814453125
0 0.00830078125 0.05810546875 0.01611328125 0.02099609375
0 0.80615234375 0.005859375 0.02734375 0.01171875