0 0.57958984375 0.60888671875 0.0166015625 0.01953125
0 0.568359375 0.61279296875 0.0166015625 0.0185546875
0 0.8896484375 0.55517578125 0.01953125 0.021484375
0 0.8916015625 0.5419921875 0.017578125 0.01953125
0 0.66845703125 0.58203125 0.013671875 0.015625
0 0.39599609375 0.7236328125 0.0185546875 0.021484375
0 0.322265625 0.83056640625 0.0205078125 0.0244140625
0 0.43359375 0.7578125 0.017578125 0.0205078125
0 0.8134765625 0.55908203125 0.015625 0.0185546875
0 0.6904296875 0.59130859375 0.0146484375 0.01953125
0 0.13037109375 0.79541015625 0.015625 0.0205078125
0 0.11669921875 0.8017578125 0.0166015625 0.017578125
0 0.8369140625 0.5537109375 0.0146484375 0.0166015625
0 0.32177734375 0.798828125 0.013671875 0.0224609375
0 0.29931640625 0.8505859375 0.0205078125 0.0244140625
0 0.27587890625 0.7294921875 0.015625 0.017578125
0 0.31787109375 0.71630859375 0.017578125 0.01953125
0 0.388671875 0.6689453125 0.015625 0.0185546875
0 0.24169921875 0.73828125 0.013671875 0.017578125
0 0.21875 0.75 0.017578125 0.0185546875
0 0.619140625 0.6640625 0.01171875 0.0205078125
0 0.6337890625 0.59033203125 0.0126953125 0.0166015625
0 0.5087890625 0.6240234375 0.01171875 0.017578125
0 0.44677734375 0.64111328125 0.01171875 0.0166015625
0 0.7138671875 0.58935546875 0.015625 0.01953125
0 0.40087890625 0.68017578125 0.01171875 0.0205078125
0 0.45556640625 0.63671875 0.0107421875 0.015625
0 0.30078125 0.728515625 0.0205078125 0.025390625
0 0.20947265625 0.7705078125 0.0126953125 0.013671875
0 0.66259765625 0.59375 0.0126953125 0.017578125
0 0.0986328125 0.849609375 0.0185546875 0.021484375
0 0.21337890625 0.8271484375 0.0205078125 0.0224609375
0 0.37255859375 0.8076171875 0.0244140625 0.025390625
0 0.43994140625 0.7158203125 0.01171875 0.0205078125
0 0.0712890625 0.82080078125 0.01171875 0.0205078125
0 0.2880859375 0.71630859375 0.0107421875 0.015625
0 0.353515625 0.69189453125 0.009765625 0.01171875
0 0.3671875 0.787109375 0.0107421875 0.01953125