0 0.88427734375 0.57958984375 0.0205078125 0.01953125
0 0.861328125 0.4375 0.015625 0.021484375
0 0.927734375 0.58642578125 0.017578125 0.01953125
0 0.947265625 0.45263671875 0.0185546875 0.025390625
0 0.9794921875 0.39599609375 0.0224609375 0.017578125
0 0.88720703125 0.59228515625 0.0166015625 0.01953125
0 0.88671875 0.62939453125 0.0146484375 0.0234375
0 0.99072265625 0.60791015625 0.013671875 0.01953125
0 0.92626953125 0.494140625 0.017578125 0.0166015625
0 0.9189453125 0.4638671875 0.01171875 0.0205078125
0 0.95556640625 0.7568359375 0.0166015625 0.0224609375
0 0.8603515625 0.66552734375 0.021484375 0.0205078125
0 0.9873046875 0.7529296875 0.0205078125 0.0234375
0 0.99072265625 0.427734375 0.0107421875 0.0263671875
0 0.8271484375 0.880859375 0.015625 0.0302734375
0 0.99169921875 0.53955078125 0.0166015625 0.0205078125
0 0.96435546875 0.80126953125 0.017578125 0.0224609375
0 0.9189453125 0.55322265625 0.0126953125 0.0224609375
0 0.9326171875 0.7568359375 0.0166015625 0.021484375
0 0.90087890625 0.6416015625 0.0166015625 0.0234375
0 0.96484375 0.4482421875 0.0126953125 0.0166015625
0 0.962890625 0.669921875 0.0185546875 0.025390625
0 0.86328125 0.75 0.015625 0.0263671875
0 0.84326171875 0.6689453125 0.015625 0.01953125
0 0.92578125 0.61279296875 0.021484375 0.021484375
0 0.8720703125 0.68212890625 0.0146484375 0.0244140625
0 0.970703125 0.91259765625 0.017578125 0.0224609375
0 0.9072265625 0.58349609375 0.013671875 0.0205078125
0 0.85498046875 0.60400390625 0.0126953125 0.0283203125
0 0.8681640625 0.9267578125 0.01953125 0.03125
0 0.7958984375 0.78466796875 0.0126953125 0.0234375
0 0.82373046875 0.7470703125 0.0224609375 0.0224609375
0 0.9609375 0.73681640625 0.013671875 0.0205078125
0 0.833984375 0.921875 0.0234375 0.021484375
0 0.9248046875 0.9287109375 0.0205078125 0.0224609375
0 0.935546875 0.8876953125 0.017578125 0.0263671875
0 0.9794921875 0.4443359375 0.0146484375 0.025390625
0 0.81884765625 0.78369140625 0.0185546875 0.0234375
0 0.97998046875 0.47119140625 0.01953125 0.03515625
0 0.857421875 0.619140625 0.01171875 0.0224609375
0 0.9013671875 0.67431640625 0.0126953125 0.0263671875
0 0.83154296875 0.9482421875 0.0234375 0.013671875
0 0.794921875 0.94384765625 0.0224609375 0.0322265625