0 0.41015625 0.52978515625 0.02978515625 0.05810546875
0 0.2646484375 0.693359375 0.04248046875 0.0546875
0 0.462890625 0.498046875 0.041015625 0.04541015625
0 0.11083984375 0.71240234375 0.0537109375 0.05859375
0 0.248046875 0.298828125 0.0302734375 0.03515625
0 0.466796875 0.3515625 0.04052734375 0.03955078125
0 0.4091796875 0.4482421875 0.04736328125 0.04736328125
0 0.03515625 0.4150390625 0.03125 0.0458984375
0 0.88916015625 0.58740234375 0.04248046875 0.05810546875
0 0.93212890625 0.693359375 0.06396484375 0.06005859375
0 0.01416015625 0.72705078125 0.02783203125 0.06005859375
0 0.67138671875 0.41015625 0.04443359375 0.03076171875
0 0.5205078125 0.572265625 0.01904296875 0.06005859375
0 0.15087890625 0.962890625 0.06005859375 0.07421875
0 0.06787109375 0.20849609375 0.01904296875 0.03515625
0 0.611328125 0.4345703125 0.0380859375 0.0546875
0 0.3232421875 0.3564453125 0.03369140625 0.0400390625
0 0.08349609375 0.35498046875 0.02685546875 0.0380859375
0 0.01611328125 0.36767578125 0.029296875 0.04638671875
0 0.89697265625 0.4697265625 0.0419921875 0.02978515625
0 0.1298828125 0.5283203125 0.03955078125 0.06201171875
0 0.43310546875 0.296875 0.02783203125 0.02294921875
0 0.3935546875 0.291015625 0.029296875 0.02490234375
0 0.43798828125 0.24169921875 0.03076171875 0.03125
0 0.12939453125 0.427734375 0.03564453125 0.0244140625
0 0.08740234375 0.4150390625 0.0302734375 0.0478515625
0 0.43701171875 0.3447265625 0.01611328125 0.0458984375
0 0.91748046875 0.81982421875 0.056640625 0.05810546875
0 0.375 0.205078125 0.02880859375 0.02734375
0 0.5224609375 0.345703125 0.03369140625 0.03955078125
0 0.0966796875 0.50537109375 0.0390625 0.04931640625
0 0.37890625 0.1611328125 0.029296875 0.0322265625
0 0.7939453125 0.85302734375 0.06787109375 0.068359375
0 0.64697265625 0.3056640625 0.0126953125 0.03857421875
0 0.27587890625 0.3837890625 0.03955078125 0.041015625
0 0.396484375 0.1962890625 0.0244140625 0.03076171875
0 0.17626953125 0.44189453125 0.037109375 0.04931640625
0 0.0166015625 0.33203125 0.03076171875 0.03662109375
0 0.34033203125 0.3193359375 0.03173828125 0.02294921875
0 0.17822265625 0.3564453125 0.017578125 0.03857421875
0 0.2314453125 0.50341796875 0.04833984375 0.05224609375
0 0.01220703125 0.234375 0.0244140625 0.037109375
0 0.01708984375 0.6337890625 0.0341796875 0.05859375
0 0.03271484375 0.52099609375 0.03759765625 0.056640625
0 0.2919921875 0.31884765625 0.021484375 0.03662109375
0 0.2939453125 0.51123046875 0.0390625 0.0341796875
0 0.283203125 0.17822265625 0.02685546875 0.01806640625
0 0.15625 0.36181640625 0.0283203125 0.04638671875
0 0.4248046875 0.43408203125 0.0380859375 0.04736328125
0 0.22998046875 0.1865234375 0.02783203125 0.01953125
0 0.3291015625 0.166015625 0.029296875 0.0263671875
0 0.271484375 0.353515625 0.01953125 0.0224609375
0 0.20556640625 0.2802734375 0.025390625 0.041015625
0 0.30810546875 0.54150390625 0.04296875 0.06005859375
0 0.2216796875 0.23583984375 0.02392578125 0.0361328125
0 0.32275390625 0.1826171875 0.021484375 0.03515625
0 0.34521484375 0.5341796875 0.0380859375 0.02587890625
0 0.615234375 0.357421875 0.03125 0.021484375
0 0.12158203125 0.25 0.02099609375 0.03271484375
0 0.0849609375 0.30859375 0.0146484375 0.04296875
0 0.03564453125 0.23876953125 0.03125 0.0380859375
0 0.27783203125 0.22265625 0.02734375 0.03564453125
0 0.3388671875 0.24072265625 0.02783203125 0.03662109375
0 0.28662109375 0.4326171875 0.02734375 0.0556640625
0 0.38525390625 0.23583984375 0.0234375 0.01806640625
0 0.30126953125 0.20166015625 0.0234375 0.02001953125
0 0.142578125 0.30517578125 0.03515625 0.04541015625
0 0.20556640625 0.2587890625 0.03076171875 0.029296875
0 0.31787109375 0.30029296875 0.02734375 0.01416015625
0 0.20654296875 0.52685546875 0.02685546875 0.0439453125
0 0.23828125 0.20947265625 0.03271484375 0.037109375
0 0.009765625 0.45654296875 0.01953125 0.0380859375
0 0.25439453125 0.21630859375 0.0283203125 0.037109375
0 0.09033203125 0.28955078125 0.02734375 0.04541015625
0 0.2724609375 0.1982421875 0.02978515625 0.02734375
0 0.1044921875 0.26220703125 0.02783203125 0.01611328125
0 0.228515625 0.26318359375 0.02197265625 0.01953125
0 0.515625 0.3642578125 0.02978515625 0.0361328125
0 0.02197265625 0.251953125 0.02685546875 0.02197265625
0 0.14306640625 0.2841796875 0.01416015625 0.01416015625
0 0.06689453125 0.3681640625 0.0205078125 0.01611328125
0 0.07177734375 0.3203125 0.01806640625 0.0185546875