0 0.99658203125 0.9208984375 0.0068359375 0.02734375
0 0.59716796875 0.6533203125 0.015625 0.03125
0 0.71240234375 0.546875 0.0234375 0.0361328125
0 0.81005859375 0.3974609375 0.0341796875 0.0517578125
0 0.8447265625 0.65234375 0.01953125 0.0390625
0 0.87939453125 0.44140625 0.0302734375 0.0576171875
0 0.79541015625 0.6484375 0.0244140625 0.0390625
0 0.89794921875 0.2021484375 0.025390625 0.029296875
0 0.77587890625 0.9541015625 0.0224609375 0.060546875
0 0.92626953125 0.89111328125 0.0234375 0.0419921875
0 0.95166015625 0.30224609375 0.021484375 0.044921875
0 0.87060546875 0.10986328125 0.03515625 0.0390625
0 0.67724609375 0.80712890625 0.0166015625 0.0576171875
0 0.58154296875 0.15576171875 0.0244140625 0.037109375
0 0.5751953125 0.77880859375 0.029296875 0.060546875
0 0.7275390625 0.63671875 0.033203125 0.044921875
0 0.78271484375 0.791015625 0.0185546875 0.0400390625
0 0.81884765625 0.58935546875 0.0166015625 0.0390625
0 0.70068359375 0.2685546875 0.017578125 0.0205078125
0 0.83251953125 0.076171875 0.03515625 0.041015625
0 0.79345703125 0.09716796875 0.015625 0.0341796875
0 0.7275390625 0.11474609375 0.029296875 0.0380859375
0 0.68701171875 0.419921875 0.0263671875 0.0517578125
0 0.74609375 0.94775390625 0.0302734375 0.0595703125
0 0.68798828125 0.18603515625 0.015625 0.0419921875
0 0.955078125 0.181640625 0.0263671875 0.0361328125
0 0.6728515625 0.7158203125 0.02734375 0.0478515625
0 0.716796875 0.9658203125 0.0263671875 0.046875
0 0.72412109375 0.14892578125 0.0244140625 0.056640625
0 0.64111328125 0.57421875 0.021484375 0.0322265625
0 0.759765625 0.11376953125 0.0224609375 0.0400390625
0 0.587890625 0.59716796875 0.0185546875 0.041015625
0 0.67724609375 0.5400390625 0.0166015625 0.0380859375
0 0.64404296875 0.66796875 0.0205078125 0.041015625
0 0.7890625 0.19873046875 0.013671875 0.0380859375
0 0.78515625 0.12646484375 0.01953125 0.0498046875
0 0.603515625 0.716796875 0.0126953125 0.03515625
0 0.99169921875 0.845703125 0.0166015625 0.03125
0 0.88671875 0.03271484375 0.0244140625 0.041015625
0 0.62255859375 0.76953125 0.013671875 0.0390625
0 0.6376953125 0.53125 0.0244140625 0.0302734375
0 0.8720703125 0.240234375 0.0224609375 0.0380859375
0 0.798828125 0.2265625 0.0166015625 0.0205078125
0 0.796875 0.06884765625 0.021484375 0.0361328125