0 0.11376953125 0.822265625 0.04052734375 0.041015625
0 0.2705078125 0.7265625 0.03076171875 0.0517578125
0 0.1728515625 0.751953125 0.025390625 0.04345703125
0 0.5 0.91943359375 0.0234375 0.03173828125
0 0.08349609375 0.7978515625 0.02392578125 0.0380859375
0 0.08740234375 0.82421875 0.03125 0.05126953125
0 0.13916015625 0.775390625 0.0283203125 0.05517578125
0 0.521484375 0.90087890625 0.02685546875 0.041015625
0 0.44677734375 0.72265625 0.0341796875 0.041015625
0 0.49951171875 0.81201171875 0.0263671875 0.03662109375
0 0.4091796875 0.6357421875 0.0322265625 0.0322265625
0 0.58740234375 0.7939453125 0.01806640625 0.0439453125
0 0.13330078125 0.93310546875 0.02587890625 0.04931640625
0 0.5361328125 0.79833984375 0.03759765625 0.03662109375
0 0.3603515625 0.60302734375 0.03076171875 0.0380859375
0 0.5546875 0.97314453125 0.02685546875 0.04736328125
0 0.4501953125 0.849609375 0.02734375 0.02978515625
0 0.4521484375 0.9921875 0.01611328125 0.01513671875
0 0.16162109375 0.865234375 0.0244140625 0.0537109375
0 0.4384765625 0.90380859375 0.04248046875 0.03955078125
0 0.57177734375 0.771484375 0.02099609375 0.0283203125
0 0.298828125 0.74951171875 0.0224609375 0.02392578125