0 0.71435546875 0.46728515625 0.02001953125 0.021484375
0 0.7119140625 0.44677734375 0.0126953125 0.0234375
0 0.5830078125 0.43115234375 0.013671875 0.025390625
0 0.1904296875 0.400390625 0.01806640625 0.01708984375
0 0.13330078125 0.6181640625 0.01171875 0.02197265625
0 0.2490234375 0.537109375 0.01123046875 0.01904296875
0 0.091796875 0.4384765625 0.0126953125 0.01806640625
0 0.44140625 0.31982421875 0.015625 0.02197265625
0 0.54541015625 0.37158203125 0.01318359375 0.01953125
0 0.375 0.26708984375 0.01171875 0.02392578125
0 0.69580078125 0.38330078125 0.015625 0.0224609375
0 0.2021484375 0.337890625 0.01025390625 0.01708984375
0 0.2255859375 0.44873046875 0.01123046875 0.02197265625
0 0.392578125 0.26611328125 0.0185546875 0.0205078125
0 0.4677734375 0.30859375 0.013671875 0.01904296875
0 0.193359375 0.353515625 0.01611328125 0.0185546875
0 0.1611328125 0.6123046875 0.0166015625 0.02197265625
0 0.08447265625 0.74462890625 0.01025390625 0.02001953125
0 0.41259765625 0.25244140625 0.01171875 0.02734375
0 0.263671875 0.3193359375 0.01025390625 0.0185546875
0 0.17724609375 0.3876953125 0.0146484375 0.02294921875
0 0.677734375 0.3818359375 0.0166015625 0.02099609375
0 0.42578125 0.30908203125 0.013671875 0.015625
0 0.45751953125 0.3955078125 0.01220703125 0.01611328125
0 0.0185546875 0.73388671875 0.0107421875 0.03125
0 0.17578125 0.365234375 0.01171875 0.0166015625