0 0.31396484375 0.669921875 0.02294921875 0.01025390625
0 0.33740234375 0.66357421875 0.02197265625 0.0166015625
0 0.14111328125 0.86474609375 0.0166015625 0.01416015625
0 0.12939453125 0.86083984375 0.0234375 0.009765625
0 0.13671875 0.841796875 0.01904296875 0.013671875
0 0.1298828125 0.83447265625 0.025390625 0.00439453125
0 0.77490234375 0.6025390625 0.01953125 0.009765625
0 0.15576171875 0.84423828125 0.01611328125 0.0126953125
0 0.876953125 0.55810546875 0.0146484375 0.0107421875
0 0.60595703125 0.55126953125 0.01806640625 0.00927734375
0 0.775390625 0.654296875 0.01708984375 0.0107421875
0 0.6162109375 0.81591796875 0.017578125 0.01025390625
0 0.1806640625 0.93017578125 0.02099609375 0.01220703125
0 0.923828125 0.4365234375 0.021484375 0.0087890625
0 0.63037109375 0.5517578125 0.01611328125 0.0107421875
0 0.18115234375 0.89990234375 0.0244140625 0.009765625
0 0.685546875 0.72509765625 0.01611328125 0.01025390625
0 0.62744140625 0.5166015625 0.0205078125 0.009765625
0 0.1845703125 0.951171875 0.017578125 0.0126953125
0 0.0390625 0.92626953125 0.01708984375 0.0107421875
0 0.8017578125 0.43896484375 0.0224609375 0.009765625
0 0.685546875 0.73681640625 0.021484375 0.009765625
0 0.67041015625 0.56982421875 0.0185546875 0.009765625
0 0.548828125 0.56103515625 0.0185546875 0.00927734375
0 0.666015625 0.7802734375 0.0244140625 0.00830078125
0 0.9853515625 0.41015625 0.0126953125 0.01171875
0 0.50927734375 0.57421875 0.01513671875 0.01171875
0 0.88037109375 0.39453125 0.0166015625 0.01171875
0 0.40576171875 0.6318359375 0.0224609375 0.00830078125
0 0.970703125 0.39453125 0.021484375 0.0087890625
0 0.42822265625 0.7275390625 0.02197265625 0.01123046875
0 0.82763671875 0.61328125 0.02197265625 0.00830078125
0 0.80859375 0.49658203125 0.01171875 0.01123046875
0 0.90869140625 0.541015625 0.02001953125 0.009765625
0 0.97412109375 0.40673828125 0.0107421875 0.01171875
0 0.64501953125 0.546875 0.015625 0.01123046875
0 0.78271484375 0.70361328125 0.01171875 0.01171875
0 0.37255859375 0.7392578125 0.02587890625 0.00927734375
0 0.173828125 0.96240234375 0.01611328125 0.0107421875
0 0.1416015625 0.94189453125 0.02978515625 0.00830078125
0 0.533203125 0.6064453125 0.017578125 0.00830078125
0 0.75146484375 0.4697265625 0.0146484375 0.01025390625
0 0.10595703125 0.99169921875 0.01806640625 0.01318359375
0 0.18212890625 0.98779296875 0.01611328125 0.01171875
0 0.99462890625 0.4208984375 0.00927734375 0.009765625
0 0.70849609375 0.76123046875 0.0244140625 0.009765625
0 0.20458984375 0.99853515625 0.01806640625 0.0029296875