0 0.814453125 0.34423828125 0.015625 0.021484375
0 0.8466796875 0.650390625 0.0185546875 0.0126953125
0 0.8232421875 0.7314453125 0.015625 0.0205078125
0 0.76953125 0.861328125 0.0107421875 0.013671875
0 0.81396484375 0.99365234375 0.0185546875 0.0126953125
0 0.76220703125 0.34619140625 0.0126953125 0.0205078125
0 0.693359375 0.51220703125 0.0166015625 0.01953125
0 0.75634765625 0.50390625 0.013671875 0.025390625
0 0.826171875 0.72802734375 0.0078125 0.013671875
0 0.84130859375 0.55126953125 0.015625 0.017578125
0 0.8291015625 0.5244140625 0.01953125 0.0185546875