0 0.6669921875 0.66015625 0.0341796875 0.0595703125
0 0.6982421875 0.162109375 0.03125 0.0634765625
0 0.7978515625 0.578125 0.025390625 0.0595703125
0 0.68212890625 0.2587890625 0.0185546875 0.044921875
0 0.71142578125 0.32861328125 0.03125 0.064453125
0 0.748046875 0.4716796875 0.0263671875 0.0546875
0 0.81298828125 0.107421875 0.0283203125 0.0537109375
0 0.849609375 0.56982421875 0.0244140625 0.0556640625
0 0.63623046875 0.38525390625 0.015625 0.029296875
0 0.6982421875 0.8212890625 0.0361328125 0.0615234375
0 0.83642578125 0.31982421875 0.0322265625 0.048828125
0 0.70947265625 0.51123046875 0.02734375 0.060546875
0 0.5673828125 0.48828125 0.0234375 0.0517578125
0 0.783203125 0.12841796875 0.0224609375 0.0390625
0 0.5361328125 0.62060546875 0.029296875 0.0625
0 0.84716796875 0.97705078125 0.0283203125 0.0458984375
0 0.77783203125 0.8662109375 0.01953125 0.046875
0 0.75439453125 0.3046875 0.021484375 0.0419921875
0 0.91650390625 0.740234375 0.03125 0.0576171875
0 0.77001953125 0.5419921875 0.025390625 0.048828125
0 0.7138671875 0.12939453125 0.02734375 0.052734375
0 0.7822265625 0.333984375 0.021484375 0.0390625
0 0.66796875 0.259765625 0.0224609375 0.05078125
0 0.70703125 0.3095703125 0.0224609375 0.0478515625
0 0.970703125 0.70849609375 0.021484375 0.060546875
0 0.99560546875 0.37060546875 0.0087890625 0.0517578125
0 0.67578125 0.19580078125 0.0185546875 0.041015625
0 0.65185546875 0.16796875 0.021484375 0.0439453125