0 0.23974609375 0.7724609375 0.025390625 0.0263671875
0 0.63525390625 0.67529296875 0.015625 0.0458984375
0 0.1630859375 0.3369140625 0.0166015625 0.044921875
0 0.158203125 0.84326171875 0.017578125 0.048828125
0 0.427734375 0.98486328125 0.015625 0.0302734375
0 0.185546875 0.4248046875 0.0166015625 0.048828125
0 0.24169921875 0.5771484375 0.017578125 0.0458984375
0 0.3134765625 0.501953125 0.0126953125 0.0458984375
0 0.34619140625 0.876953125 0.0185546875 0.044921875
0 0.166015625 0.66748046875 0.01953125 0.048828125
0 0.26806640625 0.8623046875 0.01953125 0.04296875
0 0.2734375 0.546875 0.015625 0.044921875
0 0.04296875 0.5107421875 0.0146484375 0.044921875
0 0.15478515625 0.74853515625 0.0205078125 0.046875
0 0.20263671875 0.6298828125 0.015625 0.0419921875
0 0.0869140625 0.734375 0.0205078125 0.0439453125
0 0.322265625 0.68505859375 0.017578125 0.0556640625
0 0.4951171875 0.982421875 0.017578125 0.03515625
0 0.10595703125 0.9931640625 0.0146484375 0.013671875
0 0.0634765625 0.86865234375 0.0234375 0.0361328125
0 0.18359375 0.7978515625 0.0234375 0.044921875
0 0.04541015625 0.6513671875 0.013671875 0.0458984375
0 0.23046875 0.97216796875 0.0185546875 0.05078125
0 0.064453125 0.5771484375 0.0166015625 0.046875
0 0.13232421875 0.97021484375 0.0146484375 0.05078125
0 0.23583984375 0.92333984375 0.0185546875 0.0498046875
0 0.095703125 0.712890625 0.0185546875 0.044921875
0 0.06103515625 0.98046875 0.0185546875 0.0390625
0 0.21484375 0.90234375 0.0185546875 0.052734375
0 0.00537109375 0.47509765625 0.0107421875 0.0498046875
0 0.03759765625 0.90673828125 0.0224609375 0.0517578125
0 0.08056640625 0.91552734375 0.0263671875 0.0419921875