0 0.689453125 0.8203125 0.0498046875 0.0419921875
0 0.748046875 0.55322265625 0.05126953125 0.0634765625
0 0.828125 0.2080078125 0.0283203125 0.0625
0 0.83154296875 0.25439453125 0.0390625 0.05859375
0 0.6513671875 0.46875 0.03466796875 0.07861328125
0 0.70166015625 0.46728515625 0.0322265625 0.07421875
0 0.76123046875 0.41796875 0.0439453125 0.0751953125
0 0.63720703125 0.794921875 0.0380859375 0.083984375
0 0.919921875 0.45703125 0.04248046875 0.072265625
0 0.453125 0.46630859375 0.02880859375 0.0771484375
0 0.62841796875 0.38720703125 0.0361328125 0.0576171875
0 0.95166015625 0.5244140625 0.0263671875 0.08203125
0 0.5419921875 0.3857421875 0.03466796875 0.06640625
0 0.82666015625 0.52197265625 0.02099609375 0.05712890625
0 0.8388671875 0.03125 0.02392578125 0.06005859375
0 0.9306640625 0.5947265625 0.0283203125 0.07568359375
0 0.80517578125 0.03125 0.029296875 0.060546875
0 0.7236328125 0.076171875 0.02490234375 0.07421875
0 0.6455078125 0.88818359375 0.0185546875 0.046875
0 0.74072265625 0.0263671875 0.0302734375 0.052734375
0 0.119140625 0.82568359375 0.03076171875 0.06201171875
0 0.56396484375 0.42626953125 0.02392578125 0.06689453125
0 0.56787109375 0.12890625 0.01416015625 0.07666015625
0 0.43212890625 0.8974609375 0.02490234375 0.0537109375
0 0.9912109375 0.92431640625 0.0166015625 0.072265625
0 0.0400390625 0.9755859375 0.02197265625 0.04833984375
0 0.7333984375 0.06005859375 0.02099609375 0.05517578125
0 0.640625 0.08740234375 0.0419921875 0.087890625
0 0.2578125 0.0341796875 0.01953125 0.068359375