0 0.9248046875 0.22802734375 0.021484375 0.0302734375
0 0.9423828125 0.21826171875 0.0224609375 0.0322265625
0 0.994140625 0.3251953125 0.01171875 0.03515625
0 0.82666015625 0.259765625 0.015625 0.0302734375
0 0.70556640625 0.33984375 0.0166015625 0.029296875
0 0.8154296875 0.85107421875 0.0283203125 0.044921875
0 0.73486328125 0.11767578125 0.0185546875 0.033203125
0 0.8798828125 0.61669921875 0.03515625 0.04296875
0 0.71875 0.0888671875 0.0146484375 0.0283203125
0 0.806640625 0.8935546875 0.0234375 0.037109375
0 0.9208984375 0.81884765625 0.0283203125 0.0458984375
0 0.771484375 0.0673828125 0.015625 0.029296875
0 0.8671875 0.87060546875 0.03125 0.041015625
0 0.97607421875 0.173828125 0.01953125 0.0341796875
0 0.6923828125 0.8193359375 0.0244140625 0.044921875
0 0.8837890625 0.96240234375 0.0234375 0.037109375
0 0.46533203125 0.62353515625 0.0244140625 0.0439453125
0 0.86279296875 0.8095703125 0.0234375 0.0439453125
0 0.53173828125 0.55615234375 0.0302734375 0.0537109375
0 0.955078125 0.3701171875 0.025390625 0.041015625
0 0.7568359375 0.9296875 0.025390625 0.048828125
0 0.49609375 0.5888671875 0.025390625 0.0498046875
0 0.8525390625 0.9091796875 0.0244140625 0.029296875
0 0.42822265625 0.69775390625 0.0283203125 0.0419921875
0 0.7646484375 0.06298828125 0.013671875 0.0244140625
0 0.41455078125 0.97607421875 0.021484375 0.0361328125
0 0.7880859375 0.06591796875 0.0185546875 0.021484375
0 0.52978515625 0.44970703125 0.01953125 0.0390625