0 0.74462890625 0.9765625 0.0146484375 0.0283203125
0 0.77978515625 0.68212890625 0.01123046875 0.02587890625
0 0.77294921875 0.640625 0.00830078125 0.0234375
0 0.82861328125 0.62255859375 0.013671875 0.02490234375
0 0.890625 0.32373046875 0.0126953125 0.01611328125
0 0.79931640625 0.73193359375 0.01904296875 0.0224609375
0 0.76611328125 0.7978515625 0.0146484375 0.021484375
0 0.9677734375 0.4208984375 0.009765625 0.01611328125
0 0.9873046875 0.60302734375 0.01513671875 0.0166015625
0 0.87451171875 0.478515625 0.015625 0.01708984375
0 0.85791015625 0.599609375 0.01611328125 0.0185546875
0 0.97265625 0.498046875 0.01416015625 0.01611328125
0 0.87255859375 0.66552734375 0.01611328125 0.0205078125
0 0.75341796875 0.72314453125 0.01171875 0.0263671875
0 0.79736328125 0.9853515625 0.01611328125 0.02880859375
0 0.90478515625 0.71240234375 0.01708984375 0.01904296875
0 0.8623046875 0.99365234375 0.0205078125 0.0126953125
0 0.958984375 0.61328125 0.013671875 0.017578125
0 0.78369140625 0.76708984375 0.01611328125 0.0185546875
0 0.7607421875 0.884765625 0.01220703125 0.03173828125
0 0.9560546875 0.955078125 0.01953125 0.02490234375
0 0.92431640625 0.39501953125 0.0068359375 0.0234375
0 0.84033203125 0.48828125 0.01416015625 0.01953125
0 0.85400390625 0.57373046875 0.009765625 0.0205078125
0 0.880859375 0.7705078125 0.013671875 0.0263671875
0 0.869140625 0.533203125 0.01220703125 0.021484375
0 0.7822265625 0.87451171875 0.009765625 0.03173828125
0 0.95703125 0.64990234375 0.01513671875 0.01953125
0 0.86669921875 0.93505859375 0.0205078125 0.0244140625
0 0.921875 0.97314453125 0.0166015625 0.02734375
0 0.81640625 0.814453125 0.01708984375 0.02294921875
0 0.830078125 0.8876953125 0.02001953125 0.0224609375
0 0.6982421875 0.962890625 0.009765625 0.03515625
0 0.85986328125 0.45703125 0.0078125 0.0224609375
0 0.970703125 0.2861328125 0.0146484375 0.01416015625
0 0.953125 0.466796875 0.01806640625 0.01806640625
0 0.900390625 0.52001953125 0.0166015625 0.01953125
0 0.89697265625 0.896484375 0.02001953125 0.0244140625
0 0.896484375 0.66650390625 0.013671875 0.01953125
0 0.98583984375 0.8232421875 0.02490234375 0.03125
0 0.8662109375 0.8486328125 0.01904296875 0.021484375
0 0.92236328125 0.478515625 0.013671875 0.01611328125
0 0.9228515625 0.86962890625 0.01806640625 0.0205078125
0 0.92578125 0.7451171875 0.01708984375 0.01953125
0 0.93310546875 0.49609375 0.0126953125 0.01953125
0 0.84765625 0.470703125 0.01171875 0.02685546875
0 0.98828125 0.7783203125 0.017578125 0.02197265625
0 0.978515625 0.65283203125 0.01708984375 0.02099609375
0 0.86669921875 0.81298828125 0.0205078125 0.0205078125
0 0.94091796875 0.9921875 0.02099609375 0.0146484375
0 0.94287109375 0.66943359375 0.0078125 0.02978515625
0 0.9873046875 0.87109375 0.02197265625 0.02587890625
0 0.95166015625 0.77685546875 0.01904296875 0.02001953125
0 0.92138671875 0.9306640625 0.02099609375 0.01953125
0 0.8876953125 0.5615234375 0.01220703125 0.01806640625
0 0.9287109375 0.798828125 0.01171875 0.029296875
0 0.90380859375 0.8046875 0.01220703125 0.02734375
0 0.89892578125 0.599609375 0.00830078125 0.02734375
0 0.9423828125 0.81201171875 0.0166015625 0.0244140625
0 0.8984375 0.82763671875 0.01904296875 0.02001953125
0 0.88916015625 0.5751953125 0.0107421875 0.02392578125
0 0.91943359375 0.580078125 0.0146484375 0.0234375
0 0.94677734375 0.830078125 0.01318359375 0.0244140625
0 0.95458984375 0.8193359375 0.0185546875 0.01953125
0 0.9912109375 0.7490234375 0.01611328125 0.0263671875
0 0.90087890625 0.994140625 0.021484375 0.01123046875
0 0.90380859375 0.58837890625 0.01904296875 0.0224609375
0 0.9970703125 0.9716796875 0.005859375 0.02294921875
0 0.90966796875 0.84228515625 0.02587890625 0.02783203125
0 0.99462890625 0.82763671875 0.0107421875 0.02490234375
0 0.9609375 0.74853515625 0.01953125 0.01953125
0 0.9580078125 0.99560546875 0.01806640625 0.0087890625
0 0.9912109375 0.98681640625 0.01220703125 0.021484375
0 0.97021484375 0.70751953125 0.017578125 0.0244140625
0 0.79248046875 0.92431640625 0.0283203125 0.0322265625
0 0.8017578125 0.8955078125 0.03271484375 0.02197265625
0 0.80224609375 0.7451171875 0.013671875 0.0244140625