0 0.826171875 0.2158203125 0.06396484375 0.08642578125
0 0.04248046875 0.369140625 0.0810546875 0.087890625
0 0.552734375 0.44140625 0.0673828125 0.06201171875
0 0.4052734375 0.31005859375 0.08056640625 0.09423828125
0 0.73486328125 0.44287109375 0.064453125 0.10205078125
0 0.31298828125 0.16064453125 0.05810546875 0.0791015625
0 0.93994140625 0.158203125 0.080078125 0.078125
0 0.44873046875 0.427734375 0.060546875 0.0498046875
0 0.1806640625 0.802734375 0.13232421875 0.14892578125
0 0.60498046875 0.0283203125 0.052734375 0.056640625
0 0.72265625 0.88330078125 0.123046875 0.09619140625
0 0.52197265625 0.23291015625 0.044921875 0.09423828125
0 0.4052734375 0.76171875 0.1162109375 0.142578125
0 0.67333984375 0.0693359375 0.04736328125 0.05126953125
0 0.1513671875 0.22802734375 0.08154296875 0.0478515625
0 0.28857421875 0.55810546875 0.08935546875 0.11181640625
0 0.86572265625 0.63427734375 0.09521484375 0.14990234375
0 0.92431640625 0.0673828125 0.05419921875 0.0302734375
0 0.95263671875 0.658203125 0.09423828125 0.1357421875
0 0.7451171875 0.35546875 0.0869140625 0.064453125
0 0.18505859375 0.04296875 0.0302734375 0.056640625
0 0.2548828125 0.20263671875 0.0400390625 0.078125
0 0.9521484375 0.3017578125 0.07373046875 0.0927734375
0 0.68798828125 0.1220703125 0.05322265625 0.07958984375
0 0.7294921875 0.10205078125 0.0771484375 0.07763671875
0 0.91455078125 0.19970703125 0.0390625 0.04833984375
0 0.3818359375 0.57861328125 0.1044921875 0.11376953125
0 0.79736328125 0.4189453125 0.0537109375 0.04443359375
0 0.44287109375 0.65869140625 0.0859375 0.06787109375
0 0.98388671875 0.33740234375 0.0322265625 0.0986328125
0 0.93408203125 0.2490234375 0.0478515625 0.06494140625
0 0.3115234375 0.248046875 0.07763671875 0.08544921875
0 0.87841796875 0.048828125 0.03466796875 0.0458984375
0 0.91796875 0.0244140625 0.052734375 0.048828125
0 0.65087890625 0.533203125 0.06787109375 0.125
0 0.9912109375 0.03076171875 0.01708984375 0.0615234375
0 0.01123046875 0.7763671875 0.02197265625 0.12939453125
0 0.853515625 0.06689453125 0.03369140625 0.068359375
0 0.13330078125 0.3095703125 0.05615234375 0.05322265625