0 0.29443359375 0.29150390625 0.03125 0.0361328125
0 0.47900390625 0.74755859375 0.0283203125 0.0458984375
0 0.3017578125 0.525390625 0.0224609375 0.05078125
0 0.3134765625 0.9794921875 0.0283203125 0.0341796875
0 0.3369140625 0.11669921875 0.021484375 0.0400390625
0 0.1298828125 0.97998046875 0.0185546875 0.02734375
0 0.01513671875 0.31298828125 0.0224609375 0.0380859375
0 0.3193359375 0.3505859375 0.01953125 0.0390625
0 0.19970703125 0.8056640625 0.0234375 0.0517578125
0 0.009765625 0.81787109375 0.01953125 0.0263671875
0 0.19970703125 0.37353515625 0.015625 0.0361328125
0 0.24560546875 0.45458984375 0.0205078125 0.0439453125
0 0.2822265625 0.587890625 0.0185546875 0.0478515625
0 0.3212890625 0.39501953125 0.0234375 0.048828125