0 0.04736328125 0.283203125 0.021484375 0.08203125
0 0.29052734375 0.48193359375 0.033203125 0.041015625
0 0.10986328125 0.40771484375 0.0283203125 0.0751953125
0 0.0830078125 0.30810546875 0.0224609375 0.0869140625
0 0.07177734375 0.06884765625 0.0263671875 0.076171875
0 0.107421875 0.05712890625 0.0205078125 0.0625
0 0.36865234375 0.48388671875 0.017578125 0.0517578125
0 0.1298828125 0.150390625 0.0302734375 0.0859375
0 0.21484375 0.2001953125 0.01953125 0.076171875
0 0.4169921875 0.57763671875 0.021484375 0.0625
0 0.12158203125 0.5234375 0.0263671875 0.083984375
0 0.318359375 0.56494140625 0.01953125 0.07421875
0 0.13330078125 0.3212890625 0.0302734375 0.0859375
0 0.16650390625 0.18017578125 0.0244140625 0.0810546875
0 0.1943359375 0.18994140625 0.0205078125 0.0703125
0 0.14306640625 0.2548828125 0.037109375 0.0703125
0 0.140625 0.08642578125 0.0185546875 0.052734375
0 0.26123046875 0.25732421875 0.03125 0.0908203125
0 0.14306640625 0.04248046875 0.0283203125 0.0390625
0 0.1826171875 0.1484375 0.01953125 0.05078125
0 0.26806640625 0.31396484375 0.03125 0.076171875