0 0.08642578125 0.5126953125 0.017578125 0.0234375
0 0.095703125 0.48876953125 0.0087890625 0.03125
0 0.18359375 0.732421875 0.01513671875 0.02197265625
0 0.048828125 0.69384765625 0.01416015625 0.0224609375
0 0.35107421875 0.41943359375 0.01123046875 0.029296875
0 0.2041015625 0.52880859375 0.01123046875 0.03076171875
0 0.18408203125 0.5380859375 0.01416015625 0.02490234375
0 0.42431640625 0.82421875 0.01416015625 0.02978515625
0 0.14892578125 0.55126953125 0.01416015625 0.02783203125
0 0.10009765625 0.91845703125 0.015625 0.017578125
0 0.37353515625 0.82421875 0.01416015625 0.02783203125
0 0.33056640625 0.419921875 0.0166015625 0.0185546875
0 0.193359375 0.7587890625 0.01513671875 0.0185546875
0 0.3515625 0.51708984375 0.01025390625 0.021484375
0 0.1650390625 0.50830078125 0.0078125 0.02978515625
0 0.25439453125 0.69140625 0.009765625 0.02978515625
0 0.6240234375 0.7177734375 0.01171875 0.02685546875
0 0.4677734375 0.37109375 0.013671875 0.029296875
0 0.51416015625 0.98095703125 0.009765625 0.02392578125
0 0.51708984375 0.86865234375 0.009765625 0.02734375
0 0.22412109375 0.72900390625 0.01416015625 0.0146484375
0 0.7802734375 0.890625 0.0126953125 0.015625
0 0.671875 0.83740234375 0.01220703125 0.0244140625