0 0.06005859375 0.74462890625 0.0048828125 0.00927734375
0 0.06689453125 0.74951171875 0.00732421875 0.017578125
0 0.033203125 0.7255859375 0.01220703125 0.01025390625
0 0.03515625 0.73583984375 0.01025390625 0.01025390625
0 0.06640625 0.76318359375 0.00634765625 0.0087890625
0 0.017578125 0.73095703125 0.00732421875 0.01123046875
0 0.0380859375 0.75634765625 0.009765625 0.01220703125
0 0.056640625 0.5673828125 0.00830078125 0.01806640625
0 0.134765625 0.70068359375 0.00830078125 0.0126953125
0 0.07470703125 0.76611328125 0.01220703125 0.01513671875
0 0.10595703125 0.7080078125 0.00732421875 0.01220703125
0 0.07568359375 0.70068359375 0.01025390625 0.0126953125
0 0.03759765625 0.64013671875 0.01220703125 0.01220703125
0 0.09033203125 0.7373046875 0.00732421875 0.0126953125