0 0.05419921875 0.44287109375 0.017578125 0.029296875
0 0.0341796875 0.583984375 0.017578125 0.037109375
0 0.3369140625 0.7470703125 0.015625 0.03515625
0 0.15673828125 0.45556640625 0.01953125 0.021484375
0 0.0302734375 0.86669921875 0.015625 0.0400390625
0 0.01171875 0.44091796875 0.01953125 0.025390625
0 0.01416015625 0.5185546875 0.0205078125 0.0263671875
0 0.11962890625 0.6845703125 0.017578125 0.03125
0 0.17919921875 0.79736328125 0.0146484375 0.0380859375
0 0.16943359375 0.77978515625 0.015625 0.0302734375
0 0.09765625 0.98681640625 0.015625 0.0263671875
0 0.20947265625 0.8564453125 0.021484375 0.0283203125
0 0.27294921875 0.96337890625 0.013671875 0.0361328125
0 0.0654296875 0.8515625 0.0166015625 0.0322265625
0 0.1044921875 0.830078125 0.0107421875 0.0205078125
0 0.1396484375 0.787109375 0.01953125 0.0361328125
0 0.1748046875 0.94384765625 0.015625 0.0302734375
0 0.0517578125 0.9072265625 0.017578125 0.0283203125
0 0.23193359375 0.9775390625 0.0166015625 0.041015625
0 0.14794921875 0.92724609375 0.017578125 0.025390625
0 0.13916015625 0.84375 0.0166015625 0.0302734375
0 0.2353515625 0.921875 0.015625 0.0380859375
0 0.10205078125 0.9267578125 0.0146484375 0.029296875
0 0.24853515625 0.99462890625 0.0146484375 0.0107421875
0 0.13330078125 0.9091796875 0.01953125 0.0263671875
0 0.11328125 0.88916015625 0.021484375 0.02734375
0 0.06689453125 0.951171875 0.0185546875 0.0283203125
0 0.0791015625 0.9521484375 0.015625 0.017578125
0 0.11083984375 0.59619140625 0.01171875 0.0302734375
0 0.2294921875 0.95654296875 0.015625 0.037109375
0 0.125 0.56494140625 0.021484375 0.02734375