0 0.0751953125 0.70751953125 0.0556640625 0.052734375
0 0.8916015625 0.73583984375 0.033203125 0.0380859375
0 0.36328125 0.525390625 0.03076171875 0.0224609375
0 0.05029296875 0.47802734375 0.0283203125 0.0439453125
0 0.7001953125 0.22998046875 0.02294921875 0.03125
0 0.962890625 0.43701171875 0.01904296875 0.046875
0 0.88525390625 0.3681640625 0.02392578125 0.044921875
0 0.48193359375 0.71044921875 0.05029296875 0.05810546875
0 0.9404296875 0.470703125 0.015625 0.0537109375
0 0.2783203125 0.587890625 0.04443359375 0.041015625
0 0.486328125 0.6376953125 0.0302734375 0.0576171875
0 0.72119140625 0.28662109375 0.017578125 0.0361328125
0 0.4716796875 0.328125 0.033203125 0.0380859375
0 0.8505859375 0.50927734375 0.029296875 0.04833984375
0 0.564453125 0.4892578125 0.03271484375 0.056640625
0 0.806640625 0.6318359375 0.03564453125 0.06884765625
0 0.892578125 0.8408203125 0.03466796875 0.06982421875
0 0.58837890625 0.36376953125 0.03466796875 0.03662109375
0 0.1806640625 0.359375 0.0322265625 0.0341796875
0 0.76123046875 0.544921875 0.03759765625 0.02490234375
0 0.033203125 0.35546875 0.03271484375 0.037109375
0 0.21875 0.5234375 0.0341796875 0.048828125
0 0.7841796875 0.521484375 0.029296875 0.0439453125
0 0.6083984375 0.32275390625 0.03076171875 0.03564453125
0 0.85302734375 0.45556640625 0.03515625 0.041015625
0 0.794921875 0.57763671875 0.0341796875 0.02685546875
0 0.27734375 0.611328125 0.0283203125 0.05517578125
0 0.8515625 0.63134765625 0.03515625 0.02880859375
0 0.55322265625 0.45458984375 0.03271484375 0.04296875
0 0.66748046875 0.89599609375 0.03076171875 0.0888671875
0 0.140625 0.54736328125 0.0439453125 0.04736328125
0 0.3154296875 0.31689453125 0.03076171875 0.033203125
0 0.66259765625 0.4404296875 0.02880859375 0.041015625
0 0.12646484375 0.28076171875 0.015625 0.03662109375
0 0.16552734375 0.47998046875 0.04541015625 0.04833984375
0 0.6533203125 0.328125 0.0107421875 0.03466796875
0 0.31201171875 0.541015625 0.037109375 0.04736328125
0 0.4423828125 0.62109375 0.0546875 0.068359375
0 0.1748046875 0.52392578125 0.0419921875 0.0498046875
0 0.9697265625 0.49072265625 0.01806640625 0.029296875
0 0.4990234375 0.26904296875 0.0205078125 0.0322265625
0 0.052734375 0.25537109375 0.02783203125 0.037109375
0 0.4375 0.35546875 0.03369140625 0.033203125
0 0.87451171875 0.529296875 0.01708984375 0.06005859375
0 0.14892578125 0.669921875 0.05712890625 0.0625
0 0.0810546875 0.44140625 0.03564453125 0.03857421875
0 0.6513671875 0.46630859375 0.03466796875 0.04296875
0 0.33251953125 0.642578125 0.04833984375 0.0498046875
0 0.97216796875 0.56298828125 0.029296875 0.0576171875
0 0.8291015625 0.7705078125 0.02978515625 0.04052734375
0 0.4189453125 0.52294921875 0.0478515625 0.04736328125
0 0.30078125 0.408203125 0.03759765625 0.04541015625
0 0.82421875 0.3291015625 0.0107421875 0.03125
0 0.3408203125 0.2958984375 0.0146484375 0.03515625
0 0.6220703125 0.4189453125 0.021484375 0.04296875
0 0.7841796875 0.31396484375 0.0244140625 0.037109375
0 0.5517578125 0.91162109375 0.0302734375 0.0849609375
0 0.3115234375 0.673828125 0.052734375 0.07275390625
0 0.26708984375 0.27294921875 0.0322265625 0.033203125
0 0.62744140625 0.462890625 0.03076171875 0.05029296875
0 0.7822265625 0.7294921875 0.0419921875 0.0732421875
0 0.361328125 0.416015625 0.02001953125 0.03515625
0 0.47705078125 0.279296875 0.02294921875 0.0380859375
0 0.02587890625 0.30517578125 0.01806640625 0.0390625
0 0.28662109375 0.25244140625 0.0263671875 0.0341796875
0 0.5498046875 0.291015625 0.01953125 0.03466796875
0 0.5546875 0.2412109375 0.0283203125 0.029296875
0 0.833984375 0.57861328125 0.03662109375 0.056640625
0 0.177734375 0.25390625 0.0224609375 0.0322265625
0 0.4140625 0.341796875 0.033203125 0.04150390625
0 0.525390625 0.24609375 0.02294921875 0.0322265625
0 0.62353515625 0.5908203125 0.0224609375 0.064453125
0 0.375 0.3115234375 0.0224609375 0.03564453125
0 0.01025390625 0.29833984375 0.02001953125 0.02685546875
0 0.39013671875 0.2900390625 0.02880859375 0.03173828125
0 0.1962890625 0.26123046875 0.02978515625 0.0302734375
0 0.193359375 0.484375 0.03759765625 0.03466796875
0 0.359375 0.33251953125 0.03369140625 0.03662109375
0 0.048828125 0.97998046875 0.041015625 0.03857421875
0 0.98291015625 0.53125 0.0341796875 0.0439453125
0 0.359375 0.2548828125 0.029296875 0.0361328125
0 0.578125 0.60546875 0.02392578125 0.05810546875
0 0.88525390625 0.43017578125 0.04296875 0.04931640625
0 0.5478515625 0.265625 0.0224609375 0.0302734375
0 0.423828125 0.31982421875 0.021484375 0.02978515625
0 0.56689453125 0.28369140625 0.01318359375 0.033203125
0 0.57568359375 0.26318359375 0.015625 0.03564453125
0 0.3447265625 0.23779296875 0.02490234375 0.03271484375
0 0.8642578125 0.67578125 0.02392578125 0.07666015625
0 0.13623046875 0.42822265625 0.01953125 0.03857421875
0 0.75927734375 0.35498046875 0.01513671875 0.03515625
0 0.533203125 0.33984375 0.021484375 0.04443359375
0 0.77099609375 0.306640625 0.02587890625 0.0390625
0 0.99658203125 0.39892578125 0.0068359375 0.0400390625
0 0.82275390625 0.74462890625 0.0205078125 0.02734375