0 0.06689453125 0.16162109375 0.0146484375 0.01904296875
0 0.0126953125 0.60498046875 0.021484375 0.0234375
0 0.052734375 0.185546875 0.01611328125 0.02294921875
0 0.15087890625 0.62744140625 0.0205078125 0.02294921875
0 0.123046875 0.05517578125 0.01513671875 0.0166015625
0 0.076171875 0.482421875 0.02734375 0.01953125
0 0.08349609375 0.0791015625 0.01953125 0.01806640625
0 0.0185546875 0.0419921875 0.01806640625 0.01953125
0 0.1181640625 0.1083984375 0.0166015625 0.017578125
0 0.1259765625 0.1708984375 0.01708984375 0.0166015625
0 0.00537109375 0.6552734375 0.0107421875 0.01953125
0 0.04248046875 0.1513671875 0.017578125 0.017578125
0 0.16748046875 0.03515625 0.0078125 0.02685546875
0 0.1748046875 0.04345703125 0.01171875 0.0205078125
0 0.00390625 0.109375 0.0078125 0.0166015625
0 0.10546875 0.63623046875 0.01611328125 0.0224609375
0 0.12353515625 0.6455078125 0.02001953125 0.0439453125