0 0.25048828125 0.43115234375 0.044921875 0.046875
0 0.333984375 0.53662109375 0.0400390625 0.0625
0 0.3134765625 0.53173828125 0.0400390625 0.060546875
0 0.41552734375 0.6787109375 0.0517578125 0.0712890625
0 0.36083984375 0.68017578125 0.041015625 0.068359375
0 0.3525390625 0.52783203125 0.0302734375 0.05859375
0 0.38037109375 0.33984375 0.044921875 0.0458984375
0 0.8779296875 0.47998046875 0.0595703125 0.05859375
0 0.75146484375 0.4794921875 0.05078125 0.048828125
0 0.18310546875 0.74755859375 0.0625 0.0732421875
0 0.419921875 0.6455078125 0.05078125 0.0615234375
0 0.40673828125 0.328125 0.0400390625 0.0478515625
0 0.13720703125 0.58935546875 0.0419921875 0.0478515625
0 0.34228515625 0.66455078125 0.0498046875 0.0654296875
0 0.27392578125 0.5673828125 0.0341796875 0.0595703125
0 0.0234375 0.3193359375 0.033203125 0.04296875
0 0.14453125 0.43212890625 0.0439453125 0.0458984375
0 0.30615234375 0.22900390625 0.0361328125 0.041015625
0 0.2724609375 0.50634765625 0.0546875 0.0537109375
0 0.0771484375 0.59521484375 0.05078125 0.05859375
0 0.9560546875 0.458984375 0.0380859375 0.0439453125
0 0.33447265625 0.39453125 0.0419921875 0.0537109375
0 0.32470703125 0.21484375 0.03125 0.037109375
0 0.9189453125 0.48095703125 0.0498046875 0.0615234375
0 0.51123046875 0.48291015625 0.0556640625 0.0595703125
0 0.97021484375 0.57080078125 0.0595703125 0.0654296875
0 0.09765625 0.27587890625 0.0263671875 0.0390625
0 0.3974609375 0.88720703125 0.05859375 0.0830078125
0 0.1591796875 0.49365234375 0.044921875 0.05078125
0 0.27001953125 0.3525390625 0.041015625 0.0439453125
0 0.31884765625 0.73388671875 0.0654296875 0.0771484375
0 0.34716796875 0.296875 0.0322265625 0.0439453125
0 0.072265625 0.81396484375 0.0439453125 0.0654296875
0 0.2236328125 0.9150390625 0.072265625 0.0732421875
0 0.1513671875 0.5400390625 0.0341796875 0.037109375
0 0.4912109375 0.2080078125 0.0439453125 0.044921875
0 0.45849609375 0.2373046875 0.0302734375 0.041015625
0 0.091796875 0.24169921875 0.037109375 0.041015625
0 0.05322265625 0.2705078125 0.0234375 0.0380859375
0 0.7099609375 0.53662109375 0.0634765625 0.0673828125
0 0.5390625 0.4052734375 0.04296875 0.0458984375
0 0.41650390625 0.2822265625 0.029296875 0.0478515625
0 0.1318359375 0.6279296875 0.0400390625 0.056640625
0 0.30810546875 0.9482421875 0.0478515625 0.0849609375
0 0.0361328125 0.25 0.021484375 0.0341796875
0 0.46142578125 0.7158203125 0.0517578125 0.0712890625
0 0.86474609375 0.65185546875 0.0498046875 0.0791015625
0 0.1044921875 0.79736328125 0.0478515625 0.044921875
0 0.39501953125 0.25830078125 0.04296875 0.04296875
0 0.10791015625 0.46240234375 0.0322265625 0.0546875
0 0.29736328125 0.8515625 0.046875 0.095703125
0 0.1982421875 0.3466796875 0.03515625 0.048828125
0 0.43212890625 0.90380859375 0.0615234375 0.087890625
0 0.97119140625 0.48876953125 0.056640625 0.0595703125
0 0.548828125 0.66015625 0.0654296875 0.07421875
0 0.1953125 0.53466796875 0.0537109375 0.056640625
0 0.0908203125 0.51806640625 0.037109375 0.04296875
0 0.08935546875 0.40185546875 0.033203125 0.029296875
0 0.0224609375 0.35888671875 0.04296875 0.0478515625
0 0.12158203125 0.65966796875 0.0361328125 0.0341796875
0 0.3525390625 0.46533203125 0.0458984375 0.05078125
0 0.1533203125 0.2431640625 0.0380859375 0.0390625
0 0.88232421875 0.87744140625 0.0732421875 0.076171875
0 0.2001953125 0.97900390625 0.0546875 0.0419921875
0 0.125 0.25341796875 0.021484375 0.0341796875
0 0.03564453125 0.6611328125 0.029296875 0.03125
0 0.13916015625 0.73095703125 0.06640625 0.0625
0 0.0185546875 0.560546875 0.037109375 0.048828125
0 0.298828125 0.28662109375 0.01953125 0.021484375
0 0.43212890625 0.38134765625 0.01953125 0.0224609375
0 0.3486328125 0.50634765625 0.0185546875 0.01953125