0 0.24755859375 0.189453125 0.03515625 0.078125
0 0.5595703125 0.64306640625 0.0439453125 0.0498046875
0 0.03369140625 0.6787109375 0.0322265625 0.046875
0 0.431640625 0.15625 0.0380859375 0.068359375
0 0.65283203125 0.859375 0.03515625 0.0791015625
0 0.0400390625 0.5517578125 0.0380859375 0.08203125
0 0.08740234375 0.80078125 0.04296875 0.0654296875
0 0.6474609375 0.56494140625 0.0419921875 0.0810546875
0 0.4052734375 0.9921875 0.048828125 0.015625
0 0.1640625 0.13818359375 0.0380859375 0.0751953125
0 0.12841796875 0.138671875 0.044921875 0.072265625
0 0.55859375 0.47314453125 0.0341796875 0.0654296875
0 0.408203125 0.47900390625 0.03125 0.0634765625
0 0.0634765625 0.32080078125 0.0361328125 0.052734375
0 0.5048828125 0.97802734375 0.03515625 0.0439453125
0 0.41650390625 0.80029296875 0.056640625 0.0830078125
0 0.16552734375 0.26953125 0.0390625 0.0654296875
0 0.2197265625 0.62451171875 0.0283203125 0.068359375
0 0.6533203125 0.923828125 0.0390625 0.06640625
0 0.29638671875 0.853515625 0.0498046875 0.04296875
0 0.15771484375 0.5390625 0.0390625 0.0859375
0 0.23388671875 0.572265625 0.0634765625 0.052734375
0 0.00927734375 0.12353515625 0.0185546875 0.0537109375