0 0.58935546875 0.255859375 0.02001953125 0.0400390625
0 0.78076171875 0.46630859375 0.0341796875 0.05078125
0 0.63525390625 0.732421875 0.0380859375 0.05126953125
0 0.61669921875 0.544921875 0.03173828125 0.0546875
0 0.67236328125 0.4384765625 0.0322265625 0.04736328125
0 0.67578125 0.57568359375 0.03515625 0.05126953125
0 0.4931640625 0.63037109375 0.0390625 0.05712890625
0 0.9072265625 0.54833984375 0.04443359375 0.0517578125
0 0.6142578125 0.392578125 0.02587890625 0.0498046875
0 0.67919921875 0.6435546875 0.044921875 0.05322265625
0 0.88916015625 0.501953125 0.0263671875 0.05029296875
0 0.66796875 0.62109375 0.0390625 0.05126953125
0 0.9287109375 0.41748046875 0.02294921875 0.0439453125
0 0.419921875 0.33740234375 0.0302734375 0.0439453125
0 0.2216796875 0.87158203125 0.05908203125 0.08544921875
0 0.59130859375 0.41064453125 0.02783203125 0.04541015625
0 0.71630859375 0.544921875 0.0205078125 0.05224609375
0 0.37158203125 0.63134765625 0.03271484375 0.0615234375
0 0.85546875 0.46435546875 0.03515625 0.04638671875
0 0.72412109375 0.447265625 0.03125 0.04150390625
0 0.82763671875 0.2998046875 0.0244140625 0.0439453125
0 0.5283203125 0.56591796875 0.01953125 0.0537109375
0 0.93798828125 0.330078125 0.0244140625 0.03564453125
0 0.56884765625 0.42626953125 0.02978515625 0.05029296875
0 0.67431640625 0.35595703125 0.0302734375 0.04736328125
0 0.427734375 0.3798828125 0.03125 0.0380859375
0 0.44921875 0.28369140625 0.02587890625 0.041015625
0 0.2978515625 0.919921875 0.06201171875 0.07421875
0 0.83447265625 0.4384765625 0.01904296875 0.04443359375
0 0.63916015625 0.25927734375 0.017578125 0.0390625
0 0.47509765625 0.2919921875 0.0341796875 0.03564453125
0 0.70361328125 0.263671875 0.0166015625 0.0361328125
0 0.869140625 0.513671875 0.0146484375 0.03515625
0 0.97998046875 0.43359375 0.0341796875 0.029296875
0 0.6845703125 0.26123046875 0.01220703125 0.03564453125
0 0.8330078125 0.2451171875 0.01220703125 0.041015625
0 0.8828125 0.38330078125 0.01513671875 0.03076171875
0 0.88818359375 0.2490234375 0.0107421875 0.0380859375
0 0.837890625 0.32421875 0.0224609375 0.02001953125
0 0.66259765625 0.33154296875 0.02294921875 0.02880859375
0 0.97265625 0.248046875 0.0185546875 0.0244140625
0 0.44921875 0.763671875 0.02978515625 0.0595703125
0 0.82421875 0.39404296875 0.01806640625 0.025390625
0 0.96435546875 0.619140625 0.015625 0.046875
0 0.4462890625 0.40771484375 0.0166015625 0.0576171875
0 0.5234375 0.37548828125 0.0205078125 0.03662109375
0 0.8701171875 0.546875 0.01416015625 0.044921875
0 0.76611328125 0.70166015625 0.02001953125 0.07421875
0 0.94921875 0.951171875 0.03173828125 0.06396484375
0 0.24072265625 0.81396484375 0.02294921875 0.06494140625
0 0.91650390625 0.74462890625 0.02783203125 0.0498046875
0 0.86376953125 0.56787109375 0.0205078125 0.04833984375
0 0.607421875 0.39794921875 0.013671875 0.02880859375
0 0.73388671875 0.435546875 0.013671875 0.0263671875