0 0.46484375 0.5546875 0.0205078125 0.037109375
0 0.263671875 0.36962890625 0.015625 0.029296875
0 0.42626953125 0.65625 0.0185546875 0.017578125
0 0.54296875 0.7490234375 0.017578125 0.03515625
0 0.0810546875 0.3828125 0.0166015625 0.0341796875
0 0.525390625 0.6796875 0.0146484375 0.0322265625
0 0.08642578125 0.85693359375 0.017578125 0.03515625
0 0.46337890625 0.76611328125 0.021484375 0.03125
0 0.49755859375 0.798828125 0.015625 0.0322265625
0 0.0458984375 0.474609375 0.0234375 0.02734375
0 0.41064453125 0.86083984375 0.0205078125 0.0283203125
0 0.43701171875 0.62255859375 0.0185546875 0.03515625
0 0.03466796875 0.54931640625 0.0224609375 0.0263671875
0 0.04736328125 0.4296875 0.0224609375 0.0302734375
0 0.37939453125 0.6669921875 0.0185546875 0.037109375
0 0.39599609375 0.94970703125 0.0107421875 0.0205078125
0 0.15771484375 0.53759765625 0.0185546875 0.029296875
0 0.00830078125 0.49755859375 0.0166015625 0.0283203125
0 0.26513671875 0.59521484375 0.017578125 0.029296875
0 0.2607421875 0.66650390625 0.0166015625 0.0244140625
0 0.337890625 0.58544921875 0.0205078125 0.0283203125
0 0.3291015625 0.86767578125 0.021484375 0.0263671875
0 0.302734375 0.68408203125 0.0224609375 0.0302734375
0 0.09423828125 0.89697265625 0.017578125 0.0302734375
0 0.0244140625 0.43603515625 0.0224609375 0.029296875
0 0.318359375 0.74462890625 0.013671875 0.0166015625
0 0.24609375 0.63525390625 0.0205078125 0.0283203125
0 0.16748046875 0.96728515625 0.009765625 0.0205078125
0 0.21142578125 0.92724609375 0.01953125 0.029296875
0 0.33740234375 0.98974609375 0.0185546875 0.0205078125
0 0.1142578125 0.58203125 0.0185546875 0.0283203125
0 0.10302734375 0.76318359375 0.0205078125 0.0302734375
0 0.5771484375 0.90478515625 0.017578125 0.0244140625
0 0.19140625 0.54443359375 0.021484375 0.0263671875
0 0.345703125 0.76806640625 0.0205078125 0.03515625
0 0.12548828125 0.607421875 0.0185546875 0.0302734375
0 0.2763671875 0.830078125 0.015625 0.03125
0 0.26904296875 0.9169921875 0.0205078125 0.0380859375
0 0.091796875 0.64599609375 0.0234375 0.0390625
0 0.29296875 0.865234375 0.01953125 0.0322265625
0 0.6298828125 0.91357421875 0.009765625 0.015625
0 0.5703125 0.828125 0.0234375 0.0302734375
0 0.34326171875 0.9794921875 0.0166015625 0.0322265625
0 0.31591796875 0.6279296875 0.0205078125 0.0283203125
0 0.599609375 0.91259765625 0.0146484375 0.017578125
0 0.2412109375 0.96826171875 0.0166015625 0.02734375
0 0.22607421875 0.783203125 0.0185546875 0.0361328125
0 0.33203125 0.66748046875 0.021484375 0.0283203125
0 0.13720703125 0.81640625 0.01953125 0.02734375
0 0.09033203125 0.68798828125 0.021484375 0.03125
0 0.16015625 0.79443359375 0.01953125 0.0361328125
0 0.572265625 0.8798828125 0.015625 0.0234375
0 0.357421875 0.99169921875 0.021484375 0.0166015625
0 0.12939453125 0.90576171875 0.0224609375 0.0361328125
0 0.21630859375 0.96044921875 0.01953125 0.033203125
0 0.1552734375 0.685546875 0.013671875 0.0205078125
0 0.1572265625 0.99267578125 0.017578125 0.0146484375
0 0.20751953125 0.78515625 0.017578125 0.0341796875
0 0.224609375 0.58642578125 0.0234375 0.0361328125
0 0.4921875 0.94873046875 0.025390625 0.029296875
0 0.21044921875 0.60400390625 0.021484375 0.033203125
0 0.2880859375 0.755859375 0.013671875 0.0263671875
0 0.14306640625 0.94384765625 0.0234375 0.03125
0 0.1806640625 0.64697265625 0.0224609375 0.0322265625
0 0.17822265625 0.5986328125 0.025390625 0.033203125
0 0.201171875 0.607421875 0.01953125 0.0302734375
0 0.27197265625 0.806640625 0.0126953125 0.025390625
0 0.51171875 0.96044921875 0.0185546875 0.0380859375
0 0.26904296875 0.7275390625 0.021484375 0.0458984375
0 0.1484375 0.62158203125 0.0205078125 0.0302734375
0 0.22314453125 0.974609375 0.0224609375 0.0390625
0 0.2275390625 0.919921875 0.0205078125 0.033203125
0 0.107421875 0.70166015625 0.0224609375 0.03125
0 0.18017578125 0.6240234375 0.0205078125 0.02734375
0 0.01953125 0.634765625 0.0126953125 0.0205078125
0 0.50537109375 0.96484375 0.013671875 0.033203125
0 0.220703125 0.990234375 0.013671875 0.01953125
0 0.2763671875 0.763671875 0.013671875 0.0224609375
0 0.28125 0.77197265625 0.0107421875 0.021484375