0 0.33203125 0.6484375 0.029296875 0.0390625
0 0.3759765625 0.8896484375 0.041015625 0.0419921875
0 0.21826171875 0.818359375 0.0341796875 0.0498046875
0 0.08349609375 0.7392578125 0.0263671875 0.0390625
0 0.02294921875 0.73681640625 0.025390625 0.048828125
0 0.0556640625 0.74560546875 0.03125 0.0390625
0 0.14501953125 0.71630859375 0.033203125 0.0361328125
0 0.03125 0.79736328125 0.0341796875 0.0400390625
0 0.19091796875 0.69921875 0.0263671875 0.041015625
0 0.15869140625 0.7451171875 0.0302734375 0.037109375
0 0.4140625 0.63427734375 0.0302734375 0.03515625
0 0.03857421875 0.8544921875 0.0419921875 0.05078125
0 0.10107421875 0.82861328125 0.03125 0.0380859375
0 0.39501953125 0.71240234375 0.029296875 0.0341796875
0 0.03662109375 0.95263671875 0.029296875 0.04296875
0 0.0791015625 0.8525390625 0.04296875 0.048828125
0 0.14111328125 0.763671875 0.03515625 0.0380859375
0 0.0458984375 0.76513671875 0.0302734375 0.0283203125
0 0.12158203125 0.68994140625 0.0400390625 0.03515625