0 0.2626953125 0.7109375 0.017578125 0.029296875
0 0.6044921875 0.85302734375 0.0224609375 0.029296875
0 0.44482421875 0.80419921875 0.01953125 0.025390625
0 0.3994140625 0.490234375 0.0224609375 0.0244140625
0 0.11669921875 0.34619140625 0.015625 0.0244140625
0 0.80615234375 0.828125 0.0263671875 0.0263671875
0 0.52197265625 0.98046875 0.025390625 0.0283203125
0 0.54931640625 0.87451171875 0.021484375 0.025390625
0 0.32080078125 0.83544921875 0.021484375 0.0234375
0 0.017578125 0.47021484375 0.017578125 0.0234375
0 0.353515625 0.8271484375 0.0244140625 0.0244140625
0 0.2216796875 0.65283203125 0.015625 0.0234375
0 0.27294921875 0.52392578125 0.0185546875 0.0205078125
0 0.17236328125 0.32470703125 0.0126953125 0.0205078125
0 0.609375 0.986328125 0.025390625 0.02734375
0 0.564453125 0.75634765625 0.015625 0.0166015625
0 0.08251953125 0.5966796875 0.0205078125 0.03125
0 0.6162109375 0.94189453125 0.02734375 0.03125
0 0.57080078125 0.96240234375 0.0234375 0.0263671875
0 0.42822265625 0.68017578125 0.0205078125 0.0263671875
0 0.04833984375 0.6826171875 0.0166015625 0.0224609375
0 0.1376953125 0.54052734375 0.0185546875 0.0205078125
0 0.53076171875 0.8037109375 0.0185546875 0.0263671875
0 0.26513671875 0.42724609375 0.015625 0.02734375
0 0.24560546875 0.36962890625 0.0146484375 0.0205078125
0 0.1943359375 0.49560546875 0.0146484375 0.0244140625
0 0.19091796875 0.3544921875 0.01171875 0.0185546875
0 0.30078125 0.42431640625 0.015625 0.0224609375
0 0.48095703125 0.61669921875 0.0146484375 0.0224609375
0 0.673828125 0.9736328125 0.0234375 0.0302734375
0 0.36376953125 0.46875 0.021484375 0.025390625
0 0.0712890625 0.3330078125 0.0146484375 0.0234375
0 0.09423828125 0.4169921875 0.015625 0.0224609375
0 0.404296875 0.70361328125 0.0205078125 0.021484375
0 0.50048828125 0.69921875 0.017578125 0.0185546875
0 0.474609375 0.7001953125 0.017578125 0.0244140625
0 0.05517578125 0.31884765625 0.0166015625 0.02734375
0 0.1220703125 0.55078125 0.0185546875 0.0234375
0 0.16015625 0.51416015625 0.017578125 0.021484375
0 0.59130859375 0.99267578125 0.0244140625 0.0146484375
0 0.705078125 0.85302734375 0.0205078125 0.021484375
0 0.2861328125 0.4296875 0.013671875 0.0224609375
0 0.11279296875 0.640625 0.015625 0.029296875
0 0.3828125 0.7451171875 0.0205078125 0.025390625
0 0.5810546875 0.99658203125 0.025390625 0.0068359375
0 0.51171875 0.72705078125 0.0185546875 0.0166015625
0 0.05908203125 0.455078125 0.013671875 0.0205078125
0 0.3447265625 0.9697265625 0.0224609375 0.017578125
0 0.0703125 0.2880859375 0.0146484375 0.01953125
0 0.533203125 0.76318359375 0.0224609375 0.0234375
0 0.5029296875 0.6767578125 0.021484375 0.01953125
0 0.40185546875 0.755859375 0.0244140625 0.0234375
0 0.0185546875 0.419921875 0.0224609375 0.0263671875
0 0.4365234375 0.71875 0.015625 0.0185546875
0 0.662109375 0.96826171875 0.0205078125 0.03125
0 0.88330078125 0.97119140625 0.0263671875 0.0341796875
0 0.14794921875 0.35693359375 0.015625 0.0205078125
0 0.08056640625 0.43408203125 0.013671875 0.021484375
0 0.33642578125 0.71484375 0.015625 0.02734375
0 0.2509765625 0.451171875 0.0166015625 0.0244140625
0 0.1279296875 0.4501953125 0.0146484375 0.0263671875
0 0.49560546875 0.77392578125 0.01953125 0.0185546875
0 0.63916015625 0.92626953125 0.0234375 0.0302734375
0 0.48779296875 0.796875 0.017578125 0.0205078125
0 0.107421875 0.30712890625 0.0126953125 0.021484375
0 0.4013671875 0.6767578125 0.021484375 0.0224609375
0 0.0537109375 0.3017578125 0.017578125 0.0234375
0 0.12109375 0.31103515625 0.0166015625 0.0244140625
0 0.22900390625 0.59423828125 0.0185546875 0.0244140625
0 0.11328125 0.46484375 0.0166015625 0.0234375
0 0.13818359375 0.58740234375 0.0205078125 0.0234375
0 0.0029296875 0.525390625 0.005859375 0.02734375
0 0.0185546875 0.44580078125 0.0166015625 0.0283203125
0 0.12255859375 0.732421875 0.0166015625 0.025390625