0 0.11767578125 0.4365234375 0.01904296875 0.01806640625
0 0.06884765625 0.775390625 0.02783203125 0.021484375
0 0.07080078125 0.44189453125 0.017578125 0.0146484375
0 0.10791015625 0.306640625 0.02294921875 0.01806640625
0 0.05517578125 0.19287109375 0.01953125 0.01806640625
0 0.072265625 0.33642578125 0.02392578125 0.01513671875
0 0.03173828125 0.947265625 0.0185546875 0.02001953125
0 0.083984375 0.2021484375 0.02197265625 0.0185546875
0 0.03125 0.02587890625 0.01953125 0.013671875
0 0.05029296875 0.04345703125 0.0166015625 0.01806640625
0 0.0546875 0.091796875 0.02294921875 0.015625
0 0.18603515625 0.35205078125 0.02685546875 0.029296875
0 0.11474609375 0.1982421875 0.01806640625 0.01611328125
0 0.048828125 0.1650390625 0.02490234375 0.01904296875
0 0.072265625 0.1103515625 0.01904296875 0.01220703125
0 0.03125 0.1259765625 0.02001953125 0.013671875
0 0.03759765625 0.4228515625 0.0224609375 0.02294921875
0 0.0283203125 0.0888671875 0.01953125 0.01318359375
0 0.02001953125 0.15283203125 0.0185546875 0.01708984375
0 0.02099609375 0.16845703125 0.01806640625 0.01416015625
0 0.0341796875 0.89306640625 0.0185546875 0.02001953125
0 0.01513671875 0.2890625 0.02001953125 0.0224609375
0 0.10009765625 0.37060546875 0.013671875 0.01416015625
0 0.095703125 0.404296875 0.01953125 0.01904296875
0 0.0751953125 0.1572265625 0.01708984375 0.0146484375
0 0.09423828125 0.0341796875 0.02392578125 0.02880859375
0 0.08837890625 0.04052734375 0.013671875 0.015625
0 0.00537109375 0.65576171875 0.0107421875 0.01953125
0 0.060546875 0.00537109375 0.02880859375 0.0107421875
0 0.1455078125 0.291015625 0.01904296875 0.0234375
0 0.0302734375 0.142578125 0.01416015625 0.01416015625
0 0.0048828125 0.1875 0.00927734375 0.015625
0 0.080078125 0.06103515625 0.01318359375 0.01513671875
0 0.09033203125 0.9384765625 0.02734375 0.0361328125
0 0.00341796875 0.36865234375 0.00634765625 0.01220703125
0 0.08349609375 0.93408203125 0.01318359375 0.02099609375