0 0.72314453125 0.73876953125 0.1005859375 0.12109375
0 0.6357421875 0.53271484375 0.056640625 0.09375
0 0.85888671875 0.201171875 0.068359375 0.064453125
0 0.603515625 0.25537109375 0.0380859375 0.048828125
0 0.51416015625 0.3818359375 0.0517578125 0.0625
0 0.7373046875 0.45361328125 0.0537109375 0.0830078125
0 0.81494140625 0.4228515625 0.037109375 0.0654296875
0 0.4814453125 0.37158203125 0.046875 0.056640625
0 0.32373046875 0.62255859375 0.0849609375 0.0859375
0 0.5546875 0.5546875 0.0673828125 0.087890625
0 0.35009765625 0.46923828125 0.0703125 0.0732421875
0 0.33447265625 0.40380859375 0.06640625 0.0693359375
0 0.78662109375 0.2900390625 0.046875 0.0517578125
0 0.64892578125 0.474609375 0.0576171875 0.0703125
0 0.6015625 0.63037109375 0.064453125 0.0732421875
0 0.14599609375 0.44970703125 0.060546875 0.07421875
0 0.8974609375 0.3095703125 0.048828125 0.0615234375
0 0.357421875 0.37744140625 0.06640625 0.0546875
0 0.6875 0.41259765625 0.0546875 0.083984375
0 0.7080078125 0.22119140625 0.09765625 0.0625
0 0.9033203125 0.10791015625 0.0341796875 0.033203125
0 0.2841796875 0.4658203125 0.0771484375 0.0732421875
0 0.8818359375 0.01806640625 0.025390625 0.0361328125
0 0.95361328125 0.04150390625 0.033203125 0.0380859375
0 0.74072265625 0.3056640625 0.041015625 0.060546875
0 0.79443359375 0.00732421875 0.0283203125 0.0146484375
0 0.78173828125 0.3828125 0.052734375 0.0380859375
0 0.92431640625 0.037109375 0.029296875 0.0400390625
0 0.318359375 0.5458984375 0.05859375 0.0888671875
0 0.67919921875 0.22412109375 0.0322265625 0.0556640625
0 0.9638671875 0.138671875 0.02734375 0.04296875
0 0.154296875 0.40478515625 0.0302734375 0.044921875
0 0.951171875 0.078125 0.01953125 0.017578125
0 0.9453125 0.0107421875 0.025390625 0.021484375
0 0.19287109375 0.31982421875 0.060546875 0.068359375
0 0.875 0.0078125 0.03515625 0.015625
0 0.771484375 0.28662109375 0.0166015625 0.04296875
0 0.66748046875 0.232421875 0.0234375 0.0224609375
0 0.02685546875 0.8037109375 0.0205078125 0.099609375
0 0.765625 0.384765625 0.0205078125 0.0263671875