0 0.75732421875 0.23193359375 0.0166015625 0.02734375
0 0.53662109375 0.04345703125 0.017578125 0.0322265625
0 0.6396484375 0.0517578125 0.01953125 0.033203125
0 0.42138671875 0.0498046875 0.0224609375 0.03515625
0 0.19091796875 0.05126953125 0.01953125 0.0205078125
0 0.2705078125 0.13525390625 0.0234375 0.037109375
0 0.09423828125 0.1640625 0.01953125 0.0302734375
0 0.41162109375 0.01611328125 0.0185546875 0.021484375
0 0.74169921875 0.08642578125 0.0224609375 0.02734375
0 0.353515625 0.1474609375 0.0224609375 0.0390625
0 0.33447265625 0.02685546875 0.0205078125 0.0263671875
0 0.69677734375 0.2724609375 0.0146484375 0.029296875
0 0.66748046875 0.30126953125 0.021484375 0.0439453125
0 0.39404296875 0.2880859375 0.0224609375 0.0263671875
0 0.681640625 0.24072265625 0.021484375 0.0263671875
0 0.3056640625 0.14208984375 0.0234375 0.037109375
0 0.11181640625 0.078125 0.0185546875 0.0361328125
0 0.29248046875 0.06591796875 0.013671875 0.0244140625
0 0.9287109375 0.10791015625 0.021484375 0.037109375
0 0.78857421875 0.2314453125 0.0224609375 0.03515625
0 0.36181640625 0.0546875 0.0185546875 0.0302734375
0 0.1748046875 0.1572265625 0.0205078125 0.029296875
0 0.74609375 0.3046875 0.021484375 0.0283203125
0 0.73046875 0.06494140625 0.01953125 0.03125
0 0.568359375 0.22412109375 0.017578125 0.037109375
0 0.74072265625 0.26318359375 0.021484375 0.02734375
0 0.43798828125 0.396484375 0.0244140625 0.0244140625
0 0.1240234375 0.19482421875 0.02734375 0.03515625
0 0.88525390625 0.2626953125 0.0244140625 0.033203125
0 0.52978515625 0.1552734375 0.0185546875 0.03125
0 0.86962890625 0.12353515625 0.021484375 0.03125
0 0.4326171875 0.138671875 0.017578125 0.0322265625
0 0.71240234375 0.21533203125 0.0205078125 0.0400390625
0 0.68603515625 0.205078125 0.0146484375 0.033203125
0 0.9111328125 0.10009765625 0.0205078125 0.03125
0 0.4736328125 0.150390625 0.0302734375 0.041015625
0 0.234375 0.17333984375 0.0185546875 0.0361328125
0 0.49560546875 0.11474609375 0.0146484375 0.033203125
0 0.205078125 0.1787109375 0.021484375 0.025390625
0 0.51171875 0.2119140625 0.021484375 0.02734375
0 0.572265625 0.029296875 0.015625 0.0302734375
0 0.5458984375 0.3857421875 0.0205078125 0.0341796875
0 0.9619140625 0.36279296875 0.021484375 0.0302734375
0 0.4169921875 0.140625 0.0205078125 0.0390625
0 0.623046875 0.1103515625 0.0166015625 0.02734375
0 0.8095703125 0.3154296875 0.0234375 0.037109375
0 0.5 0.18359375 0.0205078125 0.0322265625
0 0.66162109375 0.220703125 0.0205078125 0.04296875
0 0.77783203125 0.1279296875 0.01953125 0.033203125
0 0.89208984375 0.33642578125 0.0283203125 0.056640625
0 0.822265625 0.27001953125 0.0234375 0.033203125
0 0.4951171875 0.14990234375 0.0205078125 0.0234375
0 0.859375 0.07861328125 0.01953125 0.0380859375
0 0.5 0.20849609375 0.0185546875 0.0341796875
0 0.412109375 0.17431640625 0.0224609375 0.0283203125
0 0.556640625 0.07275390625 0.01953125 0.03515625
0 0.77294921875 0.05029296875 0.01953125 0.03515625
0 0.39306640625 0.11767578125 0.0205078125 0.0419921875
0 0.388671875 0.19189453125 0.021484375 0.0390625
0 0.50732421875 0.15576171875 0.0224609375 0.029296875
0 0.4931640625 0.1630859375 0.01953125 0.0302734375
0 0.6943359375 0.287109375 0.01953125 0.0361328125
0 0.2080078125 0.1435546875 0.033203125 0.0322265625
0 0.85791015625 0.11669921875 0.0224609375 0.03125
0 0.93505859375 0.353515625 0.0185546875 0.0439453125
0 0.4267578125 0.1650390625 0.021484375 0.0400390625
0 0.79541015625 0.3330078125 0.017578125 0.029296875
0 0.361328125 0.07275390625 0.015625 0.0263671875
0 0.564453125 0.0234375 0.0146484375 0.02734375
0 0.462890625 0.16015625 0.0263671875 0.03515625
0 0.75439453125 0.25146484375 0.017578125 0.0322265625
0 0.4169921875 0.07177734375 0.017578125 0.03515625
0 0.2744140625 0.201171875 0.0234375 0.0263671875
0 0.544921875 0.146484375 0.015625 0.0263671875
0 0.88232421875 0.27587890625 0.0205078125 0.029296875