0 0.02490234375 0.119140625 0.0185546875 0.03515625
0 0.3681640625 0.19287109375 0.01953125 0.0390625
0 0.18603515625 0.04296875 0.0244140625 0.033203125
0 0.150390625 0.435546875 0.0234375 0.041015625
0 0.22265625 0.50439453125 0.0166015625 0.033203125
0 0.31396484375 0.291015625 0.0224609375 0.0419921875
0 0.04345703125 0.615234375 0.021484375 0.05078125
0 0.025390625 0.361328125 0.015625 0.0380859375
0 0.22119140625 0.03955078125 0.0244140625 0.033203125
0 0.00537109375 0.30224609375 0.0107421875 0.0400390625
0 0.2333984375 0.89599609375 0.0205078125 0.041015625
0 0.25390625 0.48828125 0.0283203125 0.0419921875
0 0.10791015625 0.8818359375 0.0224609375 0.0400390625
0 0.0673828125 0.6123046875 0.0205078125 0.044921875
0 0.0634765625 0.287109375 0.0185546875 0.0380859375
0 0.24609375 0.56982421875 0.0224609375 0.037109375
0 0.10791015625 0.94189453125 0.0234375 0.0537109375
0 0.21484375 0.25390625 0.01953125 0.0400390625
0 0.0224609375 0.212890625 0.017578125 0.037109375
0 0.3134765625 0.23876953125 0.025390625 0.0478515625
0 0.2763671875 0.5419921875 0.0244140625 0.0439453125
0 0.01953125 0.1806640625 0.01953125 0.03515625
0 0.07861328125 0.6005859375 0.01953125 0.046875
0 0.25341796875 0.224609375 0.0224609375 0.0380859375
0 0.2890625 0.05810546875 0.015625 0.0224609375
0 0.267578125 0.0693359375 0.02734375 0.0302734375
0 0.1416015625 0.11865234375 0.0244140625 0.04296875
0 0.21484375 0.15576171875 0.025390625 0.041015625
0 0.19775390625 0.169921875 0.0185546875 0.0322265625
0 0.1337890625 0.203125 0.0244140625 0.033203125
0 0.310546875 0.07275390625 0.0185546875 0.0224609375
0 0.29345703125 0.10009765625 0.015625 0.0322265625
0 0.1455078125 0.19091796875 0.0234375 0.0234375
0 0.107421875 0.1728515625 0.0224609375 0.0341796875
0 0.10498046875 0.15087890625 0.0244140625 0.0361328125
0 0.0458984375 0.07275390625 0.0087890625 0.0224609375
0 0.1201171875 0.1474609375 0.0234375 0.041015625
0 0.0029296875 0.15380859375 0.005859375 0.0244140625
0 0.31298828125 0.896484375 0.01171875 0.0224609375
0 0.05517578125 0.23828125 0.0107421875 0.015625