0 0.69970703125 0.33642578125 0.0185546875 0.0185546875
0 0.70166015625 0.33056640625 0.0166015625 0.013671875
0 0.70166015625 0.32177734375 0.017578125 0.009765625
0 0.75048828125 0.2685546875 0.0146484375 0.0234375
0 0.7392578125 0.26318359375 0.015625 0.0205078125
0 0.6796875 0.26611328125 0.0166015625 0.01953125
0 0.72607421875 0.2958984375 0.017578125 0.0185546875
0 0.71923828125 0.25390625 0.0166015625 0.015625
0 0.32763671875 0.3564453125 0.01171875 0.0166015625
0 0.21728515625 0.5390625 0.0146484375 0.01953125
0 0.30029296875 0.39404296875 0.0146484375 0.017578125
0 0.52392578125 0.2705078125 0.0126953125 0.0205078125
0 0.18505859375 0.54638671875 0.0146484375 0.01953125
0 0.58447265625 0.3115234375 0.013671875 0.0185546875
0 0.6298828125 0.25537109375 0.0166015625 0.0205078125
0 0.4375 0.248046875 0.0146484375 0.0146484375
0 0.69677734375 0.2724609375 0.0146484375 0.017578125
0 0.455078125 0.2216796875 0.0146484375 0.015625
0 0.0947265625 0.44873046875 0.0126953125 0.017578125
0 0.08251953125 0.5546875 0.01171875 0.021484375
0 0.9296875 0.30615234375 0.0166015625 0.017578125
0 0.04638671875 0.5087890625 0.01171875 0.0205078125
0 0.474609375 0.3251953125 0.013671875 0.0185546875
0 0.12548828125 0.4384765625 0.0126953125 0.0166015625
0 0.6865234375 0.306640625 0.0146484375 0.0166015625
0 0.35986328125 0.32666015625 0.013671875 0.0166015625
0 0.60595703125 0.24169921875 0.0126953125 0.013671875
0 0.46728515625 0.21484375 0.013671875 0.0166015625
0 0.21484375 0.5068359375 0.0107421875 0.021484375
0 0.43603515625 0.21728515625 0.013671875 0.0166015625
0 0.07763671875 0.50341796875 0.0087890625 0.0224609375
0 0.66748046875 0.2421875 0.0146484375 0.0166015625
0 0.021484375 0.45849609375 0.0087890625 0.0234375
0 0.59716796875 0.24755859375 0.0146484375 0.0166015625
0 0.03515625 0.68017578125 0.01171875 0.0244140625
0 0.396484375 0.21337890625 0.0087890625 0.015625
0 0.31640625 0.28662109375 0.009765625 0.013671875
0 0.015625 0.529296875 0.01171875 0.01953125
0 0.1591796875 0.4599609375 0.009765625 0.017578125
0 0.50048828125 0.2275390625 0.013671875 0.01171875
0 0.57958984375 0.22509765625 0.009765625 0.015625
0 0.23779296875 0.4208984375 0.0078125 0.0185546875
0 0.048828125 0.7236328125 0.0087890625 0.0234375
0 0.14990234375 0.46435546875 0.0078125 0.0185546875
0 0.1083984375 0.46875 0.0078125 0.0185546875
0 0.23583984375 0.4765625 0.0078125 0.0205078125
0 0.15478515625 0.544921875 0.0087890625 0.0166015625
0 0.06982421875 0.5068359375 0.0087890625 0.021484375
0 0.0751953125 0.85205078125 0.0166015625 0.0341796875
0 0.14404296875 0.4013671875 0.0068359375 0.01953125
0 0.13427734375 0.4052734375 0.005859375 0.01953125
0 0.0263671875 0.525390625 0.0078125 0.0205078125
0 0.16015625 0.76513671875 0.0126953125 0.033203125
0 0.513671875 0.22314453125 0.009765625 0.0126953125
0 0.31201171875 0.4150390625 0.0107421875 0.0166015625
0 0.52001953125 0.26953125 0.0048828125 0.015625
0 0.66748046875 0.22998046875 0.0107421875 0.0166015625
0 0.67578125 0.22998046875 0.013671875 0.021484375
0 0.05029296875 0.97900390625 0.013671875 0.009765625