0 0.1787109375 0.734375 0.046875 0.064453125
0 0.10498046875 0.640625 0.037109375 0.05078125
0 0.55517578125 0.08251953125 0.0615234375 0.060546875
0 0.52294921875 0.57568359375 0.044921875 0.0458984375
0 0.408203125 0.46337890625 0.0439453125 0.0576171875
0 0.201171875 0.60107421875 0.0458984375 0.046875
0 0.2197265625 0.494140625 0.041015625 0.0576171875
0 0.056640625 0.62744140625 0.0419921875 0.048828125
0 0.203125 0.27685546875 0.0419921875 0.041015625
0 0.55908203125 0.7333984375 0.041015625 0.0517578125
0 0.0595703125 0.83984375 0.0400390625 0.0625
0 0.25439453125 0.27392578125 0.0439453125 0.0458984375
0 0.4990234375 0.478515625 0.04296875 0.0478515625
0 0.294921875 0.337890625 0.044921875 0.0634765625
0 0.48779296875 0.123046875 0.033203125 0.076171875
0 0.5791015625 0.4296875 0.04296875 0.0595703125
0 0.31494140625 0.83544921875 0.0419921875 0.041015625
0 0.41259765625 0.0947265625 0.0478515625 0.0537109375
0 0.5126953125 0.68994140625 0.0419921875 0.03515625
0 0.12451171875 0.20068359375 0.0439453125 0.0556640625
0 0.14501953125 0.21875 0.04296875 0.048828125
0 0.20166015625 0.42333984375 0.0439453125 0.0458984375
0 0.16943359375 0.5126953125 0.0458984375 0.04296875
0 0.33251953125 0.912109375 0.0478515625 0.044921875
0 0.3095703125 0.0693359375 0.044921875 0.0634765625
0 0.36865234375 0.67041015625 0.0419921875 0.0439453125
0 0.26513671875 0.673828125 0.044921875 0.046875
0 0.259765625 0.97314453125 0.04296875 0.0390625
0 0.72998046875 0.30078125 0.0341796875 0.076171875
0 0.154296875 0.4599609375 0.0439453125 0.0439453125
0 0.09375 0.298828125 0.046875 0.046875
0 0.13623046875 0.115234375 0.0458984375 0.064453125
0 0.33203125 0.6513671875 0.0478515625 0.0439453125
0 0.23388671875 0.09375 0.044921875 0.0419921875
0 0.326171875 0.62841796875 0.046875 0.0419921875
0 0.1357421875 0.69921875 0.0283203125 0.078125
0 0.47314453125 0.8955078125 0.037109375 0.0556640625
0 0.0400390625 0.7216796875 0.0263671875 0.080078125
0 0.25244140625 0.5419921875 0.04296875 0.0419921875
0 0.43017578125 0.1669921875 0.0419921875 0.056640625
0 0.04296875 0.1064453125 0.044921875 0.052734375
0 0.48095703125 0.7099609375 0.03125 0.0654296875
0 0.48388671875 0.3818359375 0.0419921875 0.068359375
0 0.4833984375 0.33935546875 0.046875 0.0439453125
0 0.38525390625 0.0380859375 0.0380859375 0.056640625
0 0.4423828125 0.9892578125 0.0390625 0.021484375
0 0.501953125 0.70947265625 0.041015625 0.0634765625
0 0.26220703125 0.462890625 0.0458984375 0.0361328125
0 0.2763671875 0.4873046875 0.0478515625 0.0517578125
0 0.29541015625 0.453125 0.044921875 0.0419921875
0 0.1875 0.04833984375 0.0263671875 0.021484375