0 0.37890625 0.43017578125 0.0263671875 0.033203125
0 0.63623046875 0.0712890625 0.01953125 0.0322265625
0 0.61669921875 0.01611328125 0.0263671875 0.025390625
0 0.27587890625 0.05419921875 0.013671875 0.03125
0 0.01611328125 0.14306640625 0.01806640625 0.02978515625
0 0.0830078125 0.04638671875 0.0166015625 0.03466796875
0 0.3203125 0.017578125 0.01416015625 0.03466796875
0 0.09619140625 0.1025390625 0.0185546875 0.03564453125
0 0.1171875 0.08154296875 0.017578125 0.0283203125
0 0.0498046875 0.04833984375 0.015625 0.03369140625
0 0.16064453125 0.39453125 0.01416015625 0.04345703125
0 0.19287109375 0.2509765625 0.01416015625 0.041015625
0 0.0078125 0.03515625 0.01025390625 0.03662109375
0 0.11474609375 0.2763671875 0.01025390625 0.04345703125
0 0.5380859375 0.009765625 0.02001953125 0.0185546875
0 0.16748046875 0.083984375 0.01318359375 0.02978515625
0 0.298828125 0.0439453125 0.01123046875 0.0390625
0 0.10009765625 0.1611328125 0.0185546875 0.0439453125
0 0.1865234375 0.29345703125 0.01220703125 0.04345703125
0 0.20068359375 0.03271484375 0.01416015625 0.0322265625
0 0.021484375 0.10107421875 0.015625 0.03466796875
0 0.02880859375 0.068359375 0.01318359375 0.02880859375
0 0.1513671875 0.11962890625 0.01318359375 0.037109375
0 0.23779296875 0.01611328125 0.00927734375 0.0302734375
0 0.005859375 0.1650390625 0.0107421875 0.05322265625
0 0.1884765625 0.1826171875 0.01123046875 0.0390625
0 0.138671875 0.1689453125 0.01416015625 0.0380859375
0 0.185546875 0.03662109375 0.017578125 0.03271484375
0 0.14306640625 0.0107421875 0.01318359375 0.02099609375
0 0.02880859375 0.19287109375 0.01171875 0.04833984375
0 0.04345703125 0.0625 0.009765625 0.03125
0 0.1396484375 0.28515625 0.009765625 0.04150390625
0 0.15087890625 0.23828125 0.0107421875 0.04052734375
0 0.16455078125 0.162109375 0.009765625 0.03515625
0 0.1572265625 0.19775390625 0.009765625 0.0380859375
0 0.17724609375 0.01220703125 0.009765625 0.0234375
0 0.03076171875 0.091796875 0.013671875 0.0341796875
0 0.0224609375 0.134765625 0.017578125 0.0322265625