0 0.88720703125 0.54443359375 0.044921875 0.07421875
0 0.8212890625 0.6240234375 0.0361328125 0.0869140625
0 0.83935546875 0.7314453125 0.0458984375 0.095703125
0 0.6494140625 0.6767578125 0.041015625 0.0966796875
0 0.81005859375 0.8447265625 0.03515625 0.09375
0 0.7216796875 0.85302734375 0.03515625 0.0791015625
0 0.8447265625 0.53857421875 0.037109375 0.091796875
0 0.91259765625 0.49169921875 0.0361328125 0.091796875
0 0.97802734375 0.51171875 0.0341796875 0.0849609375
0 0.91845703125 0.583984375 0.0380859375 0.1005859375
0 0.7646484375 0.89990234375 0.0390625 0.095703125
0 0.99462890625 0.53759765625 0.0107421875 0.0791015625