0 0.80029296875 0.1884765625 0.0712890625 0.091796875
0 0.03857421875 0.40966796875 0.0771484375 0.0947265625
0 0.54736328125 0.43701171875 0.072265625 0.0673828125
0 0.38916015625 0.31884765625 0.0888671875 0.1005859375
0 0.72900390625 0.4228515625 0.0732421875 0.107421875
0 0.2841796875 0.17822265625 0.064453125 0.083984375
0 0.90869140625 0.12109375 0.0869140625 0.0849609375
0 0.44287109375 0.4326171875 0.064453125 0.0546875
0 0.20849609375 0.82958984375 0.14453125 0.16015625
0 0.56298828125 0.025390625 0.0576171875 0.05078125
0 0.75537109375 0.8623046875 0.130859375 0.1064453125
0 0.49853515625 0.23193359375 0.052734375 0.09765625
0 0.42822265625 0.76904296875 0.1279296875 0.15234375
0 0.63525390625 0.0556640625 0.0517578125 0.0556640625
0 0.12890625 0.25927734375 0.0849609375 0.0546875
0 0.29443359375 0.576171875 0.0986328125 0.119140625
0 0.8759765625 0.60205078125 0.1083984375 0.1572265625
0 0.884765625 0.0322265625 0.056640625 0.03515625
0 0.9560546875 0.61767578125 0.087890625 0.1435546875
0 0.7314453125 0.33447265625 0.091796875 0.072265625
0 0.146484375 0.072265625 0.03515625 0.05859375
0 0.22998046875 0.22509765625 0.046875 0.0810546875
0 0.93310546875 0.26318359375 0.0810546875 0.0986328125
0 0.654296875 0.10693359375 0.0595703125 0.083984375
0 0.69384765625 0.08349609375 0.083984375 0.083984375
0 0.88671875 0.16455078125 0.04296875 0.0517578125
0 0.38916015625 0.58837890625 0.1142578125 0.1220703125
0 0.7890625 0.3935546875 0.0576171875 0.048828125
0 0.45703125 0.6630859375 0.091796875 0.0751953125
0 0.9677734375 0.2958984375 0.041015625 0.1005859375
0 0.91064453125 0.2119140625 0.0537109375 0.0693359375
0 0.2900390625 0.265625 0.0849609375 0.091796875
0 0.83740234375 0.02099609375 0.0380859375 0.0419921875
0 0.875 0.00830078125 0.056640625 0.0166015625
0 0.6533203125 0.52001953125 0.078125 0.130859375
0 0.94775390625 0.01025390625 0.0224609375 0.0205078125
0 0.037109375 0.81787109375 0.033203125 0.130859375
0 0.814453125 0.03759765625 0.0390625 0.0712890625
0 0.1181640625 0.34228515625 0.060546875 0.0576171875