0 0.4130859375 0.38916015625 0.041015625 0.05810546875
0 0.294921875 0.2822265625 0.02978515625 0.056640625
0 0.23583984375 0.27978515625 0.02197265625 0.05078125
0 0.75927734375 0.14990234375 0.037109375 0.0439453125
0 0.31982421875 0.21484375 0.0361328125 0.03369140625
0 0.935546875 0.328125 0.0361328125 0.0537109375
0 0.654296875 0.341796875 0.01708984375 0.06103515625
0 0.49609375 0.283203125 0.033203125 0.04541015625
0 0.4013671875 0.08544921875 0.015625 0.0302734375
0 0.4736328125 0.091796875 0.01708984375 0.041015625
0 0.1767578125 0.20556640625 0.0185546875 0.04833984375
0 0.3046875 0.1650390625 0.03564453125 0.02587890625
0 0.2666015625 0.171875 0.0146484375 0.046875
0 0.41796875 0.06201171875 0.0302734375 0.0419921875
0 0.23486328125 0.2265625 0.0244140625 0.03857421875
0 0.798828125 0.318359375 0.01513671875 0.05029296875
0 0.68505859375 0.02587890625 0.01416015625 0.03369140625
0 0.123046875 0.1982421875 0.01708984375 0.048828125
0 0.5283203125 0.06103515625 0.0166015625 0.0322265625
0 0.4052734375 0.10546875 0.017578125 0.046875
0 0.84716796875 0.30126953125 0.02783203125 0.064453125
0 0.5859375 0.015625 0.01171875 0.03125
0 0.62060546875 0.04296875 0.017578125 0.0361328125
0 0.65478515625 0.13720703125 0.02587890625 0.044921875
0 0.61083984375 0.0185546875 0.0126953125 0.03662109375
0 0.79541015625 0.07275390625 0.02587890625 0.04345703125
0 0.10595703125 0.20654296875 0.0205078125 0.05322265625
0 0.67138671875 0.0107421875 0.0126953125 0.021484375
0 0.2802734375 0.10546875 0.015625 0.03564453125
0 0.36083984375 0.15234375 0.01513671875 0.04150390625
0 0.7978515625 0.22509765625 0.01416015625 0.0517578125
0 0.48193359375 0.3212890625 0.0458984375 0.0517578125
0 0.65380859375 0.1005859375 0.025390625 0.02392578125
0 0.33544921875 0.01318359375 0.01318359375 0.0263671875
0 0.69189453125 0.10546875 0.03125 0.03076171875
0 0.33984375 0.07421875 0.01416015625 0.02001953125
0 0.7109375 0.33203125 0.021484375 0.052734375
0 0.86279296875 0.33544921875 0.0322265625 0.037109375
0 0.5224609375 0.00830078125 0.0146484375 0.01611328125
0 0.23046875 0.21484375 0.01318359375 0.01708984375
0 0.72705078125 0.25927734375 0.0234375 0.0615234375
0 0.6337890625 0.080078125 0.025390625 0.0205078125
0 0.365234375 0.1708984375 0.01953125 0.03369140625
0 0.890625 0.02294921875 0.021484375 0.02392578125
0 0.96923828125 0.05078125 0.0107421875 0.04296875
0 0.4990234375 0.26708984375 0.0224609375 0.017578125
0 0.8037109375 0.25 0.021484375 0.04248046875
0 0.658203125 0.11572265625 0.0341796875 0.029296875
0 0.97509765625 0.07080078125 0.01708984375 0.02978515625
0 0.486328125 0.28955078125 0.0146484375 0.03173828125
0 0.46142578125 0.00537109375 0.01708984375 0.01025390625
0 0.47802734375 0.1103515625 0.021484375 0.03515625
0 0.7744140625 0.30224609375 0.04833984375 0.052734375
0 0.71484375 0.365234375 0.0234375 0.0380859375