0 0.83935546875 0.166015625 0.0146484375 0.0263671875
0 0.951171875 0.15380859375 0.0205078125 0.01953125
0 0.8857421875 0.20849609375 0.013671875 0.021484375
0 0.95458984375 0.17333984375 0.0185546875 0.017578125
0 0.87255859375 0.1328125 0.0185546875 0.01953125
0 0.93212890625 0.21826171875 0.0166015625 0.021484375
0 0.94140625 0.2412109375 0.0146484375 0.0185546875
0 0.96630859375 0.21044921875 0.013671875 0.0224609375
0 0.865234375 0.01025390625 0.01953125 0.0166015625
0 0.7919921875 0.16943359375 0.017578125 0.0234375
0 0.931640625 0.205078125 0.0166015625 0.0146484375
0 0.93603515625 0.2509765625 0.0205078125 0.0263671875