0 0.287109375 0.173828125 0.03466796875 0.0673828125
0 0.3505859375 0.37060546875 0.0224609375 0.052734375
0 0.48974609375 0.4599609375 0.01708984375 0.0625
0 0.30322265625 0.5078125 0.02197265625 0.0517578125
0 0.47802734375 0.7109375 0.02685546875 0.05322265625
0 0.60302734375 0.16455078125 0.01611328125 0.0703125
0 0.591796875 0.0654296875 0.02099609375 0.060546875
0 0.71923828125 0.3984375 0.03564453125 0.03662109375
0 0.68701171875 0.29833984375 0.029296875 0.05712890625
0 0.35302734375 0.68603515625 0.03125 0.06982421875
0 0.517578125 0.1083984375 0.0322265625 0.044921875
0 0.91064453125 0.966796875 0.0166015625 0.0654296875
0 0.43359375 0.072265625 0.0244140625 0.06103515625
0 0.87841796875 0.27783203125 0.0390625 0.0654296875
0 0.97802734375 0.89404296875 0.02978515625 0.080078125
0 0.490234375 0.408203125 0.0380859375 0.05615234375
0 0.46826171875 0.52001953125 0.02099609375 0.0673828125
0 0.57763671875 0.32861328125 0.0302734375 0.0703125
0 0.29541015625 0.82275390625 0.03125 0.05224609375
0 0.3671875 0.84521484375 0.03564453125 0.06884765625
0 0.9169921875 0.41064453125 0.03515625 0.0458984375
0 0.78662109375 0.53564453125 0.03369140625 0.076171875
0 0.91796875 0.67431640625 0.04052734375 0.0712890625
0 0.68994140625 0.13427734375 0.03125 0.05224609375
0 0.3935546875 0.66943359375 0.03955078125 0.044921875
0 0.87841796875 0.4482421875 0.02734375 0.0771484375
0 0.50048828125 0.318359375 0.0390625 0.0400390625
0 0.84228515625 0.59619140625 0.02880859375 0.04345703125
0 0.75048828125 0.21484375 0.0263671875 0.05224609375
0 0.45458984375 0.82275390625 0.0419921875 0.0458984375
0 0.21728515625 0.81884765625 0.02001953125 0.07177734375
0 0.7236328125 0.17236328125 0.0283203125 0.05908203125
0 0.8076171875 0.591796875 0.02978515625 0.041015625