0 0.50634765625 0.62646484375 0.017578125 0.0244140625
0 0.515625 0.49267578125 0.01953125 0.0234375
0 0.421875 0.625 0.0234375 0.0263671875
0 0.400390625 0.67822265625 0.0185546875 0.0283203125
0 0.5849609375 0.513671875 0.0146484375 0.0224609375
0 0.54833984375 0.6611328125 0.0205078125 0.029296875
0 0.486328125 0.5693359375 0.0166015625 0.01953125
0 0.49462890625 0.845703125 0.0244140625 0.0322265625
0 0.50537109375 0.5849609375 0.0185546875 0.0244140625
0 0.7021484375 0.54443359375 0.017578125 0.0283203125
0 0.40380859375 0.94189453125 0.021484375 0.02734375
0 0.7734375 0.52490234375 0.0166015625 0.0234375
0 0.2177734375 0.83203125 0.0224609375 0.0361328125
0 0.38916015625 0.7412109375 0.0234375 0.029296875
0 0.64892578125 0.671875 0.0146484375 0.0224609375
0 0.3212890625 0.84033203125 0.0234375 0.0322265625
0 0.4619140625 0.7509765625 0.017578125 0.033203125
0 0.85595703125 0.7412109375 0.021484375 0.0302734375
0 0.53173828125 0.53076171875 0.015625 0.0234375
0 0.60791015625 0.84228515625 0.021484375 0.021484375
0 0.8896484375 0.478515625 0.0146484375 0.025390625
0 0.6298828125 0.5400390625 0.013671875 0.0234375
0 0.58251953125 0.59375 0.017578125 0.0224609375
0 0.2763671875 0.5546875 0.02734375 0.0341796875
0 0.4423828125 0.64013671875 0.029296875 0.0302734375
0 0.92236328125 0.73974609375 0.0205078125 0.0302734375
0 0.564453125 0.62060546875 0.0205078125 0.0234375
0 0.37841796875 0.78955078125 0.0166015625 0.03125
0 0.6259765625 0.4912109375 0.013671875 0.0224609375
0 0.54736328125 0.61474609375 0.017578125 0.029296875
0 0.31396484375 0.95849609375 0.017578125 0.0234375
0 0.44677734375 0.72314453125 0.01953125 0.0263671875
0 0.2353515625 0.86376953125 0.025390625 0.037109375
0 0.61376953125 0.728515625 0.0166015625 0.025390625
0 0.607421875 0.6162109375 0.0244140625 0.02734375
0 0.27685546875 0.865234375 0.029296875 0.033203125
0 0.50341796875 0.73095703125 0.0205078125 0.01953125
0 0.6318359375 0.71435546875 0.015625 0.033203125
0 0.27783203125 0.69482421875 0.025390625 0.0302734375
0 0.36865234375 0.78955078125 0.01953125 0.02734375
0 0.85302734375 0.4775390625 0.015625 0.029296875
0 0.86865234375 0.51318359375 0.017578125 0.021484375
0 0.33740234375 0.60009765625 0.0166015625 0.033203125
0 0.76123046875 0.77734375 0.0166015625 0.0283203125
0 0.93701171875 0.6435546875 0.0146484375 0.029296875
0 0.86669921875 0.49267578125 0.0146484375 0.02734375
0 0.353515625 0.560546875 0.0146484375 0.0263671875
0 0.330078125 0.580078125 0.0146484375 0.029296875
0 0.734375 0.6083984375 0.0166015625 0.0234375
0 0.96484375 0.64892578125 0.015625 0.0302734375
0 0.6142578125 0.509765625 0.0126953125 0.01953125
0 0.40283203125 0.564453125 0.0146484375 0.017578125
0 0.63818359375 0.6005859375 0.015625 0.029296875
0 0.572265625 0.7470703125 0.01953125 0.0341796875
0 0.4892578125 0.6005859375 0.013671875 0.0185546875
0 0.86962890625 0.9208984375 0.0244140625 0.029296875
0 0.67919921875 0.44677734375 0.01171875 0.017578125
0 0.74853515625 0.74755859375 0.0166015625 0.02734375
0 0.23193359375 0.640625 0.021484375 0.03125
0 0.72314453125 0.4609375 0.013671875 0.0263671875
0 0.2783203125 0.57861328125 0.017578125 0.03125
0 0.5224609375 0.88525390625 0.0146484375 0.02734375
0 0.40576171875 0.724609375 0.0166015625 0.0263671875
0 0.94482421875 0.74755859375 0.0166015625 0.0361328125
0 0.6630859375 0.9794921875 0.015625 0.0302734375
0 0.68505859375 0.6328125 0.0146484375 0.0302734375
0 0.36474609375 0.6259765625 0.017578125 0.0234375
0 0.580078125 0.62060546875 0.0185546875 0.0361328125
0 0.66015625 0.82470703125 0.017578125 0.0283203125
0 0.572265625 0.4990234375 0.0126953125 0.01953125
0 0.4541015625 0.51806640625 0.013671875 0.0205078125
0 0.87158203125 0.767578125 0.0166015625 0.03515625
0 0.9541015625 0.7109375 0.0166015625 0.0361328125
0 0.294921875 0.63330078125 0.0166015625 0.02734375
0 0.73583984375 0.64453125 0.015625 0.017578125
0 0.2978515625 0.6806640625 0.021484375 0.029296875
0 0.85302734375 0.70751953125 0.015625 0.03125
0 0.68798828125 0.9296875 0.0185546875 0.02734375
0 0.25732421875 0.88623046875 0.0244140625 0.0400390625
0 0.580078125 0.9033203125 0.0166015625 0.0302734375
0 0.8134765625 0.99658203125 0.01953125 0.0068359375
0 0.52392578125 0.7880859375 0.013671875 0.0224609375
0 0.74072265625 0.8193359375 0.0146484375 0.0302734375
0 0.60498046875 0.7529296875 0.01953125 0.0341796875
0 0.6806640625 0.75244140625 0.015625 0.0224609375
0 0.765625 0.71044921875 0.0126953125 0.0283203125
0 0.62353515625 0.9248046875 0.015625 0.033203125
0 0.87109375 0.8642578125 0.025390625 0.0322265625
0 0.4580078125 0.66455078125 0.0146484375 0.0234375
0 0.7294921875 0.55517578125 0.0126953125 0.0234375
0 0.5185546875 0.59228515625 0.0126953125 0.0234375
0 0.77001953125 0.763671875 0.015625 0.0224609375
0 0.763671875 0.7470703125 0.015625 0.0322265625
0 0.6826171875 0.86181640625 0.01171875 0.0224609375
0 0.43408203125 0.6943359375 0.0146484375 0.0234375
0 0.7265625 0.71044921875 0.0185546875 0.025390625
0 0.52734375 0.6455078125 0.013671875 0.025390625
0 0.232421875 0.74462890625 0.021484375 0.041015625
0 0.27978515625 0.60400390625 0.0146484375 0.021484375
0 0.74755859375 0.47802734375 0.013671875 0.0283203125
0 0.26123046875 0.845703125 0.01953125 0.02734375
0 0.5986328125 0.759765625 0.017578125 0.0322265625
0 0.72705078125 0.64111328125 0.013671875 0.029296875
0 0.69287109375 0.9931640625 0.0126953125 0.013671875
0 0.611328125 0.927734375 0.0166015625 0.025390625
0 0.833984375 0.93701171875 0.015625 0.02734375
0 0.1806640625 0.6689453125 0.03125 0.0322265625
0 0.75048828125 0.60791015625 0.0126953125 0.0224609375
0 0.51806640625 0.89697265625 0.0146484375 0.025390625
0 0.95263671875 0.74609375 0.013671875 0.0341796875
0 0.70751953125 0.99462890625 0.0166015625 0.0107421875
0 0.755859375 0.9951171875 0.021484375 0.009765625
0 0.25439453125 0.86474609375 0.0283203125 0.037109375
0 0.6650390625 0.8955078125 0.0185546875 0.0283203125
0 0.78955078125 0.76708984375 0.0126953125 0.0185546875
0 0.67822265625 0.92822265625 0.0146484375 0.03125
0 0.19775390625 0.6552734375 0.0185546875 0.0302734375
0 0.810546875 0.908203125 0.0166015625 0.0322265625
0 0.68212890625 0.947265625 0.029296875 0.03515625
0 0.6953125 0.7783203125 0.01171875 0.0205078125
0 0.7578125 0.697265625 0.0166015625 0.025390625
0 0.83349609375 0.99462890625 0.0126953125 0.0107421875
0 0.72265625 0.75390625 0.0126953125 0.0224609375
0 0.658203125 0.98974609375 0.017578125 0.0205078125
0 0.69677734375 0.5595703125 0.015625 0.03125
0 0.69091796875 0.79052734375 0.015625 0.0322265625
0 0.83251953125 0.88232421875 0.0146484375 0.0234375
0 0.716796875 0.6259765625 0.0166015625 0.033203125