0 0.10791015625 0.34375 0.03173828125 0.068359375
0 0.2392578125 0.24755859375 0.03564453125 0.04638671875
0 0.14501953125 0.25 0.0263671875 0.05224609375
0 0.34326171875 0.2451171875 0.0390625 0.0419921875
0 0.25244140625 0.4091796875 0.03369140625 0.06884765625
0 0.20458984375 0.24609375 0.02734375 0.0537109375
0 0.1748046875 0.2294921875 0.02294921875 0.0478515625
0 0.97802734375 0.2705078125 0.0439453125 0.052734375
0 0.8330078125 0.28076171875 0.0546875 0.0517578125
0 0.162109375 0.3271484375 0.048828125 0.052734375
0 0.830078125 0.10888671875 0.04296875 0.04296875
0 0.77001953125 0.45556640625 0.05859375 0.05810546875
0 0.076171875 0.4130859375 0.0517578125 0.06884765625
0 0.56982421875 0.25439453125 0.048828125 0.060546875
0 0.23095703125 0.69580078125 0.0400390625 0.06884765625
0 0.669921875 0.08984375 0.03271484375 0.05029296875
0 0.98388671875 0.19580078125 0.0322265625 0.048828125
0 0.70166015625 0.1025390625 0.03955078125 0.046875
0 0.7548828125 0.06005859375 0.0322265625 0.04296875
0 0.916015625 0.7646484375 0.0712890625 0.08447265625
0 0.5380859375 0.1748046875 0.03466796875 0.04150390625
0 0.0302734375 0.94189453125 0.033203125 0.0947265625
0 0.25830078125 0.62646484375 0.05859375 0.06591796875
0 0.96435546875 0.5751953125 0.0615234375 0.0732421875
0 0.75634765625 0.15869140625 0.033203125 0.05517578125
0 0.927734375 0.322265625 0.05029296875 0.0703125
0 0.796875 0.54345703125 0.05615234375 0.0908203125
0 0.0927734375 0.857421875 0.0654296875 0.07666015625
0 0.67431640625 0.42919921875 0.0439453125 0.05419921875
0 0.0390625 0.49658203125 0.03369140625 0.0703125
0 0.39892578125 0.884765625 0.06591796875 0.12255859375
0 0.74267578125 0.23876953125 0.0439453125 0.0478515625
0 0.1513671875 0.666015625 0.03466796875 0.103515625
0 0.6318359375 0.50927734375 0.03857421875 0.080078125
0 0.3828125 0.30322265625 0.0458984375 0.0546875
0 0.65087890625 0.669921875 0.04736328125 0.07080078125
0 0.8173828125 0.79052734375 0.0341796875 0.099609375
0 0.57666015625 0.5947265625 0.04638671875 0.08740234375
0 0.65771484375 0.8720703125 0.0556640625 0.11376953125
0 0.67626953125 0.4697265625 0.03662109375 0.07421875
0 0.61865234375 0.91650390625 0.06689453125 0.12744140625
0 0.92626953125 0.09765625 0.03662109375 0.05517578125
0 0.6591796875 0.041015625 0.0234375 0.05224609375
0 0.74267578125 0.4755859375 0.0322265625 0.07421875
0 0.7109375 0.95556640625 0.0615234375 0.083984375
0 0.01123046875 0.23828125 0.0224609375 0.04931640625
0 0.83251953125 0.68017578125 0.029296875 0.10400390625
0 0.54150390625 0.4375 0.0478515625 0.06689453125
0 0.84033203125 0.35546875 0.02685546875 0.06298828125
0 0.76904296875 0.31494140625 0.03466796875 0.0712890625
0 0.9619140625 0.87890625 0.05126953125 0.0888671875
0 0.7939453125 0.31103515625 0.03369140625 0.06494140625
0 0.791015625 0.0361328125 0.01904296875 0.021484375
0 0.74365234375 0.3076171875 0.0234375 0.064453125
0 0.68017578125 0.0166015625 0.0400390625 0.033203125
0 0.22509765625 0.98095703125 0.044921875 0.0361328125
0 0.86083984375 0.1962890625 0.044921875 0.03271484375
0 0.98681640625 0.33984375 0.02392578125 0.0546875
0 0.97998046875 0.54931640625 0.03955078125 0.07958984375
0 0.64697265625 0.1484375 0.0205078125 0.02197265625