0 0.59619140625 0.4482421875 0.0224609375 0.046875
0 0.39013671875 0.6142578125 0.0205078125 0.0458984375
0 0.40673828125 0.62060546875 0.025390625 0.04296875
0 0.30029296875 0.474609375 0.0224609375 0.029296875
0 0.7294921875 0.45458984375 0.025390625 0.0537109375
0 0.47119140625 0.5458984375 0.0185546875 0.0380859375
0 0.5810546875 0.5068359375 0.017578125 0.037109375
0 0.89990234375 0.4931640625 0.015625 0.03515625
0 0.4248046875 0.54248046875 0.0166015625 0.0302734375
0 0.36669921875 0.779296875 0.0185546875 0.0322265625
0 0.36328125 0.587890625 0.013671875 0.03515625
0 0.64208984375 0.7705078125 0.0146484375 0.037109375
0 0.24755859375 0.6826171875 0.0166015625 0.037109375
0 0.91796875 0.55224609375 0.013671875 0.0361328125
0 0.76025390625 0.541015625 0.0126953125 0.0380859375
0 0.2353515625 0.7568359375 0.01953125 0.0361328125
0 0.5126953125 0.615234375 0.01953125 0.0380859375
0 0.56982421875 0.61279296875 0.015625 0.0380859375
0 0.4443359375 0.5810546875 0.0185546875 0.0361328125
0 0.2451171875 0.61083984375 0.015625 0.0341796875
0 0.67919921875 0.60009765625 0.01953125 0.0390625
0 0.37158203125 0.97802734375 0.0224609375 0.025390625
0 0.6279296875 0.6044921875 0.0146484375 0.037109375
0 0.34130859375 0.8798828125 0.015625 0.0380859375
0 0.28125 0.53076171875 0.0166015625 0.0263671875
0 0.8212890625 0.61669921875 0.013671875 0.0341796875
0 0.57275390625 0.65087890625 0.0205078125 0.0400390625
0 0.29296875 0.888671875 0.0166015625 0.03515625
0 0.67578125 0.68359375 0.017578125 0.0400390625
0 0.8525390625 0.75146484375 0.029296875 0.0625
0 0.2978515625 0.5703125 0.0234375 0.0439453125
0 0.5087890625 0.640625 0.01953125 0.0361328125
0 0.9599609375 0.6572265625 0.0126953125 0.033203125
0 0.81494140625 0.83837890625 0.013671875 0.046875
0 0.35205078125 0.74462890625 0.013671875 0.0322265625
0 0.69091796875 0.6513671875 0.0166015625 0.0380859375
0 0.3681640625 0.72021484375 0.0185546875 0.033203125
0 0.283203125 0.912109375 0.0146484375 0.033203125
0 0.29736328125 0.7470703125 0.033203125 0.05078125
0 0.7626953125 0.58154296875 0.0185546875 0.0322265625
0 0.57177734375 0.77294921875 0.01953125 0.033203125
0 0.48291015625 0.73291015625 0.0166015625 0.0341796875
0 0.24267578125 0.86181640625 0.0146484375 0.041015625
0 0.33837890625 0.671875 0.0146484375 0.0400390625
0 0.23974609375 0.9833984375 0.0166015625 0.033203125
0 0.39453125 0.732421875 0.0126953125 0.03125
0 0.60400390625 0.865234375 0.015625 0.03515625
0 0.837890625 0.66162109375 0.015625 0.0361328125
0 0.546875 0.7587890625 0.0146484375 0.037109375
0 0.5634765625 0.89990234375 0.015625 0.037109375
0 0.44580078125 0.70263671875 0.0166015625 0.037109375
0 0.73388671875 0.79150390625 0.0166015625 0.0341796875
0 0.43212890625 0.79248046875 0.0146484375 0.033203125
0 0.58642578125 0.923828125 0.015625 0.037109375
0 0.9365234375 0.7685546875 0.01953125 0.02734375
0 0.97412109375 0.82861328125 0.015625 0.0322265625
0 0.90087890625 0.6767578125 0.0166015625 0.033203125
0 0.3134765625 0.82958984375 0.0146484375 0.03515625
0 0.7587890625 0.75244140625 0.0166015625 0.0380859375
0 0.373046875 0.82470703125 0.0185546875 0.033203125
0 0.6298828125 0.62548828125 0.013671875 0.03515625
0 0.89208984375 0.9404296875 0.0234375 0.0439453125
0 0.296875 0.62841796875 0.015625 0.0322265625
0 0.384765625 0.90673828125 0.0126953125 0.037109375
0 0.31884765625 0.64404296875 0.015625 0.033203125
0 0.44140625 0.90478515625 0.015625 0.0361328125
0 0.57080078125 0.96142578125 0.0166015625 0.0390625
0 0.6962890625 0.83203125 0.017578125 0.029296875
0 0.38720703125 0.95166015625 0.0126953125 0.0283203125
0 0.67578125 0.6328125 0.017578125 0.0390625
0 0.56298828125 0.85205078125 0.0166015625 0.0361328125
0 0.28369140625 0.65380859375 0.021484375 0.0361328125
0 0.96240234375 0.8994140625 0.017578125 0.0380859375
0 0.79150390625 0.62060546875 0.01171875 0.029296875
0 0.98876953125 0.9345703125 0.0146484375 0.0322265625
0 0.8828125 0.677734375 0.015625 0.0361328125
0 0.9033203125 0.8232421875 0.0166015625 0.037109375
0 0.45068359375 0.88427734375 0.015625 0.0341796875
0 0.5615234375 0.80078125 0.017578125 0.033203125
0 0.42822265625 0.82177734375 0.017578125 0.03125
0 0.6318359375 0.8779296875 0.0166015625 0.033203125
0 0.6845703125 0.92724609375 0.0166015625 0.0361328125
0 0.3271484375 0.9677734375 0.0234375 0.0224609375
0 0.49560546875 0.68310546875 0.015625 0.0361328125
0 0.26708984375 0.60888671875 0.0185546875 0.03515625
0 0.822265625 0.70703125 0.015625 0.0380859375
0 0.31298828125 0.71044921875 0.017578125 0.03125
0 0.7412109375 0.8212890625 0.0185546875 0.0380859375
0 0.376953125 0.87158203125 0.021484375 0.0322265625
0 0.6650390625 0.91796875 0.0166015625 0.037109375
0 0.3671875 0.90869140625 0.015625 0.0361328125
0 0.79052734375 0.7099609375 0.0185546875 0.03515625
0 0.53466796875 0.90380859375 0.017578125 0.0341796875
0 0.92724609375 0.80908203125 0.017578125 0.0322265625
0 0.404296875 0.9814453125 0.0224609375 0.0322265625
0 0.32470703125 0.802734375 0.0166015625 0.033203125
0 0.41064453125 0.83251953125 0.0185546875 0.0341796875
0 0.7314453125 0.89111328125 0.0166015625 0.033203125
0 0.5126953125 0.7705078125 0.0205078125 0.0322265625
0 0.4892578125 0.79443359375 0.015625 0.0361328125
0 0.67626953125 0.884765625 0.0166015625 0.0380859375
0 0.78466796875 0.84033203125 0.013671875 0.0341796875
0 0.34033203125 0.94189453125 0.0224609375 0.0224609375
0 0.80078125 0.84033203125 0.0146484375 0.044921875
0 0.36279296875 0.96240234375 0.0166015625 0.0263671875
0 0.77392578125 0.9130859375 0.017578125 0.0341796875
0 0.70849609375 0.8603515625 0.0146484375 0.029296875
0 0.47509765625 0.98828125 0.0185546875 0.0234375
0 0.79052734375 0.59130859375 0.0166015625 0.0380859375
0 0.82373046875 0.87548828125 0.0185546875 0.021484375
0 0.67236328125 0.65478515625 0.015625 0.037109375
0 0.66845703125 0.890625 0.015625 0.037109375
0 0.79931640625 0.9296875 0.017578125 0.0361328125
0 0.29150390625 0.5546875 0.021484375 0.033203125
0 0.447265625 0.99267578125 0.013671875 0.0146484375
0 0.31982421875 0.8115234375 0.017578125 0.03515625
0 0.4794921875 0.845703125 0.0185546875 0.033203125
0 0.84326171875 0.9296875 0.0185546875 0.03125
0 0.84912109375 0.91552734375 0.021484375 0.01953125
0 0.513671875 0.86181640625 0.017578125 0.037109375
0 0.93017578125 0.6796875 0.017578125 0.02734375
0 0.48974609375 0.8642578125 0.0185546875 0.033203125
0 0.9814453125 0.6337890625 0.01171875 0.033203125
0 0.4951171875 0.8271484375 0.017578125 0.03515625
0 0.50634765625 0.80810546875 0.0205078125 0.02734375
0 0.31103515625 0.68701171875 0.021484375 0.033203125
0 0.486328125 0.66064453125 0.0166015625 0.0283203125
0 0.86572265625 0.95556640625 0.009765625 0.0185546875
0 0.31103515625 0.666015625 0.0185546875 0.0361328125
0 0.71533203125 0.9130859375 0.0166015625 0.03125
0 0.80224609375 0.826171875 0.013671875 0.037109375
0 0.55615234375 0.98681640625 0.0205078125 0.01953125
0 0.759765625 0.884765625 0.013671875 0.0361328125
0 0.6240234375 0.98291015625 0.0205078125 0.0146484375
0 0.79833984375 0.79052734375 0.0126953125 0.0341796875
0 0.74658203125 0.951171875 0.017578125 0.03125
0 0.859375 0.71875 0.0205078125 0.0302734375
0 0.8017578125 0.96435546875 0.01171875 0.0146484375
0 0.5390625 0.9912109375 0.0166015625 0.0166015625
0 0.580078125 0.98828125 0.0126953125 0.0126953125
0 0.529296875 0.70166015625 0.0283203125 0.0380859375
0 0.51953125 0.71337890625 0.0224609375 0.0478515625
0 0.50146484375 0.9140625 0.0263671875 0.0380859375
0 0.49072265625 0.9208984375 0.017578125 0.0361328125
0 0.484375 0.93701171875 0.0244140625 0.037109375
0 0.41259765625 0.728515625 0.0234375 0.0439453125
0 0.77734375 0.7470703125 0.0185546875 0.048828125
0 0.267578125 0.6279296875 0.0205078125 0.0390625