0 0.43408203125 0.8896484375 0.0263671875 0.0810546875
0 0.7666015625 0.85888671875 0.02587890625 0.05859375
0 0.0986328125 0.91845703125 0.03271484375 0.02880859375
0 0.3359375 0.8271484375 0.0234375 0.06591796875
0 0.15234375 0.890625 0.0244140625 0.04150390625
0 0.89697265625 0.13525390625 0.03466796875 0.07080078125
0 0.23828125 0.24169921875 0.046875 0.04443359375
0 0.28515625 0.0341796875 0.02197265625 0.06494140625
0 0.08837890625 0.095703125 0.0302734375 0.07373046875
0 0.08251953125 0.0146484375 0.0283203125 0.0283203125
0 0.62158203125 0.091796875 0.03271484375 0.05224609375
0 0.0634765625 0.4892578125 0.0205078125 0.0439453125
0 0.28759765625 0.01220703125 0.01513671875 0.0234375