0 0.53369140625 0.23583984375 0.02001953125 0.02197265625
0 0.61083984375 0.5810546875 0.01904296875 0.02197265625
0 0.64306640625 0.2333984375 0.02099609375 0.03271484375
0 0.55224609375 0.28125 0.0146484375 0.0322265625
0 0.4482421875 0.916015625 0.02099609375 0.025390625
0 0.78271484375 0.3046875 0.013671875 0.03515625
0 0.22314453125 0.3154296875 0.021484375 0.025390625
0 0.76416015625 0.3642578125 0.01416015625 0.0283203125
0 0.48681640625 0.857421875 0.01171875 0.02001953125
0 0.4462890625 0.20166015625 0.01513671875 0.03466796875
0 0.154296875 0.255859375 0.021484375 0.02099609375
0 0.50537109375 0.6591796875 0.01611328125 0.0244140625
0 0.666015625 0.26708984375 0.0205078125 0.0244140625
0 0.43212890625 0.4365234375 0.01123046875 0.0166015625
0 0.70166015625 0.39794921875 0.01904296875 0.02294921875
0 0.87451171875 0.22900390625 0.0185546875 0.0234375
0 0.427734375 0.7021484375 0.01806640625 0.025390625
0 0.2734375 0.81396484375 0.017578125 0.02734375
0 0.36962890625 0.53173828125 0.0166015625 0.02734375
0 0.38671875 0.84521484375 0.015625 0.0185546875
0 0.529296875 0.68798828125 0.01806640625 0.02587890625
0 0.29443359375 0.6201171875 0.0185546875 0.0263671875
0 0.32470703125 0.8701171875 0.015625 0.02783203125
0 0.853515625 0.513671875 0.01513671875 0.0361328125
0 0.96875 0.333984375 0.0126953125 0.03466796875
0 0.494140625 0.427734375 0.01318359375 0.0146484375
0 0.68408203125 0.27978515625 0.01513671875 0.01611328125
0 0.75439453125 0.6806640625 0.017578125 0.0283203125
0 0.39208984375 0.8662109375 0.00830078125 0.02099609375
0 0.990234375 0.38916015625 0.01806640625 0.01953125
0 0.84033203125 0.65771484375 0.01708984375 0.025390625
0 0.3681640625 0.9052734375 0.0126953125 0.03369140625
0 0.357421875 0.72509765625 0.01611328125 0.03466796875
0 0.7041015625 0.2490234375 0.02490234375 0.02587890625
0 0.3046875 0.85205078125 0.01708984375 0.02783203125
0 0.39453125 0.6328125 0.01318359375 0.02685546875
0 0.74951171875 0.9228515625 0.01513671875 0.0224609375
0 0.8994140625 0.22900390625 0.02001953125 0.02001953125
0 0.3037109375 0.93505859375 0.01611328125 0.0302734375
0 0.70556640625 0.869140625 0.015625 0.025390625
0 0.98681640625 0.3544921875 0.02001953125 0.0224609375
0 0.7216796875 0.685546875 0.015625 0.03125
0 0.47607421875 0.44970703125 0.013671875 0.01611328125
0 0.302734375 0.41162109375 0.01416015625 0.02783203125
0 0.806640625 0.73876953125 0.01953125 0.0361328125
0 0.6845703125 0.240234375 0.01953125 0.0166015625
0 0.861328125 0.28466796875 0.017578125 0.02294921875
0 0.3134765625 0.654296875 0.02099609375 0.0244140625
0 0.53955078125 0.4716796875 0.01513671875 0.033203125
0 0.5458984375 0.49609375 0.0166015625 0.02587890625
0 0.85498046875 0.3994140625 0.01953125 0.01953125
0 0.32470703125 0.623046875 0.01806640625 0.0263671875
0 0.4609375 0.48291015625 0.01171875 0.02099609375
0 0.67626953125 0.681640625 0.017578125 0.02880859375
0 0.357421875 0.689453125 0.0166015625 0.025390625
0 0.5087890625 0.57080078125 0.01708984375 0.02197265625
0 0.943359375 0.77197265625 0.0107421875 0.0283203125
0 0.98486328125 0.89501953125 0.015625 0.02197265625
0 0.50830078125 0.45654296875 0.015625 0.0341796875
0 0.4677734375 0.56591796875 0.01220703125 0.02001953125
0 0.88330078125 0.96875 0.009765625 0.02392578125
0 0.4326171875 0.55615234375 0.0146484375 0.03125
0 0.8994140625 0.537109375 0.0166015625 0.033203125
0 0.4384765625 0.490234375 0.01220703125 0.0283203125
0 0.93798828125 0.4453125 0.02001953125 0.0224609375
0 0.6630859375 0.5068359375 0.0146484375 0.03369140625
0 0.74609375 0.615234375 0.02099609375 0.02001953125
0 0.90234375 0.49609375 0.0166015625 0.02490234375
0 0.83349609375 0.33544921875 0.021484375 0.0263671875
0 0.9716796875 0.94189453125 0.01708984375 0.02392578125
0 0.97216796875 0.482421875 0.0205078125 0.02490234375
0 0.31396484375 0.6826171875 0.01708984375 0.01708984375
0 0.97021484375 0.87353515625 0.01416015625 0.02734375
0 0.35498046875 0.98974609375 0.017578125 0.01953125
0 0.703125 0.67431640625 0.01171875 0.03125
0 0.93408203125 0.9140625 0.01513671875 0.0263671875
0 0.73779296875 0.21630859375 0.01220703125 0.0185546875
0 0.34033203125 0.67333984375 0.015625 0.0322265625
0 0.76025390625 0.7783203125 0.015625 0.03125
0 0.32470703125 0.7265625 0.017578125 0.02783203125
0 0.5283203125 0.5166015625 0.0126953125 0.025390625
0 0.93896484375 0.58740234375 0.0185546875 0.025390625
0 0.91943359375 0.66064453125 0.02001953125 0.02294921875
0 0.689453125 0.2685546875 0.02099609375 0.0185546875
0 0.9892578125 0.578125 0.01611328125 0.02734375
0 0.890625 0.4755859375 0.01953125 0.02587890625
0 0.92138671875 0.828125 0.02099609375 0.03076171875
0 0.93310546875 0.6279296875 0.01953125 0.0341796875
0 0.47216796875 0.53125 0.01416015625 0.0205078125
0 0.68994140625 0.5966796875 0.01611328125 0.0263671875
0 0.71923828125 0.58447265625 0.0146484375 0.03173828125
0 0.8974609375 0.751953125 0.017578125 0.0322265625
0 0.91845703125 0.62890625 0.01806640625 0.02734375
0 0.88916015625 0.9287109375 0.01806640625 0.033203125
0 0.8857421875 0.79931640625 0.01220703125 0.0283203125
0 0.78076171875 0.2802734375 0.009765625 0.03564453125
0 0.66015625 0.48193359375 0.01904296875 0.025390625
0 0.7646484375 0.4228515625 0.013671875 0.03662109375
0 0.38720703125 0.1962890625 0.01220703125 0.03759765625
0 0.6826171875 0.87841796875 0.0087890625 0.0185546875
0 0.3203125 0.732421875 0.01025390625 0.0146484375
0 0.26220703125 0.20849609375 0.015625 0.02490234375
0 0.77783203125 0.494140625 0.0078125 0.01708984375
0 0.7138671875 0.591796875 0.00830078125 0.0244140625
0 0.25244140625 0.81591796875 0.01611328125 0.02294921875
0 0.59423828125 0.63330078125 0.01904296875 0.02001953125
0 0.88037109375 0.83349609375 0.00927734375 0.02294921875
0 0.77734375 0.36328125 0.01220703125 0.03759765625
0 0.2294921875 0.98876953125 0.01513671875 0.02197265625
0 0.99755859375 0.447265625 0.00439453125 0.01416015625
0 0.7333984375 0.533203125 0.009765625 0.02294921875