0 0.787109375 0.396484375 0.0576171875 0.080078125
0 0.80712890625 0.142578125 0.0400390625 0.06787109375
0 0.486328125 0.1396484375 0.0302734375 0.07080078125
0 0.73681640625 0.30029296875 0.060546875 0.0751953125
0 0.59228515625 0.20947265625 0.03857421875 0.072265625
0 0.8583984375 0.37158203125 0.0625 0.07080078125
0 0.23779296875 0.3291015625 0.044921875 0.07470703125
0 0.0390625 0.18994140625 0.0361328125 0.06787109375
0 0.68310546875 0.21337890625 0.033203125 0.0712890625
0 0.2578125 0.333984375 0.02099609375 0.07861328125
0 0.99072265625 0.08349609375 0.0185546875 0.05859375
0 0.9736328125 0.33984375 0.02685546875 0.0703125
0 0.3779296875 0.1201171875 0.0361328125 0.0517578125
0 0.451171875 0.091796875 0.05419921875 0.056640625
0 0.025390625 0.068359375 0.03125 0.0654296875
0 0.59033203125 0.05078125 0.02001953125 0.06201171875
0 0.8115234375 0.09716796875 0.04931640625 0.060546875
0 0.20556640625 0.30224609375 0.03515625 0.07177734375
0 0.33837890625 0.169921875 0.02099609375 0.0712890625
0 0.17578125 0.2822265625 0.02294921875 0.07958984375
0 0.62890625 0.02099609375 0.0302734375 0.0419921875
0 0.65673828125 0.15087890625 0.04150390625 0.06005859375
0 0.40966796875 0.052734375 0.01611328125 0.048828125
0 0.4931640625 0.05517578125 0.04345703125 0.05419921875
0 0.375 0.29931640625 0.03125 0.08740234375
0 0.8359375 0.24755859375 0.05029296875 0.07421875
0 0.24658203125 0.1279296875 0.02490234375 0.0595703125
0 0.26904296875 0.16064453125 0.02490234375 0.06884765625
0 0.80908203125 0.2333984375 0.0380859375 0.072265625