0 0.53466796875 0.60693359375 0.041015625 0.0439453125
0 0.279296875 0.486328125 0.03125 0.0595703125
0 0.4697265625 0.59033203125 0.0263671875 0.0537109375
0 0.16162109375 0.974609375 0.0458984375 0.0361328125
0 0.4453125 0.37060546875 0.02734375 0.068359375
0 0.0361328125 0.853515625 0.04296875 0.044921875
0 0.71435546875 0.564453125 0.037109375 0.04296875
0 0.2763671875 0.38720703125 0.0341796875 0.0380859375
0 0.31005859375 0.72509765625 0.037109375 0.0322265625
0 0.2685546875 0.1005859375 0.0517578125 0.0576171875
0 0.04052734375 0.14501953125 0.0458984375 0.04296875
0 0.4990234375 0.88427734375 0.0390625 0.033203125
0 0.4462890625 0.17333984375 0.0419921875 0.0576171875
0 0.59423828125 0.57373046875 0.0361328125 0.0498046875
0 0.6025390625 0.818359375 0.04296875 0.0400390625
0 0.640625 0.521484375 0.0419921875 0.0693359375
0 0.47412109375 0.45947265625 0.0517578125 0.0302734375
0 0.4873046875 0.33056640625 0.029296875 0.0537109375
0 0.197265625 0.08349609375 0.0439453125 0.0673828125
0 0.634765625 0.00927734375 0.03515625 0.0185546875
0 0.20166015625 0.19091796875 0.0361328125 0.052734375
0 0.04345703125 0.0234375 0.04296875 0.0302734375