0 0.4013671875 0.7451171875 0.00927734375 0.0263671875
0 0.275390625 0.748046875 0.01123046875 0.0224609375
0 0.3642578125 0.625 0.00927734375 0.021484375
0 0.31591796875 0.80224609375 0.009765625 0.0263671875
0 0.1787109375 0.388671875 0.0107421875 0.01953125
0 0.3212890625 0.875 0.01318359375 0.02294921875
0 0.337890625 0.826171875 0.01171875 0.0283203125
0 0.24951171875 0.55224609375 0.01318359375 0.017578125
0 0.201171875 0.61376953125 0.0068359375 0.02490234375
0 0.4375 0.8798828125 0.00927734375 0.029296875
0 0.259765625 0.97412109375 0.00634765625 0.02490234375
0 0.16943359375 0.357421875 0.0126953125 0.0166015625
0 0.302734375 0.78955078125 0.00830078125 0.0263671875
0 0.3720703125 0.90869140625 0.01220703125 0.0263671875
0 0.3837890625 0.71826171875 0.0078125 0.0234375
0 0.22998046875 0.5302734375 0.01318359375 0.01953125
0 0.3759765625 0.892578125 0.01318359375 0.02197265625