0 0.0810546875 0.6845703125 0.1220703125 0.103515625
0 0.4208984375 0.51318359375 0.1357421875 0.1328125
0 0.31103515625 0.44970703125 0.07421875 0.1572265625
0 0.14306640625 0.02490234375 0.052734375 0.04931640625
0 0.35546875 0.21484375 0.044921875 0.14013671875
0 0.359375 0.865234375 0.1396484375 0.0947265625
0 0.1962890625 0.1728515625 0.09619140625 0.0693359375
0 0.84619140625 0.28564453125 0.1416015625 0.11181640625
0 0.58154296875 0.7021484375 0.1025390625 0.16552734375
0 0.53271484375 0.06494140625 0.099609375 0.12548828125
0 0.4013671875 0.7861328125 0.0556640625 0.13134765625
0 0.19140625 0.654296875 0.099609375 0.07421875
0 0.24609375 0.0400390625 0.04638671875 0.080078125
0 0.81640625 0.07861328125 0.12890625 0.095703125
0 0.03369140625 0.0361328125 0.06591796875 0.0703125
0 0.0361328125 0.6650390625 0.03271484375 0.06396484375
0 0.31689453125 0.19921875 0.05078125 0.1025390625
0 0.20703125 0.03662109375 0.04736328125 0.0712890625
0 0.78271484375 0.0546875 0.06201171875 0.05419921875