0 0.7861328125 0.15625 0.02197265625 0.01953125
0 0.91796875 0.04638671875 0.0205078125 0.02197265625
0 0.73681640625 0.01416015625 0.0185546875 0.02197265625
0 0.6982421875 0.1142578125 0.0146484375 0.02490234375
0 0.7001953125 0.04833984375 0.01953125 0.021484375
0 0.81396484375 0.1806640625 0.0234375 0.03173828125
0 0.84521484375 0.15625 0.0185546875 0.0263671875
0 0.7080078125 0.08544921875 0.025390625 0.02197265625
0 0.79833984375 0.240234375 0.0166015625 0.02880859375
0 0.89306640625 0.27587890625 0.0234375 0.01953125
0 0.87841796875 0.06396484375 0.021484375 0.0205078125
0 0.970703125 0.3193359375 0.02783203125 0.02001953125
0 0.8359375 0.29931640625 0.02001953125 0.02880859375
0 0.890625 0.10400390625 0.0234375 0.0224609375
0 0.87255859375 0.330078125 0.02685546875 0.03125
0 0.9013671875 0.13134765625 0.0283203125 0.0283203125
0 0.9140625 0.15283203125 0.01806640625 0.0263671875
0 0.90087890625 0.22265625 0.02490234375 0.025390625
0 0.82568359375 0.25146484375 0.01416015625 0.02880859375
0 0.79443359375 0.21826171875 0.0205078125 0.0224609375
0 0.81689453125 0.259765625 0.01708984375 0.0224609375
0 0.99609375 0.43701171875 0.0078125 0.0205078125
0 0.68994140625 0.0556640625 0.021484375 0.01416015625