0 0.46728515625 0.30810546875 0.02978515625 0.01123046875
0 0.24560546875 0.5732421875 0.01171875 0.01513671875
0 0.23388671875 0.57568359375 0.0126953125 0.01611328125
0 0.6669921875 0.17529296875 0.013671875 0.01611328125
0 0.560546875 0.03271484375 0.0263671875 0.0107421875
0 0.107421875 0.28466796875 0.0263671875 0.009765625
0 0.560546875 0.046875 0.0146484375 0.01611328125
0 0.67626953125 0.11962890625 0.0166015625 0.01513671875
0 0.60302734375 0.0986328125 0.017578125 0.0146484375
0 0.57958984375 0.06298828125 0.0146484375 0.01416015625
0 0.72802734375 0.0693359375 0.013671875 0.0166015625
0 0.646484375 0.1708984375 0.0166015625 0.0146484375
0 0.11474609375 0.34033203125 0.02099609375 0.01171875
0 0.1904296875 0.546875 0.015625 0.01416015625
0 0.11328125 0.43994140625 0.0146484375 0.0126953125
0 0.07958984375 0.75146484375 0.01904296875 0.01123046875
0 0.0595703125 0.3359375 0.01708984375 0.009765625
0 0.27978515625 0.568359375 0.01904296875 0.0087890625
0 0.15673828125 0.22265625 0.01904296875 0.01171875
0 0.67333984375 0.04443359375 0.0302734375 0.00927734375
0 0.06494140625 0.5048828125 0.02490234375 0.00927734375
0 0.33544921875 0.4931640625 0.0205078125 0.01123046875
0 0.0078125 0.82470703125 0.01513671875 0.0166015625
0 0.40087890625 0.32421875 0.01953125 0.01416015625
0 0.044921875 0.42822265625 0.01708984375 0.0126953125
0 0.056640625 0.6552734375 0.0166015625 0.013671875
0 0.03564453125 0.50390625 0.01025390625 0.013671875
0 0.12255859375 0.3203125 0.01904296875 0.01025390625
0 0.1220703125 0.26904296875 0.0224609375 0.00732421875
0 0.501953125 0.43603515625 0.0126953125 0.01416015625
0 0.26953125 0.62548828125 0.0185546875 0.01025390625
0 0.6650390625 0.14794921875 0.02294921875 0.009765625
0 0.01171875 0.48974609375 0.017578125 0.01171875
0 0.53955078125 0.00439453125 0.01904296875 0.0078125
0 0.53564453125 0.39306640625 0.017578125 0.01220703125
0 0.13671875 0.7021484375 0.02099609375 0.0146484375
0 0.6748046875 0.171875 0.02490234375 0.0126953125