0 0.89697265625 0.45068359375 0.02001953125 0.02685546875
0 0.8203125 0.7724609375 0.025390625 0.0185546875
0 0.818359375 0.6337890625 0.021484375 0.0185546875
0 0.83544921875 0.61376953125 0.01220703125 0.0166015625
0 0.84814453125 0.712890625 0.0146484375 0.02099609375
0 0.904296875 0.375 0.0107421875 0.0185546875
0 0.8134765625 0.755859375 0.0166015625 0.01904296875
0 0.970703125 0.40478515625 0.01318359375 0.02001953125
0 0.78271484375 0.8515625 0.0166015625 0.021484375
0 0.89111328125 0.560546875 0.01220703125 0.0146484375
0 0.86767578125 0.63232421875 0.01708984375 0.015625
0 0.91064453125 0.6142578125 0.0146484375 0.01953125
0 0.88037109375 0.6796875 0.015625 0.02197265625
0 0.8759765625 0.587890625 0.01318359375 0.015625
0 0.89404296875 0.69970703125 0.015625 0.0205078125
0 0.791015625 0.736328125 0.01416015625 0.01904296875
0 0.89013671875 0.36328125 0.00927734375 0.0146484375
0 0.92919921875 0.53125 0.01318359375 0.01806640625
0 0.83349609375 0.68701171875 0.01220703125 0.013671875
0 0.82275390625 0.81005859375 0.015625 0.02734375
0 0.9267578125 0.5546875 0.01318359375 0.01953125
0 0.96337890625 0.51611328125 0.01025390625 0.02099609375
0 0.94970703125 0.92724609375 0.01416015625 0.0205078125
0 0.8564453125 0.75634765625 0.013671875 0.02294921875
0 0.955078125 0.50537109375 0.0146484375 0.01953125
0 0.86279296875 0.6474609375 0.0166015625 0.01904296875
0 0.9443359375 0.552734375 0.0146484375 0.01953125
0 0.93603515625 0.8232421875 0.0078125 0.02734375
0 0.896484375 0.5205078125 0.01416015625 0.0224609375
0 0.77978515625 0.87841796875 0.01416015625 0.02392578125
0 0.9697265625 0.45849609375 0.0087890625 0.02001953125
0 0.94482421875 0.8779296875 0.017578125 0.01904296875
0 0.89990234375 0.919921875 0.015625 0.01708984375
0 0.96630859375 0.58544921875 0.01416015625 0.01904296875
0 0.9033203125 0.50244140625 0.0126953125 0.01416015625
0 0.87841796875 0.85693359375 0.013671875 0.02099609375
0 0.86328125 0.55712890625 0.013671875 0.01806640625
0 0.88232421875 0.9384765625 0.01806640625 0.0234375
0 0.99365234375 0.49365234375 0.01220703125 0.0234375
0 0.8974609375 0.8271484375 0.01513671875 0.01806640625
0 0.9189453125 0.814453125 0.013671875 0.0205078125
0 0.85888671875 0.79150390625 0.01318359375 0.0224609375
0 0.82275390625 0.5576171875 0.01025390625 0.0166015625
0 0.9375 0.77880859375 0.0166015625 0.021484375
0 0.93994140625 0.5751953125 0.01513671875 0.01708984375
0 0.931640625 0.701171875 0.01611328125 0.021484375
0 0.9365234375 0.615234375 0.01416015625 0.0205078125
0 0.91064453125 0.86962890625 0.01708984375 0.02099609375
0 0.900390625 0.89404296875 0.015625 0.02001953125
0 0.98193359375 0.8720703125 0.013671875 0.0234375
0 0.9345703125 0.59326171875 0.01513671875 0.01953125
0 0.97021484375 0.54541015625 0.013671875 0.015625
0 0.9609375 0.818359375 0.01171875 0.0185546875
0 0.8671875 0.9052734375 0.015625 0.025390625
0 0.9404296875 0.7578125 0.017578125 0.01904296875
0 0.92138671875 0.7353515625 0.01708984375 0.0244140625
0 0.99560546875 0.42822265625 0.0087890625 0.01708984375
0 0.99267578125 0.63916015625 0.01416015625 0.02099609375
0 0.9462890625 0.66796875 0.01416015625 0.01953125
0 0.9150390625 0.65576171875 0.015625 0.0263671875
0 0.92724609375 0.8369140625 0.01806640625 0.02099609375
0 0.99267578125 0.79345703125 0.0146484375 0.0263671875
0 0.9892578125 0.7666015625 0.01953125 0.02001953125
0 0.80517578125 0.8876953125 0.0126953125 0.02197265625
0 0.98046875 0.5537109375 0.01220703125 0.01513671875
0 0.966796875 0.72265625 0.01708984375 0.02001953125
0 0.97265625 0.92724609375 0.015625 0.029296875
0 0.96484375 0.70068359375 0.01708984375 0.0224609375
0 0.876953125 0.884765625 0.0126953125 0.01904296875
0 0.9873046875 0.41796875 0.0107421875 0.01904296875
0 0.78955078125 0.9208984375 0.015625 0.0263671875
0 0.78857421875 0.80615234375 0.0185546875 0.02587890625
0 0.9775390625 0.97412109375 0.01611328125 0.0205078125
0 0.97900390625 0.658203125 0.01025390625 0.02001953125
0 0.77001953125 0.9150390625 0.01171875 0.03076171875
0 0.95703125 0.748046875 0.01416015625 0.02197265625
0 0.80615234375 0.91748046875 0.0126953125 0.0224609375
0 0.99072265625 0.34033203125 0.01123046875 0.01220703125
0 0.93896484375 0.994140625 0.015625 0.01123046875
0 0.98681640625 0.36083984375 0.01220703125 0.01318359375
0 0.814453125 0.9697265625 0.0107421875 0.029296875
0 0.9873046875 0.58935546875 0.01025390625 0.02099609375
0 0.97998046875 0.6904296875 0.01806640625 0.02099609375
0 0.9912109375 0.5654296875 0.01708984375 0.0224609375
0 0.9951171875 0.66357421875 0.009765625 0.025390625
0 0.9091796875 0.9931640625 0.01123046875 0.0126953125
0 0.99755859375 0.68994140625 0.00439453125 0.0185546875
0 0.9609375 0.67919921875 0.01513671875 0.0234375
0 0.9892578125 0.7548828125 0.0185546875 0.0224609375
0 0.78955078125 0.78759765625 0.01220703125 0.025390625
0 0.98095703125 0.34814453125 0.01611328125 0.01953125
0 0.99169921875 0.35009765625 0.01220703125 0.0185546875
0 0.7958984375 0.8935546875 0.013671875 0.02783203125
0 0.97216796875 0.68212890625 0.015625 0.017578125
0 0.80224609375 0.9912109375 0.0126953125 0.017578125