0 0.5439453125 0.4453125 0.1220703125 0.25390625
0 0.33447265625 0.44287109375 0.1044921875 0.2509765625
0 0.49267578125 0.3876953125 0.1005859375 0.201171875
0 0.2958984375 0.31884765625 0.146484375 0.1708984375
0 0.3486328125 0.083984375 0.1181640625 0.1484375
0 0.53125 0.22314453125 0.1298828125 0.154296875
0 0.08447265625 0.5537109375 0.1435546875 0.2646484375
0 0.72314453125 0.50390625 0.134765625 0.1904296875
0 0.2705078125 0.7451171875 0.115234375 0.296875
0 0.60009765625 0.7421875 0.0986328125 0.29296875
0 0.1064453125 0.8759765625 0.15625 0.248046875
0 0.94921875 0.48828125 0.1015625 0.21484375
0 0.9248046875 0.6513671875 0.150390625 0.15234375
0 0.791015625 0.80126953125 0.146484375 0.1572265625
0 0.71826171875 0.60693359375 0.1240234375 0.134765625
0 0.16943359375 0.115234375 0.091796875 0.1708984375
0 0.7353515625 0.40771484375 0.1259765625 0.1298828125
0 0.8837890625 0.71826171875 0.1708984375 0.1591796875
0 0.78369140625 0.9189453125 0.091796875 0.11328125
0 0.85888671875 0.0693359375 0.1513671875 0.138671875
0 0.79345703125 0.30810546875 0.138671875 0.111328125
0 0.04150390625 0.13037109375 0.0830078125 0.1728515625
0 0.458984375 0.59521484375 0.083984375 0.2158203125
0 0.34814453125 0.9638671875 0.0751953125 0.072265625
0 0.1630859375 0.9541015625 0.09375 0.091796875