0 0.6865234375 0.681640625 0.21875 0.1630859375
0 0.67529296875 0.6044921875 0.150390625 0.16015625
0 0.65869140625 0.2734375 0.0966796875 0.0986328125
0 0.9345703125 0.29248046875 0.1064453125 0.08984375
0 0.4228515625 0.11474609375 0.1279296875 0.0966796875
0 0.61962890625 0.06005859375 0.0830078125 0.09765625
0 0.7861328125 0.51806640625 0.107421875 0.1181640625
0 0.39453125 0.22998046875 0.0966796875 0.091796875
0 0.3134765625 0.32568359375 0.1064453125 0.115234375
0 0.5556640625 0.056640625 0.08984375 0.087890625
0 0.88232421875 0.44580078125 0.1220703125 0.099609375
0 0.3994140625 0.29248046875 0.1015625 0.09765625
0 0.10498046875 0.072265625 0.0732421875 0.083984375
0 0.2978515625 0.02294921875 0.078125 0.0458984375
0 0.26806640625 0.12646484375 0.083984375 0.0654296875
0 0.68798828125 0.08349609375 0.0537109375 0.130859375