0 0.21240234375 0.59765625 0.0126953125 0.021484375
0 0.1748046875 0.5927734375 0.017578125 0.037109375
0 0.1142578125 0.54150390625 0.0146484375 0.0341796875
0 0.31494140625 0.486328125 0.0126953125 0.0234375
0 0.16259765625 0.4931640625 0.0126953125 0.0341796875
0 0.24365234375 0.54248046875 0.0185546875 0.0244140625
0 0.275390625 0.40283203125 0.0087890625 0.0322265625
0 0.1923828125 0.37939453125 0.01171875 0.0283203125
0 0.3173828125 0.62255859375 0.01953125 0.0302734375
0 0.16650390625 0.388671875 0.01171875 0.03515625
0 0.173828125 0.2900390625 0.0146484375 0.03125
0 0.30322265625 0.4326171875 0.013671875 0.0244140625
0 0.0341796875 0.38330078125 0.0126953125 0.025390625
0 0.26953125 0.16455078125 0.0185546875 0.03515625
0 0.107421875 0.37646484375 0.0107421875 0.0283203125
0 0.29736328125 0.494140625 0.0126953125 0.02734375
0 0.23583984375 0.58837890625 0.0185546875 0.0166015625
0 0.03369140625 0.46630859375 0.0146484375 0.021484375
0 0.18017578125 0.0556640625 0.01171875 0.03515625
0 0.12060546875 0.333984375 0.0107421875 0.025390625
0 0.08984375 0.3017578125 0.0146484375 0.025390625
0 0.06884765625 0.1416015625 0.0107421875 0.03125
0 0.29052734375 0.3134765625 0.009765625 0.02734375
0 0.18017578125 0.25048828125 0.0126953125 0.0341796875
0 0.044921875 0.279296875 0.013671875 0.0234375
0 0.16943359375 0.20556640625 0.0146484375 0.0361328125
0 0.33837890625 0.5869140625 0.0166015625 0.0400390625
0 0.189453125 0.47607421875 0.0087890625 0.025390625
0 0.09423828125 0.50634765625 0.0185546875 0.044921875
0 0.19775390625 0.05712890625 0.017578125 0.0341796875
0 0.18359375 0.30029296875 0.013671875 0.033203125
0 0.07080078125 0.3349609375 0.0087890625 0.0322265625
0 0.40673828125 0.52685546875 0.0107421875 0.0361328125
0 0.0458984375 0.611328125 0.0244140625 0.0390625
0 0.24658203125 0.26708984375 0.0126953125 0.0302734375
0 0.23583984375 0.39990234375 0.01171875 0.0283203125
0 0.431640625 0.5234375 0.015625 0.033203125
0 0.078125 0.1787109375 0.01171875 0.0263671875
0 0.3837890625 0.505859375 0.013671875 0.041015625
0 0.22412109375 0.26123046875 0.0146484375 0.033203125
0 0.05859375 0.306640625 0.015625 0.0205078125
0 0.07763671875 0.2705078125 0.0126953125 0.029296875
0 0.34375 0.5166015625 0.0185546875 0.03515625
0 0.3603515625 0.6455078125 0.0205078125 0.0263671875
0 0.23291015625 0.4560546875 0.015625 0.0205078125
0 0.2978515625 0.189453125 0.0126953125 0.0322265625
0 0.162109375 0.13525390625 0.0205078125 0.029296875
0 0.25146484375 0.3310546875 0.0146484375 0.0458984375
0 0.4453125 0.45068359375 0.0146484375 0.03125
0 0.12744140625 0.23291015625 0.0166015625 0.0146484375
0 0.14453125 0.42431640625 0.0126953125 0.04296875
0 0.14013671875 0.1376953125 0.009765625 0.0283203125
0 0.14697265625 0.2470703125 0.013671875 0.0283203125
0 0.236328125 0.33203125 0.013671875 0.041015625
0 0.23974609375 0.14599609375 0.013671875 0.0283203125
0 0.09521484375 0.1669921875 0.0107421875 0.025390625
0 0.20654296875 0.33447265625 0.0224609375 0.0263671875
0 0.02783203125 0.33203125 0.01171875 0.025390625
0 0.1357421875 0.068359375 0.01171875 0.021484375
0 0.0322265625 0.21484375 0.0126953125 0.0283203125
0 0.18408203125 0.00927734375 0.0107421875 0.0185546875
0 0.33447265625 0.36376953125 0.0205078125 0.0322265625
0 0.2216796875 0.0048828125 0.013671875 0.009765625
0 0.09912109375 0.0029296875 0.0087890625 0.005859375
0 0.20166015625 0.0224609375 0.0126953125 0.025390625
0 0.43310546875 0.21337890625 0.0205078125 0.025390625
0 0.21728515625 0.3740234375 0.0107421875 0.0322265625
0 0.146484375 0.005859375 0.009765625 0.01171875
0 0.162109375 0.35107421875 0.0224609375 0.0517578125
0 0.4091796875 0.39599609375 0.0107421875 0.029296875
0 0.08740234375 0.1005859375 0.0078125 0.029296875
0 0.12890625 0.01318359375 0.0126953125 0.0263671875
0 0.05517578125 0.03857421875 0.009765625 0.0244140625
0 0.12109375 0.1640625 0.0185546875 0.0234375
0 0.45654296875 0.51904296875 0.0107421875 0.0380859375
0 0.2529296875 0.08984375 0.0166015625 0.025390625
0 0.40380859375 0.45947265625 0.01171875 0.0419921875
0 0.44189453125 0.2958984375 0.015625 0.037109375
0 0.53759765625 0.02783203125 0.009765625 0.0224609375
0 0.46533203125 0.4853515625 0.013671875 0.0283203125
0 0.4248046875 0.4150390625 0.0205078125 0.0546875
0 0.4345703125 0.462890625 0.009765625 0.041015625
0 0.41064453125 0.41748046875 0.013671875 0.037109375
0 0.07275390625 0.42138671875 0.01171875 0.0283203125
0 0.0048828125 0.498046875 0.009765625 0.029296875
0 0.4970703125 0.42578125 0.013671875 0.04296875
0 0.10693359375 0.14013671875 0.0166015625 0.0185546875
0 0.07666015625 0.5 0.0126953125 0.03125
0 0.515625 0.4853515625 0.017578125 0.0322265625
0 0.35498046875 0.46142578125 0.0126953125 0.0361328125
0 0.525390625 0.3876953125 0.0107421875 0.0400390625
0 0.3447265625 0.001953125 0.01171875 0.00390625
0 0.1328125 0.111328125 0.0126953125 0.021484375
0 0.111328125 0.4560546875 0.0146484375 0.0341796875
0 0.71142578125 0.4931640625 0.0107421875 0.03125
0 0.49169921875 0.517578125 0.0146484375 0.0341796875
0 0.8271484375 0.65966796875 0.0185546875 0.015625
0 0.197265625 0.296875 0.0107421875 0.029296875
0 0.3984375 0.42236328125 0.0205078125 0.017578125
0 0.3095703125 0.43115234375 0.0126953125 0.029296875
0 0.0439453125 0.2197265625 0.0107421875 0.0234375
0 0.03857421875 0.32958984375 0.0107421875 0.0361328125
0 0.5810546875 0.5908203125 0.015625 0.037109375
0 0.5322265625 0.54833984375 0.0107421875 0.0400390625
0 0.736328125 0.466796875 0.017578125 0.0205078125
0 0.54443359375 0.15625 0.017578125 0.025390625
0 0.82177734375 0.34814453125 0.0205078125 0.0244140625
0 0.0615234375 0.0126953125 0.01171875 0.025390625
0 0.51318359375 0.42431640625 0.0185546875 0.0283203125
0 0.52294921875 0.6181640625 0.0234375 0.017578125
0 0.181640625 0.51123046875 0.0205078125 0.025390625
0 0.62646484375 0.41943359375 0.021484375 0.0234375
0 0.77880859375 0.2021484375 0.0205078125 0.0234375
0 0.58154296875 0.6396484375 0.021484375 0.015625
0 0.8046875 0.32568359375 0.0185546875 0.01953125
0 0.1064453125 0.09423828125 0.013671875 0.0263671875
0 0.38134765625 0.2021484375 0.015625 0.0380859375
0 0.39111328125 0.0849609375 0.015625 0.0341796875
0 0.54736328125 0.65576171875 0.0205078125 0.0166015625
0 0.43115234375 0.39990234375 0.0107421875 0.0322265625
0 0.8447265625 0.27099609375 0.015625 0.025390625
0 0.59033203125 0.474609375 0.0205078125 0.0205078125
0 0.2470703125 0.111328125 0.0107421875 0.021484375
0 0.2001953125 0.013671875 0.01171875 0.0234375
0 0.13427734375 0.0478515625 0.009765625 0.0224609375
0 0.1220703125 0.11376953125 0.0126953125 0.0283203125
0 0.0927734375 0.12060546875 0.01171875 0.0263671875
0 0.01904296875 0.3251953125 0.0107421875 0.0244140625
0 0.0634765625 0.3466796875 0.009765625 0.0283203125