0 0.9482421875 0.78173828125 0.01953125 0.01953125
0 0.861328125 0.7138671875 0.0205078125 0.0205078125
0 0.90478515625 0.53515625 0.0166015625 0.0185546875
0 0.9287109375 0.5537109375 0.0146484375 0.0185546875
0 0.71044921875 0.75732421875 0.021484375 0.01953125
0 0.875 0.6728515625 0.015625 0.0166015625
0 0.69482421875 0.8154296875 0.0224609375 0.0224609375
0 0.35498046875 0.8408203125 0.0234375 0.0205078125
0 0.98095703125 0.43408203125 0.015625 0.0185546875
0 0.75341796875 0.70263671875 0.0205078125 0.0224609375
0 0.58056640625 0.89111328125 0.0205078125 0.0234375
0 0.6513671875 0.83935546875 0.0185546875 0.0185546875
0 0.98876953125 0.46240234375 0.0146484375 0.017578125
0 0.92138671875 0.96044921875 0.013671875 0.0244140625
0 0.6650390625 0.923828125 0.017578125 0.017578125
0 0.9970703125 0.4052734375 0.005859375 0.01171875
0 0.560546875 0.89404296875 0.017578125 0.0146484375
0 0.943359375 0.83544921875 0.01171875 0.0166015625
0 0.51513671875 0.95703125 0.0205078125 0.0185546875
0 0.9189453125 0.51513671875 0.01953125 0.0224609375
0 0.4443359375 0.91259765625 0.0234375 0.0244140625
0 0.423828125 0.96044921875 0.0205078125 0.0185546875
0 0.8828125 0.77685546875 0.017578125 0.021484375
0 0.5380859375 0.8984375 0.01953125 0.017578125
0 0.56591796875 0.98046875 0.0166015625 0.015625
0 0.900390625 0.4970703125 0.009765625 0.0185546875
0 0.96826171875 0.705078125 0.0087890625 0.015625
0 0.888671875 0.78759765625 0.0146484375 0.017578125
0 0.203125 0.8740234375 0.0234375 0.033203125
0 0.193359375 0.9150390625 0.0166015625 0.0224609375
0 0.658203125 0.8466796875 0.0234375 0.0166015625