0 0.810546875 0.8955078125 0.0478515625 0.048828125
0 0.67724609375 0.76953125 0.041015625 0.056640625
0 0.767578125 0.814453125 0.0341796875 0.0478515625
0 0.41259765625 0.91015625 0.029296875 0.0361328125
0 0.845703125 0.8779296875 0.03125 0.0419921875
0 0.8359375 0.90283203125 0.041015625 0.056640625
0 0.7958984375 0.84423828125 0.0390625 0.0595703125
0 0.3955078125 0.8876953125 0.03515625 0.0458984375
0 0.505859375 0.72900390625 0.0419921875 0.046875
0 0.435546875 0.80517578125 0.033203125 0.041015625
0 0.560546875 0.65185546875 0.0380859375 0.0380859375
0 0.353515625 0.76953125 0.0263671875 0.046875
0 0.7685546875 0.986328125 0.03515625 0.02734375
0 0.40283203125 0.7841796875 0.0439453125 0.0439453125
0 0.615234375 0.6298828125 0.0380859375 0.0439453125
0 0.34814453125 0.95166015625 0.0361328125 0.0517578125
0 0.47607421875 0.8525390625 0.033203125 0.03515625
0 0.44384765625 0.99072265625 0.0185546875 0.0185546875
0 0.7548828125 0.927734375 0.03515625 0.0576171875
0 0.47607421875 0.90771484375 0.0498046875 0.0478515625
0 0.37353515625 0.75048828125 0.0263671875 0.0322265625
0 0.64501953125 0.78564453125 0.02734375 0.0283203125