0 0.22216796875 0.18359375 0.046875 0.04541015625
0 0.6875 0.86328125 0.03369140625 0.04833984375
0 0.32373046875 0.126953125 0.052734375 0.06689453125
0 0.3046875 0.197265625 0.04345703125 0.05078125
0 0.26904296875 0.8818359375 0.02392578125 0.0498046875
0 0.6181640625 0.86962890625 0.02880859375 0.0361328125
0 0.2294921875 0.521484375 0.03369140625 0.0390625
0 0.3505859375 0.66748046875 0.03759765625 0.03076171875
0 0.46484375 0.75732421875 0.02783203125 0.0380859375
0 0.5 0.9306640625 0.03125 0.03076171875
0 0.068359375 0.560546875 0.02783203125 0.04541015625
0 0.11328125 0.64306640625 0.03271484375 0.03857421875
0 0.19873046875 0.38525390625 0.03076171875 0.0361328125
0 0.2080078125 0.8359375 0.03125 0.03759765625
0 0.0869140625 0.779296875 0.02685546875 0.0380859375
0 0.56640625 0.4892578125 0.029296875 0.04638671875
0 0.1591796875 0.81982421875 0.02587890625 0.0390625
0 0.712890625 0.720703125 0.02099609375 0.0322265625
0 0.4189453125 0.40673828125 0.048828125 0.07666015625
0 0.56396484375 0.41259765625 0.02978515625 0.041015625
0 0.33837890625 0.7724609375 0.03369140625 0.03662109375
0 0.48095703125 0.51123046875 0.037109375 0.04248046875
0 0.39599609375 0.806640625 0.0302734375 0.0244140625
0 0.6240234375 0.5615234375 0.02783203125 0.02880859375
0 0.33544921875 0.314453125 0.033203125 0.03369140625
0 0.2412109375 0.029296875 0.06005859375 0.05859375
0 0.0244140625 0.31884765625 0.0234375 0.0517578125
0 0.072265625 0.8984375 0.02099609375 0.04541015625
0 0.64501953125 0.23486328125 0.02978515625 0.0380859375
0 0.0546875 0.73583984375 0.02685546875 0.04541015625
0 0.0751953125 0.21728515625 0.01953125 0.05078125
0 0.3017578125 0.5791015625 0.02197265625 0.0302734375
0 0.3876953125 0.181640625 0.02587890625 0.05126953125
0 0.06787109375 0.45751953125 0.0224609375 0.0361328125
0 0.4638671875 0.67138671875 0.0244140625 0.05224609375
0 0.392578125 0.4931640625 0.0390625 0.05126953125
0 0.37744140625 0.759765625 0.02294921875 0.029296875
0 0.15380859375 0.7802734375 0.02783203125 0.0478515625
0 0.21630859375 0.125 0.02685546875 0.0419921875
0 0.4208984375 0.35546875 0.0341796875 0.0341796875
0 0.4306640625 0.08837890625 0.0322265625 0.037109375
0 0.48046875 0.2607421875 0.0380859375 0.0400390625
0 0.53857421875 0.25390625 0.0244140625 0.03515625
0 0.57666015625 0.109375 0.03076171875 0.037109375
0 0.4091796875 0.251953125 0.02685546875 0.03515625
0 0.2041015625 0.72216796875 0.02197265625 0.04150390625
0 0.369140625 0.41796875 0.060546875 0.046875
0 0.45947265625 0.2880859375 0.0244140625 0.02197265625
0 0.3994140625 0.10693359375 0.02294921875 0.03564453125
0 0.1962890625 0.46337890625 0.0537109375 0.05029296875
0 0.50537109375 0.2158203125 0.02099609375 0.03515625
0 0.35546875 0.248046875 0.0244140625 0.0439453125
0 0.15234375 0.728515625 0.02490234375 0.0556640625
0 0.48046875 0.67333984375 0.02783203125 0.044921875
0 0.37109375 0.8310546875 0.03271484375 0.03662109375
0 0.3984375 0.55712890625 0.03369140625 0.02978515625
0 0.4521484375 0.21875 0.021484375 0.02294921875
0 0.1591796875 0.96875 0.0205078125 0.02197265625
0 0.01171875 0.60107421875 0.02294921875 0.029296875
0 0.09228515625 0.83056640625 0.01904296875 0.0390625
0 0.01220703125 0.9072265625 0.0244140625 0.03515625
0 0.52685546875 0.02099609375 0.02001953125 0.0341796875
0 0.53173828125 0.4443359375 0.01611328125 0.0263671875
0 0.17138671875 0.59228515625 0.0185546875 0.0380859375
0 0.15625 0.29052734375 0.021484375 0.02587890625
0 0.4033203125 0.390625 0.0185546875 0.0341796875
0 0.62158203125 0.4287109375 0.02001953125 0.0283203125
0 0.310546875 0.1025390625 0.02099609375 0.02294921875
0 0.1767578125 0.443359375 0.02978515625 0.02587890625
0 0.353515625 0.40576171875 0.03369140625 0.029296875
0 0.28271484375 0.18310546875 0.0234375 0.03759765625
0 0.2412109375 0.01513671875 0.0234375 0.0302734375
0 0.330078125 0.7939453125 0.01416015625 0.04150390625
0 0.56689453125 0.10009765625 0.01806640625 0.02197265625
0 0.369140625 0.0078125 0.0322265625 0.015625
0 0.271484375 0.91943359375 0.01806640625 0.0234375
0 0.216796875 0.01220703125 0.02392578125 0.02392578125
0 0.6005859375 0.67578125 0.021484375 0.03076171875
0 0.20166015625 0.1650390625 0.0205078125 0.02294921875