0 0.94970703125 0.1064453125 0.01025390625 0.03759765625
0 0.94189453125 0.18505859375 0.01513671875 0.03955078125
0 0.77880859375 0.0205078125 0.0107421875 0.0380859375
0 0.7666015625 0.12060546875 0.01123046875 0.037109375
0 0.7861328125 0.064453125 0.01708984375 0.0283203125
0 0.67138671875 0.07421875 0.01123046875 0.033203125
0 0.2001953125 0.0703125 0.0126953125 0.0341796875
0 0.97265625 0.10205078125 0.01171875 0.03271484375
0 0.98974609375 0.53173828125 0.01220703125 0.0322265625
0 0.11767578125 0.0771484375 0.01513671875 0.02978515625
0 0.501953125 0.16162109375 0.01806640625 0.04296875
0 0.447265625 0.1884765625 0.015625 0.03466796875
0 0.10693359375 0.12646484375 0.0166015625 0.0400390625
0 0.41845703125 0.01806640625 0.0146484375 0.02001953125
0 0.451171875 0.04931640625 0.02587890625 0.044921875
0 0.5654296875 0.0703125 0.017578125 0.03125
0 0.6982421875 0.044921875 0.01416015625 0.03857421875
0 0.8837890625 0.1708984375 0.02099609375 0.0458984375
0 0.88134765625 0.0986328125 0.009765625 0.0302734375
0 0.55224609375 0.16748046875 0.0107421875 0.03125
0 0.75634765625 0.1279296875 0.0107421875 0.03515625
0 0.9365234375 0.0498046875 0.0146484375 0.03466796875
0 0.78125 0.109375 0.01416015625 0.0322265625
0 0.9091796875 0.14013671875 0.01171875 0.0322265625
0 0.560546875 0.26220703125 0.0107421875 0.03466796875
0 0.7216796875 0.068359375 0.0126953125 0.0361328125
0 0.52783203125 0.080078125 0.009765625 0.041015625
0 0.79736328125 0.10693359375 0.0146484375 0.0322265625
0 0.55517578125 0.2392578125 0.01123046875 0.03857421875
0 0.6376953125 0.01904296875 0.017578125 0.03662109375
0 0.66064453125 0.0263671875 0.01708984375 0.03759765625
0 0.6162109375 0.044921875 0.01611328125 0.0341796875
0 0.814453125 0.01220703125 0.01025390625 0.0244140625
0 0.7353515625 0.02197265625 0.00927734375 0.037109375
0 0.9970703125 0.0146484375 0.005859375 0.029296875
0 0.99853515625 0.14599609375 0.0029296875 0.0263671875
0 0.45654296875 0.0087890625 0.01416015625 0.01708984375
0 0.0966796875 0.1865234375 0.01416015625 0.04931640625
0 0.1337890625 0.1044921875 0.02001953125 0.04541015625