0 0.08447265625 0.48876953125 0.0185546875 0.037109375
0 0.16796875 0.5322265625 0.0234375 0.033203125
0 0.31005859375 0.1357421875 0.017578125 0.037109375
0 0.11083984375 0.2734375 0.0146484375 0.0302734375
0 0.2470703125 0.48291015625 0.0166015625 0.0361328125
0 0.26171875 0.47802734375 0.0185546875 0.0361328125
0 0.12646484375 0.02099609375 0.015625 0.0341796875
0 0.3203125 0.3837890625 0.015625 0.0361328125
0 0.3544921875 0.03564453125 0.0146484375 0.0283203125
0 0.29052734375 0.5693359375 0.015625 0.0322265625
0 0.06494140625 0.857421875 0.01953125 0.0322265625
0 0.37109375 0.01171875 0.017578125 0.0234375
0 0.26904296875 0.46728515625 0.015625 0.0361328125