0 0.23828125 0.52685546875 0.01953125 0.0224609375
0 0.25341796875 0.51904296875 0.0224609375 0.0244140625
0 0.1064453125 0.69970703125 0.0146484375 0.0283203125
0 0.19775390625 0.66455078125 0.015625 0.02734375
0 0.630859375 0.17822265625 0.0166015625 0.0283203125
0 0.42041015625 0.21923828125 0.013671875 0.0224609375
0 0.62744140625 0.42333984375 0.0107421875 0.0244140625
0 0.140625 0.7216796875 0.0146484375 0.0244140625
0 0.75 0.2431640625 0.0205078125 0.0185546875
0 0.189453125 0.68994140625 0.013671875 0.025390625
0 0.13818359375 0.6611328125 0.0185546875 0.0205078125