0 0.27392578125 0.369140625 0.021484375 0.029296875
0 0.93212890625 0.6015625 0.0224609375 0.0283203125
0 0.30810546875 0.35986328125 0.0185546875 0.0263671875
0 0.46630859375 0.32666015625 0.0146484375 0.0166015625
0 0.34619140625 0.48095703125 0.0166015625 0.01953125
0 0.71044921875 0.29052734375 0.0126953125 0.0205078125
0 0.77783203125 0.783203125 0.01953125 0.029296875
0 0.6669921875 0.607421875 0.0146484375 0.0283203125
0 0.81298828125 0.88818359375 0.0234375 0.0322265625
0 0.5908203125 0.28466796875 0.0146484375 0.0224609375
0 0.4248046875 0.32275390625 0.0185546875 0.0263671875
0 0.720703125 0.7470703125 0.0224609375 0.0263671875
0 0.41650390625 0.41748046875 0.015625 0.0302734375
0 0.34033203125 0.3359375 0.015625 0.0283203125
0 0.94921875 0.55908203125 0.0126953125 0.0263671875
0 0.37353515625 0.67041015625 0.017578125 0.0341796875
0 0.482421875 0.3232421875 0.0126953125 0.0166015625
0 0.376953125 0.53125 0.0126953125 0.0234375
0 0.36376953125 0.46484375 0.013671875 0.021484375
0 0.85498046875 0.75927734375 0.0146484375 0.021484375
0 0.3349609375 0.41845703125 0.0146484375 0.0283203125
0 0.521484375 0.98876953125 0.025390625 0.0224609375
0 0.62255859375 0.97509765625 0.025390625 0.0380859375
0 0.38232421875 0.36474609375 0.0205078125 0.0244140625
0 0.6748046875 0.70849609375 0.0166015625 0.0263671875
0 0.77197265625 0.8798828125 0.021484375 0.0341796875
0 0.5849609375 0.5537109375 0.0166015625 0.0263671875
0 0.27783203125 0.3359375 0.015625 0.0302734375
0 0.85107421875 0.7421875 0.015625 0.03125
0 0.4443359375 0.8671875 0.017578125 0.0322265625
0 0.41455078125 0.46484375 0.013671875 0.0283203125
0 0.54833984375 0.71533203125 0.0146484375 0.0302734375
0 0.86962890625 0.4443359375 0.01171875 0.0224609375
0 0.490234375 0.962890625 0.0166015625 0.03125
0 0.57470703125 0.4296875 0.015625 0.0283203125
0 0.73486328125 0.67529296875 0.0166015625 0.0302734375
0 0.80419921875 0.724609375 0.0146484375 0.02734375
0 0.455078125 0.9580078125 0.01953125 0.0341796875
0 0.53369140625 0.26806640625 0.0166015625 0.0263671875
0 0.326171875 0.5283203125 0.0146484375 0.025390625
0 0.51513671875 0.5263671875 0.013671875 0.02734375
0 0.18505859375 0.42626953125 0.013671875 0.0234375
0 0.92578125 0.4697265625 0.013671875 0.0263671875
0 0.5029296875 0.2822265625 0.015625 0.0205078125
0 0.8173828125 0.4501953125 0.013671875 0.025390625
0 0.83447265625 0.751953125 0.0166015625 0.03125
0 0.31689453125 0.470703125 0.0166015625 0.0341796875
0 0.33251953125 0.31884765625 0.013671875 0.0185546875
0 0.74267578125 0.38232421875 0.01171875 0.0234375
0 0.52587890625 0.3310546875 0.013671875 0.0263671875
0 0.29541015625 0.51416015625 0.015625 0.021484375
0 0.447265625 0.53125 0.0146484375 0.03125
0 0.31884765625 0.6376953125 0.0166015625 0.029296875
0 0.892578125 0.72119140625 0.0146484375 0.029296875
0 0.388671875 0.68896484375 0.013671875 0.0263671875
0 0.298828125 0.4833984375 0.0166015625 0.0302734375
0 0.64453125 0.2021484375 0.01171875 0.0166015625
0 0.66796875 0.3994140625 0.013671875 0.015625
0 0.43017578125 0.56494140625 0.0146484375 0.0302734375
0 0.90673828125 0.732421875 0.0146484375 0.02734375
0 0.37646484375 0.27099609375 0.013671875 0.0224609375
0 0.7275390625 0.36669921875 0.01171875 0.01953125
0 0.73681640625 0.900390625 0.0205078125 0.03515625
0 0.74951171875 0.23583984375 0.009765625 0.0205078125
0 0.50048828125 0.72021484375 0.0166015625 0.0341796875
0 0.931640625 0.7607421875 0.013671875 0.02734375
0 0.39404296875 0.8525390625 0.015625 0.0283203125
0 0.27099609375 0.6416015625 0.0146484375 0.0234375
0 0.3486328125 0.36669921875 0.01171875 0.0234375
0 0.89697265625 0.93115234375 0.0166015625 0.033203125
0 0.669921875 0.8564453125 0.0166015625 0.0341796875
0 0.73583984375 0.37939453125 0.01171875 0.017578125
0 0.78125 0.85498046875 0.017578125 0.0380859375
0 0.36572265625 0.56591796875 0.015625 0.033203125
0 0.79150390625 0.42626953125 0.0107421875 0.0185546875
0 0.822265625 0.72607421875 0.0146484375 0.025390625
0 0.54833984375 0.77294921875 0.0126953125 0.0224609375
0 0.306640625 0.4873046875 0.0146484375 0.025390625
0 0.6923828125 0.83251953125 0.0166015625 0.037109375
0 0.8466796875 0.66845703125 0.013671875 0.0283203125
0 0.326171875 0.79931640625 0.021484375 0.0390625
0 0.82666015625 0.71826171875 0.015625 0.029296875
0 0.61181640625 0.7587890625 0.015625 0.033203125
0 0.65966796875 0.85498046875 0.017578125 0.0322265625
0 0.5361328125 0.49267578125 0.0126953125 0.025390625
0 0.9921875 0.5712890625 0.0126953125 0.02734375
0 0.52734375 0.27734375 0.013671875 0.021484375
0 0.2568359375 0.48193359375 0.01171875 0.017578125
0 0.70068359375 0.9873046875 0.0166015625 0.025390625
0 0.1201171875 0.3974609375 0.0263671875 0.02734375
0 0.2939453125 0.5361328125 0.0166015625 0.01953125
0 0.6767578125 0.97412109375 0.0263671875 0.0380859375
0 0.6796875 0.34130859375 0.01171875 0.01953125
0 0.54541015625 0.7861328125 0.013671875 0.0263671875
0 0.36181640625 0.36376953125 0.013671875 0.0283203125
0 0.70654296875 0.703125 0.013671875 0.029296875
0 0.7861328125 0.68798828125 0.0126953125 0.021484375
0 0.48095703125 0.7841796875 0.01953125 0.0361328125
0 0.27734375 0.42626953125 0.0146484375 0.0302734375
0 0.71826171875 0.66357421875 0.015625 0.03125
0 0.57177734375 0.9453125 0.0146484375 0.025390625
0 0.07421875 0.30908203125 0.0146484375 0.0283203125
0 0.50732421875 0.68310546875 0.015625 0.0322265625
0 0.88037109375 0.9833984375 0.0185546875 0.033203125
0 0.7109375 0.37353515625 0.0126953125 0.0244140625
0 0.6640625 0.29931640625 0.009765625 0.01953125
0 0.57373046875 0.93310546875 0.0185546875 0.02734375
0 0.634765625 0.8154296875 0.0146484375 0.0322265625
0 0.89794921875 0.58056640625 0.01171875 0.017578125
0 0.0673828125 0.27197265625 0.0166015625 0.021484375
0 0.4755859375 0.80078125 0.021484375 0.03125
0 0.37646484375 0.8544921875 0.0185546875 0.041015625