0 0.263671875 0.24951171875 0.03369140625 0.0927734375
0 0.92431640625 0.19482421875 0.05859375 0.076171875
0 0.197265625 0.169921875 0.0595703125 0.07177734375
0 0.4892578125 0.13330078125 0.06005859375 0.06787109375
0 0.60986328125 0.64990234375 0.0947265625 0.16943359375
0 0.375 0.0537109375 0.05810546875 0.06005859375
0 0.64208984375 0.1259765625 0.041015625 0.04296875
0 0.89404296875 0.06884765625 0.05029296875 0.04052734375
0 0.0390625 0.109375 0.05224609375 0.06201171875
0 0.9169921875 0.275390625 0.08984375 0.0947265625
0 0.763671875 0.080078125 0.06689453125 0.072265625
0 0.314453125 0.033203125 0.03955078125 0.0419921875
0 0.58837890625 0.28564453125 0.068359375 0.0537109375
0 0.0234375 0.17822265625 0.046875 0.064453125
0 0.01953125 0.40380859375 0.0390625 0.0869140625
0 0.2333984375 0.69775390625 0.0947265625 0.0791015625
0 0.61279296875 0.77001953125 0.05859375 0.19580078125
0 0.87353515625 0.66015625 0.14599609375 0.14892578125
0 0.23486328125 0.2138671875 0.05029296875 0.03466796875
0 0.0908203125 0.0556640625 0.03955078125 0.0556640625
0 0.39501953125 0.1162109375 0.03173828125 0.06689453125
0 0.41796875 0.015625 0.05078125 0.03125
0 0.1572265625 0.337890625 0.04541015625 0.1142578125
0 0.67578125 0.47412109375 0.10205078125 0.1181640625
0 0.3251953125 0.01806640625 0.0322265625 0.03515625
0 0.423828125 0.6943359375 0.10595703125 0.16259765625
0 0.2919921875 0.408203125 0.0419921875 0.09326171875
0 0.15234375 0.01416015625 0.0400390625 0.0283203125
0 0.3134765625 0.77587890625 0.11474609375 0.16259765625
0 0.0546875 0.4462890625 0.06494140625 0.130859375
0 0.57861328125 0.572265625 0.06201171875 0.17236328125
0 0.99169921875 0.12890625 0.01611328125 0.07275390625
0 0.96630859375 0.978515625 0.0673828125 0.0390625
0 0.5703125 0.0146484375 0.02880859375 0.02880859375
0 0.29248046875 0.087890625 0.0322265625 0.0380859375
0 0.08740234375 0.0068359375 0.02392578125 0.013671875
0 0.82421875 0.00732421875 0.0322265625 0.0146484375
0 0.8798828125 0.06201171875 0.0205078125 0.0263671875