0 0.13623046875 0.16015625 0.080078125 0.099609375
0 0.26708984375 0.125 0.119140625 0.1240234375
0 0.0341796875 0.1337890625 0.068359375 0.083984375
0 0.4296875 0.6611328125 0.15625 0.193359375
0 0.056640625 0.29248046875 0.091796875 0.1357421875
0 0.50732421875 0.0302734375 0.0517578125 0.060546875
0 0.515625 0.1669921875 0.1142578125 0.125
0 0.1689453125 0.712890625 0.173828125 0.1416015625
0 0.45166015625 0.021484375 0.0673828125 0.04296875
0 0.533203125 0.025390625 0.04296875 0.05078125
0 0.8017578125 0.6728515625 0.115234375 0.208984375
0 0.0107421875 0.12353515625 0.021484375 0.0478515625