0 0.22216796875 0.13232421875 0.11572265625 0.07373046875
0 0.330078125 0.736328125 0.0791015625 0.068359375
0 0.59716796875 0.59619140625 0.080078125 0.08935546875
0 0.40966796875 0.953125 0.0771484375 0.0830078125
0 0.13818359375 0.951171875 0.04443359375 0.09716796875
0 0.634765625 0.037109375 0.0869140625 0.07177734375
0 0.228515625 0.9697265625 0.08642578125 0.06005859375
0 0.04296875 0.478515625 0.08251953125 0.1005859375
0 0.0458984375 0.9697265625 0.060546875 0.060546875
0 0.49560546875 0.58056640625 0.087890625 0.09716796875
0 0.02197265625 0.14794921875 0.0439453125 0.06787109375