0 0.986328125 0.53515625 0.013671875 0.0234375
0 0.978515625 0.56591796875 0.0146484375 0.0224609375
0 0.544921875 0.7734375 0.0224609375 0.021484375
0 0.38720703125 0.96728515625 0.0234375 0.0244140625
0 0.53515625 0.69287109375 0.0166015625 0.0234375
0 0.49609375 0.810546875 0.0185546875 0.025390625
0 0.55322265625 0.72021484375 0.0185546875 0.0205078125
0 0.837890625 0.65771484375 0.0185546875 0.021484375
0 0.32958984375 0.82568359375 0.017578125 0.025390625
0 0.8857421875 0.54296875 0.013671875 0.021484375
0 0.580078125 0.85009765625 0.0234375 0.0205078125
0 0.4150390625 0.75537109375 0.015625 0.0244140625
0 0.3779296875 0.8603515625 0.0166015625 0.0234375
0 0.61083984375 0.86376953125 0.017578125 0.01953125
0 0.30029296875 0.91162109375 0.021484375 0.0263671875
0 0.240234375 0.93603515625 0.0234375 0.0302734375
0 0.2822265625 0.88525390625 0.01953125 0.02734375
0 0.56689453125 0.765625 0.0166015625 0.0224609375
0 0.96142578125 0.37890625 0.0126953125 0.0205078125
0 0.8603515625 0.625 0.0166015625 0.0224609375
0 0.41015625 0.79345703125 0.015625 0.0263671875
0 0.9462890625 0.52880859375 0.0126953125 0.0224609375
0 0.904296875 0.42724609375 0.0126953125 0.021484375
0 0.2958984375 0.9609375 0.01953125 0.0341796875
0 0.90771484375 0.39013671875 0.013671875 0.0224609375
0 0.62109375 0.7451171875 0.013671875 0.0263671875
0 0.8310546875 0.58154296875 0.017578125 0.021484375
0 0.99169921875 0.51025390625 0.0166015625 0.0224609375
0 0.89013671875 0.67822265625 0.0146484375 0.0302734375
0 0.443359375 0.72265625 0.015625 0.013671875
0 0.7744140625 0.42333984375 0.01171875 0.0205078125
0 0.8251953125 0.8037109375 0.0126953125 0.025390625
0 0.34033203125 0.94384765625 0.0185546875 0.025390625
0 0.9755859375 0.39453125 0.0146484375 0.021484375
0 0.74755859375 0.6455078125 0.015625 0.0244140625
0 0.453125 0.7724609375 0.017578125 0.0146484375
0 0.263671875 0.98876953125 0.021484375 0.017578125
0 0.56201171875 0.69091796875 0.0126953125 0.0224609375
0 0.45458984375 0.7958984375 0.0146484375 0.01953125
0 0.9873046875 0.6240234375 0.01171875 0.0263671875
0 0.38671875 0.7412109375 0.0126953125 0.013671875
0 0.9130859375 0.5 0.01171875 0.021484375
0 0.92138671875 0.38818359375 0.0087890625 0.0205078125
0 0.96875 0.412109375 0.0107421875 0.0224609375
0 0.708984375 0.46728515625 0.01171875 0.021484375
0 0.99365234375 0.408203125 0.005859375 0.0185546875
0 0.1376953125 0.7646484375 0.02734375 0.0234375
0 0.56005859375 0.99072265625 0.0234375 0.013671875
0 0.87451171875 0.5244140625 0.0107421875 0.0234375
0 0.75244140625 0.5029296875 0.013671875 0.0244140625
0 0.32373046875 0.984375 0.0224609375 0.0234375
0 0.869140625 0.43310546875 0.015625 0.01953125
0 0.92333984375 0.51904296875 0.0107421875 0.0224609375
0 0.52001953125 0.728515625 0.0126953125 0.0166015625
0 0.60009765625 0.513671875 0.0185546875 0.021484375
0 0.8544921875 0.3935546875 0.01171875 0.021484375
0 0.49951171875 0.62255859375 0.0146484375 0.0244140625
0 0.4306640625 0.75048828125 0.0126953125 0.015625
0 0.7431640625 0.70458984375 0.01171875 0.0234375
0 0.83056640625 0.42041015625 0.009765625 0.0166015625
0 0.84716796875 0.61279296875 0.0146484375 0.017578125
0 0.4658203125 0.673828125 0.021484375 0.0185546875
0 0.71728515625 0.56982421875 0.015625 0.0205078125
0 0.6923828125 0.75439453125 0.013671875 0.02734375
0 0.9091796875 0.76318359375 0.01171875 0.01953125
0 0.2353515625 0.80810546875 0.0224609375 0.01953125
0 0.4833984375 0.705078125 0.0146484375 0.0263671875
0 0.4599609375 0.69921875 0.0166015625 0.015625
0 0.85107421875 0.7158203125 0.01171875 0.029296875
0 0.72412109375 0.47265625 0.009765625 0.0205078125
0 0.796875 0.546875 0.0107421875 0.021484375
0 0.3134765625 0.9736328125 0.0224609375 0.0234375
0 0.74755859375 0.47314453125 0.021484375 0.0361328125
0 0.6396484375 0.49755859375 0.017578125 0.021484375
0 0.99267578125 0.64453125 0.0087890625 0.01953125
0 0.9951171875 0.662109375 0.009765625 0.0234375
0 0.95166015625 0.4228515625 0.009765625 0.0234375
0 0.751953125 0.6357421875 0.013671875 0.0244140625