0 0.59814453125 0.08056640625 0.04150390625 0.0634765625
0 0.10205078125 0.04638671875 0.05029296875 0.0537109375
0 0.5380859375 0.50244140625 0.10205078125 0.10888671875
0 0.56396484375 0.3583984375 0.0732421875 0.1025390625
0 0.84130859375 0.59375 0.11572265625 0.11328125
0 0.14599609375 0.9619140625 0.1240234375 0.072265625
0 0.529296875 0.15185546875 0.0693359375 0.0732421875
0 0.97314453125 0.34765625 0.0537109375 0.09375
0 0.61865234375 0.02978515625 0.0537109375 0.05908203125
0 0.06494140625 0.02783203125 0.03564453125 0.05517578125
0 0.0185546875 0.31884765625 0.037109375 0.08642578125
0 0.6025390625 0.03466796875 0.0205078125 0.0390625
0 0.5537109375 0.1337890625 0.01904296875 0.033203125
0 0.86865234375 0.56396484375 0.0556640625 0.048828125