0 0.90771484375 0.484375 0.01171875 0.01806640625
0 0.7783203125 0.79345703125 0.01171875 0.02392578125
0 0.82470703125 0.72607421875 0.0087890625 0.021484375
0 0.77880859375 0.8486328125 0.00927734375 0.02294921875
0 0.99755859375 0.43408203125 0.00439453125 0.0166015625
0 0.7861328125 0.8115234375 0.009765625 0.0234375
0 0.76416015625 0.97900390625 0.00927734375 0.02734375
0 0.7900390625 0.953125 0.0087890625 0.0224609375
0 0.81494140625 0.69091796875 0.01318359375 0.02294921875
0 0.87451171875 0.51513671875 0.01025390625 0.017578125
0 0.84375 0.95068359375 0.01220703125 0.01953125
0 0.93310546875 0.6494140625 0.01513671875 0.01513671875
0 0.9072265625 0.71728515625 0.01171875 0.01806640625
0 0.72412109375 0.9697265625 0.009765625 0.0244140625
0 0.91845703125 0.61767578125 0.013671875 0.02001953125
0 0.94189453125 0.99072265625 0.0068359375 0.0185546875
0 0.93115234375 0.46337890625 0.017578125 0.0234375