0 0.66943359375 0.20068359375 0.03125 0.056640625
0 0.607421875 0.3720703125 0.0244140625 0.0400390625
0 0.70458984375 0.6982421875 0.0234375 0.04296875
0 0.775390625 0.189453125 0.029296875 0.044921875
0 0.64892578125 0.27197265625 0.0234375 0.044921875
0 0.53369140625 0.501953125 0.033203125 0.0341796875
0 0.51513671875 0.7783203125 0.0244140625 0.0439453125
0 0.84130859375 0.2041015625 0.0322265625 0.0400390625
0 0.47802734375 0.9482421875 0.0283203125 0.0400390625
0 0.509765625 0.58203125 0.0244140625 0.041015625
0 0.6611328125 0.8173828125 0.0205078125 0.0263671875
0 0.97021484375 0.4521484375 0.0341796875 0.0341796875
0 0.9306640625 0.56689453125 0.0224609375 0.048828125
0 0.64013671875 0.21826171875 0.025390625 0.0419921875
0 0.57666015625 0.6396484375 0.01953125 0.0380859375
0 0.5703125 0.9443359375 0.0283203125 0.0546875
0 0.83154296875 0.74609375 0.0341796875 0.0390625
0 0.548828125 0.3212890625 0.015625 0.0380859375
0 0.81787109375 0.5537109375 0.0234375 0.0517578125
0 0.71923828125 0.97607421875 0.0205078125 0.03515625
0 0.78173828125 0.98095703125 0.0205078125 0.0380859375
0 0.73974609375 0.3955078125 0.0244140625 0.0478515625
0 0.79052734375 0.6748046875 0.021484375 0.0244140625
0 0.693359375 0.62744140625 0.0224609375 0.05078125
0 0.66650390625 0.97412109375 0.0283203125 0.0517578125
0 0.8642578125 0.8046875 0.0166015625 0.037109375
0 0.76611328125 0.72021484375 0.02734375 0.0478515625
0 0.47705078125 0.5224609375 0.025390625 0.046875
0 0.9150390625 0.5166015625 0.03515625 0.0419921875
0 0.6640625 0.61279296875 0.033203125 0.048828125
0 0.724609375 0.26611328125 0.021484375 0.048828125
0 0.72705078125 0.810546875 0.0283203125 0.0390625
0 0.65966796875 0.88671875 0.0234375 0.0263671875
0 0.9267578125 0.98974609375 0.0234375 0.0205078125
0 0.6103515625 0.8232421875 0.0205078125 0.0400390625
0 0.91552734375 0.92724609375 0.02734375 0.0517578125
0 0.65771484375 0.3994140625 0.0263671875 0.0283203125
0 0.91064453125 0.96142578125 0.0322265625 0.04296875
0 0.69189453125 0.5 0.03125 0.0400390625
0 0.6220703125 0.4853515625 0.03515625 0.037109375
0 0.63623046875 0.89306640625 0.02734375 0.0419921875
0 0.73876953125 0.94189453125 0.01953125 0.0517578125
0 0.7236328125 0.9169921875 0.0234375 0.0537109375
0 0.84814453125 0.5732421875 0.0224609375 0.0595703125
0 0.94873046875 0.82861328125 0.01953125 0.0263671875
0 0.93994140625 0.248046875 0.021484375 0.0439453125
0 0.833984375 0.60595703125 0.0234375 0.0400390625
0 0.98095703125 0.3037109375 0.0380859375 0.0546875
0 0.91552734375 0.53759765625 0.0341796875 0.0361328125
0 0.75537109375 0.259765625 0.0126953125 0.0361328125
0 0.9541015625 0.3095703125 0.0283203125 0.048828125
0 0.01513671875 0.81494140625 0.025390625 0.0263671875
0 0.53369140625 0.34033203125 0.01953125 0.0263671875