0 0.24658203125 0.7578125 0.017578125 0.025390625
0 0.3359375 0.85400390625 0.01953125 0.0205078125
0 0.3759765625 0.935546875 0.01953125 0.0234375
0 0.30859375 0.95654296875 0.015625 0.0302734375
0 0.328125 0.904296875 0.0205078125 0.0224609375
0 0.05419921875 0.32666015625 0.0146484375 0.0166015625
0 0.2236328125 0.93408203125 0.0205078125 0.0234375
0 0.05615234375 0.29296875 0.0126953125 0.015625
0 0.37548828125 0.90869140625 0.0146484375 0.0244140625
0 0.29052734375 0.828125 0.0205078125 0.0205078125
0 0.27001953125 0.9228515625 0.015625 0.0205078125
0 0.03564453125 0.3134765625 0.013671875 0.017578125
0 0.00537109375 0.36376953125 0.0107421875 0.0166015625
0 0.11865234375 0.30126953125 0.0166015625 0.017578125
0 0.18994140625 0.35693359375 0.017578125 0.0185546875
0 0.1533203125 0.3603515625 0.015625 0.0185546875
0 0.208984375 0.71044921875 0.0185546875 0.0224609375
0 0.2744140625 0.83642578125 0.01953125 0.0234375
0 0.251953125 0.7802734375 0.021484375 0.0234375
0 0.03125 0.43798828125 0.0146484375 0.0166015625
0 0.22265625 0.8984375 0.01953125 0.021484375
0 0.1943359375 0.33740234375 0.0146484375 0.0185546875
0 0.13427734375 0.34228515625 0.013671875 0.0166015625
0 0.17626953125 0.658203125 0.0185546875 0.0224609375
0 0.28564453125 0.8095703125 0.01953125 0.021484375
0 0.1875 0.40966796875 0.015625 0.015625
0 0.27294921875 0.96728515625 0.0224609375 0.0263671875
0 0.109375 0.408203125 0.013671875 0.0166015625
0 0.18017578125 0.38720703125 0.0166015625 0.0166015625
0 0.00244140625 0.4697265625 0.0048828125 0.01953125
0 0.19921875 0.7490234375 0.01953125 0.0244140625
0 0.16796875 0.29931640625 0.013671875 0.0185546875
0 0.20751953125 0.87158203125 0.01953125 0.021484375
0 0.14501953125 0.46533203125 0.015625 0.01953125
0 0.00146484375 0.283203125 0.0029296875 0.015625
0 0.0546875 0.58349609375 0.015625 0.017578125
0 0.171875 0.31982421875 0.0126953125 0.015625
0 0.09765625 0.48876953125 0.013671875 0.0185546875
0 0.20263671875 0.38525390625 0.015625 0.01953125
0 0.1552734375 0.310546875 0.0146484375 0.0166015625
0 0.0888671875 0.392578125 0.0146484375 0.017578125
0 0.21728515625 0.5185546875 0.017578125 0.0185546875
0 0.05810546875 0.39599609375 0.013671875 0.015625
0 0.19140625 0.7939453125 0.01953125 0.025390625
0 0.095703125 0.82470703125 0.0185546875 0.0205078125
0 0.099609375 0.875 0.017578125 0.0263671875
0 0.13525390625 0.32421875 0.0146484375 0.017578125
0 0.21435546875 0.396484375 0.0107421875 0.0185546875
0 0.015625 0.45849609375 0.0166015625 0.017578125
0 0.27099609375 0.6142578125 0.01171875 0.02734375
0 0.10009765625 0.37744140625 0.015625 0.015625
0 0.17578125 0.447265625 0.0166015625 0.0185546875
0 0.09033203125 0.46240234375 0.015625 0.0166015625
0 0.1611328125 0.986328125 0.0234375 0.025390625
0 0.15869140625 0.84765625 0.0185546875 0.0224609375
0 0.12548828125 0.48974609375 0.015625 0.021484375
0 0.03076171875 0.5078125 0.0185546875 0.0205078125
0 0.10498046875 0.3359375 0.01171875 0.0224609375
0 0.26123046875 0.57763671875 0.017578125 0.0205078125
0 0.0478515625 0.46533203125 0.013671875 0.01953125
0 0.2392578125 0.62548828125 0.0185546875 0.0244140625
0 0.275390625 0.59375 0.013671875 0.0234375
0 0.1669921875 0.59716796875 0.01171875 0.015625
0 0.20654296875 0.64208984375 0.017578125 0.0234375
0 0.158203125 0.32421875 0.013671875 0.017578125
0 0.11328125 0.470703125 0.015625 0.0166015625
0 0.14794921875 0.4296875 0.0185546875 0.017578125
0 0.09912109375 0.5576171875 0.017578125 0.0205078125
0 0.08349609375 0.65576171875 0.0185546875 0.01953125
0 0.22216796875 0.4462890625 0.015625 0.0185546875
0 0.02392578125 0.5263671875 0.0166015625 0.015625
0 0.06298828125 0.3779296875 0.013671875 0.0146484375
0 0.185546875 0.48828125 0.013671875 0.0234375
0 0.2470703125 0.962890625 0.01953125 0.0234375
0 0.03515625 0.4794921875 0.01171875 0.0234375
0 0.26171875 0.5546875 0.0166015625 0.01953125
0 0.24853515625 0.61865234375 0.0126953125 0.0234375
0 0.17626953125 0.74169921875 0.0185546875 0.021484375
0 0.16064453125 0.767578125 0.0205078125 0.0205078125
0 0.15966796875 0.421875 0.017578125 0.0166015625
0 0.15869140625 0.7080078125 0.0205078125 0.0224609375
0 0.15625 0.8759765625 0.0234375 0.0244140625
0 0.07666015625 0.60400390625 0.017578125 0.021484375
0 0.23095703125 0.591796875 0.0126953125 0.015625
0 0.23486328125 0.9599609375 0.0205078125 0.0234375
0 0.20263671875 0.625 0.017578125 0.0224609375
0 0.1484375 0.904296875 0.0205078125 0.0234375
0 0.08056640625 0.3505859375 0.0166015625 0.0185546875
0 0.1982421875 0.54345703125 0.0185546875 0.017578125
0 0.064453125 0.677734375 0.0146484375 0.0205078125
0 0.142578125 0.60107421875 0.0146484375 0.017578125
0 0.23828125 0.85302734375 0.0224609375 0.01953125
0 0.20849609375 0.609375 0.017578125 0.0185546875
0 0.06689453125 0.75927734375 0.01953125 0.0244140625
0 0.15673828125 0.54541015625 0.0205078125 0.0205078125
0 0.26318359375 0.54052734375 0.0126953125 0.0224609375
0 0.080078125 0.787109375 0.0205078125 0.025390625
0 0.09912109375 0.607421875 0.0185546875 0.01953125
0 0.11474609375 0.56982421875 0.015625 0.0185546875
0 0.17431640625 0.9736328125 0.021484375 0.0244140625
0 0.24951171875 0.4951171875 0.01171875 0.0224609375
0 0.1201171875 0.6953125 0.01953125 0.0205078125
0 0.13720703125 0.5546875 0.0166015625 0.0185546875
0 0.1982421875 0.4833984375 0.0126953125 0.01953125
0 0.23779296875 0.4658203125 0.0107421875 0.021484375
0 0.1064453125 0.9873046875 0.017578125 0.021484375
0 0.1474609375 0.990234375 0.0234375 0.01953125
0 0.13525390625 0.6943359375 0.01953125 0.0224609375
0 0.22998046875 0.44091796875 0.0107421875 0.0166015625
0 0.17626953125 0.47900390625 0.01171875 0.0146484375
0 0.05078125 0.72265625 0.017578125 0.0234375
0 0.1513671875 0.583984375 0.013671875 0.0205078125
0 0.0615234375 0.73681640625 0.017578125 0.0224609375
0 0.10107421875 0.728515625 0.0185546875 0.021484375
0 0.224609375 0.5791015625 0.0205078125 0.0205078125
0 0.2177734375 0.48193359375 0.0126953125 0.02734375
0 0.1640625 0.99658203125 0.0234375 0.0068359375
0 0.1396484375 0.5732421875 0.015625 0.01953125
0 0.0732421875 0.36181640625 0.0146484375 0.0166015625
0 0.10009765625 0.59423828125 0.017578125 0.017578125
0 0.23486328125 0.5517578125 0.0107421875 0.0185546875
0 0.08203125 0.73486328125 0.0205078125 0.0205078125
0 0.14697265625 0.5361328125 0.017578125 0.021484375
0 0.0703125 0.591796875 0.0166015625 0.0185546875
0 0.06591796875 0.46435546875 0.0185546875 0.01953125
0 0.0595703125 0.7001953125 0.017578125 0.021484375
0 0.0986328125 0.77490234375 0.0205078125 0.0224609375
0 0.12890625 0.771484375 0.0205078125 0.0224609375
0 0.103515625 0.94140625 0.0224609375 0.0234375
0 0.12060546875 0.89697265625 0.01953125 0.0244140625
0 0.0693359375 0.4453125 0.0166015625 0.0166015625
0 0.10546875 0.9013671875 0.0224609375 0.025390625
0 0.12060546875 0.919921875 0.021484375 0.02734375
0 0.13232421875 0.724609375 0.017578125 0.0234375
0 0.14501953125 0.7470703125 0.01953125 0.0244140625
0 0.1328125 0.935546875 0.0224609375 0.021484375
0 0.12255859375 0.7607421875 0.01953125 0.021484375
0 0.09814453125 0.9609375 0.0126953125 0.0185546875
0 0.25390625 0.5068359375 0.013671875 0.0244140625
0 0.08056640625 0.44189453125 0.01953125 0.0185546875
0 0.08447265625 0.275390625 0.0205078125 0.0205078125
0 0.134765625 0.9560546875 0.0205078125 0.0283203125
0 0.24609375 0.8642578125 0.0263671875 0.0244140625
0 0.14306640625 0.734375 0.01953125 0.0234375
0 0.09375 0.94189453125 0.0146484375 0.0244140625
0 0.02734375 0.537109375 0.017578125 0.017578125