0 0.423828125 0.92041015625 0.0595703125 0.0546875
0 0.36767578125 0.75341796875 0.0361328125 0.033203125
0 0.16650390625 0.6865234375 0.0283203125 0.0283203125
0 0.2373046875 0.708984375 0.02734375 0.0283203125
0 0.06298828125 0.9794921875 0.0439453125 0.041015625
0 0.14404296875 0.81103515625 0.0234375 0.0361328125
0 0.04638671875 0.7861328125 0.03125 0.033203125
0 0.9375 0.859375 0.0537109375 0.0517578125
0 0.46533203125 0.8916015625 0.04296875 0.046875
0 0.166015625 0.81884765625 0.033203125 0.0361328125
0 0.53271484375 0.9248046875 0.0517578125 0.0546875
0 0.78173828125 0.83544921875 0.0439453125 0.041015625
0 0.140625 0.720703125 0.029296875 0.0283203125
0 0.71630859375 0.73828125 0.0341796875 0.0361328125
0 0.08837890625 0.7900390625 0.0302734375 0.03125
0 0.9453125 0.79052734375 0.0498046875 0.05078125
0 0.05029296875 0.73046875 0.0283203125 0.0322265625
0 0.14697265625 0.736328125 0.0244140625 0.033203125
0 0.06787109375 0.70947265625 0.0244140625 0.02734375
0 0.2294921875 0.72021484375 0.01953125 0.017578125
0 0.27001953125 0.7265625 0.025390625 0.03125
0 0.03515625 0.8388671875 0.017578125 0.03515625
0 0.04833984375 0.9287109375 0.029296875 0.044921875
0 0.45751953125 0.7978515625 0.02734375 0.0361328125
0 0.2431640625 0.73974609375 0.0322265625 0.033203125
0 0.20849609375 0.7568359375 0.0283203125 0.0224609375
0 0.03955078125 0.69677734375 0.0244140625 0.025390625
0 0.16064453125 0.90234375 0.0400390625 0.048828125
0 0.8369140625 0.7666015625 0.02734375 0.041015625
0 0.47607421875 0.775390625 0.03125 0.0400390625
0 0.41064453125 0.8271484375 0.041015625 0.0419921875
0 0.1103515625 0.7421875 0.0234375 0.0185546875
0 0.81689453125 0.85107421875 0.021484375 0.0458984375
0 0.166015625 0.74755859375 0.0224609375 0.0322265625
0 0.66357421875 0.85302734375 0.0478515625 0.0537109375
0 0.20751953125 0.7041015625 0.017578125 0.0107421875
0 0.1064453125 0.6162109375 0.01953125 0.0234375
0 0.8515625 0.833984375 0.0732421875 0.03125
0 0.05859375 0.62451171875 0.01953125 0.0205078125
0 0.10107421875 0.62158203125 0.0126953125 0.015625
0 0.83935546875 0.8681640625 0.0380859375 0.021484375
0 0.08251953125 0.62158203125 0.0166015625 0.0205078125
0 0.58154296875 0.7080078125 0.015625 0.0166015625