0 0.30859375 0.30419921875 0.04296875 0.05078125
0 0.169921875 0.28076171875 0.044921875 0.0732421875
0 0.51611328125 0.62646484375 0.046875 0.04296875
0 0.15283203125 0.8779296875 0.0419921875 0.056640625
0 0.279296875 0.55859375 0.05078125 0.048828125
0 0.20166015625 0.734375 0.0390625 0.0517578125
0 0.06494140625 0.42138671875 0.0458984375 0.0390625
0 0.25146484375 0.69140625 0.0263671875 0.0537109375
0 0.24365234375 0.755859375 0.0419921875 0.046875
0 0.19091796875 0.5703125 0.0458984375 0.048828125
0 0.046875 0.73828125 0.0341796875 0.04296875
0 0.20458984375 0.39892578125 0.0380859375 0.0322265625
0 0.0849609375 0.52392578125 0.048828125 0.05078125
0 0.07275390625 0.8388671875 0.0400390625 0.056640625
0 0.34326171875 0.0615234375 0.0537109375 0.0517578125
0 0.65380859375 0.1279296875 0.05859375 0.05078125
0 0.28466796875 0.18701171875 0.0498046875 0.0498046875
0 0.283203125 0.0322265625 0.044921875 0.064453125
0 0.67041015625 0.1982421875 0.052734375 0.044921875
0 0.4091796875 0.0126953125 0.046875 0.025390625
0 0.6953125 0.2294921875 0.046875 0.0458984375
0 0.37939453125 0.01025390625 0.0478515625 0.0205078125
0 0.53369140625 0.009765625 0.0302734375 0.01953125
0 0.7177734375 0.05078125 0.03125 0.02734375
0 0.17236328125 0.01025390625 0.0498046875 0.0205078125