0 0.16650390625 0.60009765625 0.025390625 0.025390625
0 0.23828125 0.63427734375 0.0205078125 0.021484375
0 0.25390625 0.41455078125 0.01953125 0.0283203125
0 0.31640625 0.38916015625 0.0166015625 0.03125
0 0.259765625 0.5888671875 0.015625 0.0283203125
0 0.43896484375 0.21533203125 0.017578125 0.0341796875
0 0.4130859375 0.19580078125 0.0185546875 0.0224609375
0 0.4853515625 0.146484375 0.0146484375 0.029296875
0 0.16455078125 0.64208984375 0.0146484375 0.0341796875
0 0.48876953125 0.1884765625 0.0224609375 0.03515625
0 0.39111328125 0.28173828125 0.0146484375 0.033203125
0 0.49072265625 0.16796875 0.0146484375 0.021484375
0 0.439453125 0.181640625 0.015625 0.0263671875
0 0.49072265625 0.11328125 0.0185546875 0.037109375
0 0.34765625 0.203125 0.0166015625 0.0322265625
0 0.5009765625 0.17919921875 0.0087890625 0.013671875
0 0.4970703125 0.00244140625 0.009765625 0.0048828125