0 0.9365234375 0.251953125 0.01611328125 0.08154296875
0 0.70751953125 0.46728515625 0.0302734375 0.03857421875
0 0.8828125 0.380859375 0.0234375 0.07421875
0 0.90234375 0.279296875 0.0166015625 0.08642578125
0 0.89697265625 0.0400390625 0.021484375 0.07470703125
0 0.86083984375 0.03076171875 0.0166015625 0.0615234375
0 0.6298828125 0.474609375 0.01416015625 0.05126953125
0 0.8447265625 0.12548828125 0.02490234375 0.08447265625
0 0.763671875 0.18115234375 0.01416015625 0.0751953125
0 0.58837890625 0.57177734375 0.017578125 0.06103515625
0 0.87890625 0.4970703125 0.0205078125 0.08251953125
0 0.685546875 0.55224609375 0.0146484375 0.07373046875
0 0.853515625 0.2958984375 0.0244140625 0.08447265625
0 0.810546875 0.15771484375 0.0185546875 0.080078125
0 0.783203125 0.16943359375 0.015625 0.06982421875
0 0.8388671875 0.23046875 0.0322265625 0.06787109375
0 0.82958984375 0.0625 0.0146484375 0.05224609375
0 0.72119140625 0.2412109375 0.025390625 0.0888671875
0 0.82421875 0.0185546875 0.025390625 0.037109375
0 0.7919921875 0.126953125 0.01611328125 0.04931640625
0 0.71826171875 0.29833984375 0.0263671875 0.07421875