0 0.931640625 0.857421875 0.02392578125 0.0185546875
0 0.916015625 0.77099609375 0.0146484375 0.01953125
0 0.8701171875 0.86474609375 0.01708984375 0.02294921875
0 0.91650390625 0.87353515625 0.02197265625 0.0224609375
0 0.927734375 0.93994140625 0.0185546875 0.02880859375
0 0.83544921875 0.90087890625 0.0166015625 0.0234375
0 0.88134765625 0.78076171875 0.0166015625 0.021484375
0 0.8408203125 0.84130859375 0.0185546875 0.0224609375
0 0.861328125 0.82763671875 0.01904296875 0.02294921875
0 0.80517578125 0.91845703125 0.017578125 0.025390625
0 0.73681640625 0.9697265625 0.01904296875 0.02490234375
0 0.8203125 0.7958984375 0.0078125 0.01904296875
0 0.82080078125 0.91845703125 0.0205078125 0.02685546875
0 0.93212890625 0.99072265625 0.021484375 0.01611328125
0 0.97412109375 0.98193359375 0.02099609375 0.029296875
0 0.75439453125 0.92626953125 0.01123046875 0.0185546875
0 0.8203125 0.90185546875 0.015625 0.01708984375
0 0.84326171875 0.826171875 0.01171875 0.01611328125
0 0.92919921875 0.921875 0.013671875 0.01953125