0 0.1396484375 0.35205078125 0.0927734375 0.0888671875
0 0.3134765625 0.5693359375 0.0791015625 0.08203125
0 0.056640625 0.37939453125 0.0869140625 0.0966796875
0 0.24609375 0.25390625 0.0908203125 0.0869140625
0 0.29638671875 0.287109375 0.0703125 0.05859375
0 0.69140625 0.2529296875 0.0888671875 0.08984375
0 0.62548828125 0.01513671875 0.0537109375 0.0302734375
0 0.60205078125 0.189453125 0.0986328125 0.09375
0 0.86376953125 0.0126953125 0.0712890625 0.025390625
0 0.19287109375 0.1787109375 0.0732421875 0.0703125
0 0.77734375 0.69677734375 0.15234375 0.146484375
0 0.1650390625 0.3935546875 0.087890625 0.087890625
0 0.298828125 0.67041015625 0.111328125 0.1533203125
0 0.89013671875 0.89892578125 0.1435546875 0.076171875
0 0.32080078125 0.1171875 0.052734375 0.0625
0 0.07861328125 0.09912109375 0.05078125 0.0390625
0 0.02880859375 0.634765625 0.0341796875 0.064453125
0 0.93896484375 0.8310546875 0.1220703125 0.173828125
0 0.6513671875 0.88818359375 0.1865234375 0.1982421875
0 0.55029296875 0.23681640625 0.0556640625 0.0654296875