0 0.18603515625 0.77490234375 0.02685546875 0.033203125
0 0.18701171875 0.478515625 0.0205078125 0.0302734375
0 0.31103515625 0.224609375 0.01708984375 0.03515625
0 0.20654296875 0.6162109375 0.02490234375 0.02685546875
0 0.1474609375 0.45947265625 0.02587890625 0.0302734375
0 0.2138671875 0.8427734375 0.02685546875 0.0283203125
0 0.10009765625 0.85595703125 0.02392578125 0.04150390625
0 0.1953125 0.1201171875 0.01904296875 0.01708984375
0 0.095703125 0.44189453125 0.0244140625 0.03564453125
0 0.02294921875 0.38525390625 0.0224609375 0.0283203125
0 0.1748046875 0.2822265625 0.025390625 0.0322265625
0 0.19970703125 0.71875 0.02685546875 0.0283203125
0 0.20751953125 0.0380859375 0.02001953125 0.0234375
0 0.15576171875 0.10009765625 0.021484375 0.02392578125
0 0.07470703125 0.41259765625 0.02197265625 0.03466796875
0 0.05029296875 0.29296875 0.02587890625 0.0263671875
0 0.140625 0.32275390625 0.02685546875 0.01904296875
0 0.044921875 0.3984375 0.02099609375 0.02294921875
0 0.1796875 0.06884765625 0.02001953125 0.02490234375
0 0.09228515625 0.29541015625 0.025390625 0.0234375
0 0.14404296875 0.34228515625 0.02685546875 0.03466796875
0 0.13720703125 0.02734375 0.0185546875 0.0263671875
0 0.06201171875 0.2119140625 0.02587890625 0.0244140625
0 0.1669921875 0.2353515625 0.02392578125 0.0283203125
0 0.14111328125 0.65771484375 0.0322265625 0.03076171875
0 0.056640625 0.3408203125 0.0244140625 0.0263671875
0 0.10107421875 0.40625 0.02587890625 0.0322265625
0 0.03466796875 0.57666015625 0.02978515625 0.033203125
0 0.0302734375 0.15185546875 0.02294921875 0.02294921875
0 0.01123046875 0.0830078125 0.0224609375 0.0244140625
0 0.07275390625 0.24658203125 0.0234375 0.03125
0 0.07080078125 0.79443359375 0.029296875 0.0302734375
0 0.0087890625 0.36181640625 0.01708984375 0.0263671875
0 0.06591796875 0.18310546875 0.0244140625 0.0205078125
0 0.162109375 0.2109375 0.02490234375 0.02490234375
0 0.06494140625 0.36328125 0.0263671875 0.02490234375
0 0.0986328125 0.1826171875 0.02587890625 0.02294921875
0 0.1474609375 0.3955078125 0.02880859375 0.0283203125
0 0.005859375 0.1552734375 0.01171875 0.02197265625
0 0.1650390625 0.255859375 0.01416015625 0.03515625
0 0.09375 0.23388671875 0.025390625 0.02734375
0 0.27880859375 0.607421875 0.01318359375 0.05078125
0 0.29150390625 0.60986328125 0.01953125 0.0478515625
0 0.15966796875 0.02197265625 0.02392578125 0.0234375
0 0.00537109375 0.10986328125 0.01025390625 0.02197265625
0 0.072265625 0.23095703125 0.0185546875 0.02001953125