0 0.69091796875 0.7001953125 0.01953125 0.0341796875
0 0.4365234375 0.68212890625 0.0166015625 0.0263671875
0 0.412109375 0.7529296875 0.0107421875 0.021484375
0 0.6083984375 0.71044921875 0.013671875 0.0263671875
0 0.44873046875 0.96142578125 0.013671875 0.021484375
0 0.4501953125 0.81640625 0.013671875 0.025390625
0 0.54638671875 0.7744140625 0.0166015625 0.025390625
0 0.4931640625 0.755859375 0.01171875 0.021484375
0 0.45068359375 0.9326171875 0.013671875 0.0263671875
0 0.47119140625 0.97021484375 0.015625 0.0263671875
0 0.669921875 0.78662109375 0.017578125 0.0205078125
0 0.552734375 0.822265625 0.015625 0.025390625
0 0.65380859375 0.7431640625 0.015625 0.0244140625
0 0.50732421875 0.82568359375 0.01171875 0.0234375
0 0.501953125 0.79248046875 0.013671875 0.0224609375
0 0.6279296875 0.76318359375 0.013671875 0.0205078125
0 0.6611328125 0.8134765625 0.0107421875 0.0224609375
0 0.80908203125 0.80029296875 0.01171875 0.0234375
0 0.8779296875 0.85205078125 0.0107421875 0.0205078125
0 0.72705078125 0.77490234375 0.0205078125 0.037109375
0 0.6396484375 0.8857421875 0.0126953125 0.0205078125
0 0.4296875 0.7607421875 0.0146484375 0.0244140625
0 0.5078125 0.9794921875 0.0126953125 0.0205078125
0 0.72314453125 0.82421875 0.013671875 0.025390625
0 0.81689453125 0.9189453125 0.0126953125 0.021484375
0 0.8984375 0.8671875 0.01171875 0.0185546875
0 0.47802734375 0.94287109375 0.021484375 0.0283203125
0 0.84228515625 0.849609375 0.013671875 0.0224609375
0 0.60546875 0.83984375 0.0166015625 0.0244140625
0 0.8232421875 0.89111328125 0.013671875 0.021484375
0 0.7490234375 0.826171875 0.0146484375 0.0244140625
0 0.69091796875 0.8505859375 0.0146484375 0.0244140625
0 0.43359375 0.77197265625 0.021484375 0.037109375
0 0.49755859375 0.9052734375 0.013671875 0.0263671875
0 0.845703125 0.8955078125 0.0146484375 0.01953125
0 0.751953125 0.8583984375 0.0166015625 0.0263671875
0 0.5908203125 0.8447265625 0.0126953125 0.0224609375
0 0.87060546875 0.89501953125 0.0107421875 0.0205078125
0 0.48583984375 0.90576171875 0.015625 0.0234375
0 0.48388671875 0.89111328125 0.015625 0.0263671875
0 0.47607421875 0.8193359375 0.01953125 0.0341796875
0 0.92333984375 0.9140625 0.009765625 0.0146484375
0 0.634765625 0.9638671875 0.0146484375 0.025390625
0 0.5380859375 0.89453125 0.0146484375 0.0263671875
0 0.9443359375 0.9111328125 0.0078125 0.01171875
0 0.7373046875 0.94677734375 0.0126953125 0.0185546875
0 0.8017578125 0.90478515625 0.013671875 0.0244140625
0 0.7275390625 0.896484375 0.01171875 0.0205078125
0 0.708984375 0.90185546875 0.01171875 0.01953125
0 0.57470703125 0.8779296875 0.0146484375 0.0224609375
0 0.521484375 0.8603515625 0.0126953125 0.0205078125
0 0.626953125 0.97412109375 0.017578125 0.0205078125
0 0.7080078125 0.9326171875 0.0185546875 0.0244140625
0 0.89111328125 0.90185546875 0.015625 0.0166015625
0 0.52783203125 0.91943359375 0.015625 0.0244140625
0 0.60302734375 0.861328125 0.015625 0.0244140625
0 0.67529296875 0.9580078125 0.015625 0.0224609375
0 0.57373046875 0.98974609375 0.009765625 0.0126953125
0 0.73974609375 0.9228515625 0.0146484375 0.01953125
0 0.55712890625 0.87646484375 0.015625 0.0234375
0 0.798828125 0.9404296875 0.0107421875 0.0146484375
0 0.67529296875 0.88720703125 0.013671875 0.0244140625
0 0.93359375 0.88818359375 0.0087890625 0.017578125
0 0.54296875 0.96484375 0.0146484375 0.025390625
0 0.66064453125 0.9677734375 0.0126953125 0.0166015625
0 0.70703125 0.95556640625 0.0126953125 0.01953125
0 0.57958984375 0.98046875 0.01171875 0.01953125
0 0.6904296875 0.96533203125 0.009765625 0.01171875
0 0.60546875 0.9736328125 0.0224609375 0.0322265625
0 0.90283203125 0.91650390625 0.009765625 0.0166015625
0 0.68603515625 0.88916015625 0.0146484375 0.0244140625
0 0.53173828125 0.96044921875 0.009765625 0.0244140625
0 0.5341796875 0.8740234375 0.0185546875 0.03125
0 0.61376953125 0.93212890625 0.0185546875 0.02734375
0 0.5537109375 0.97265625 0.0126953125 0.0234375
0 0.60791015625 0.89990234375 0.0166015625 0.0205078125
0 0.568359375 0.93896484375 0.0166015625 0.0263671875
0 0.59326171875 0.8955078125 0.015625 0.0322265625
0 0.56396484375 0.90966796875 0.0166015625 0.0224609375
0 0.60693359375 0.9091796875 0.015625 0.0234375
0 0.5166015625 0.94921875 0.0166015625 0.01953125
0 0.5849609375 0.94287109375 0.0205078125 0.03125
0 0.58349609375 0.91796875 0.021484375 0.03515625
0 0.7373046875 0.90673828125 0.013671875 0.025390625
0 0.5908203125 0.93017578125 0.0205078125 0.0341796875
0 0.8876953125 0.86376953125 0.01953125 0.03125
0 0.552734375 0.931640625 0.0107421875 0.0166015625
0 0.845703125 0.9345703125 0.009765625 0.0068359375
0 0.9169921875 0.91357421875 0.01171875 0.015625
0 0.7353515625 0.95703125 0.0087890625 0.0087890625
0 0.58251953125 0.96484375 0.01953125 0.02734375
0 0.73095703125 0.87841796875 0.0126953125 0.0263671875
0 0.95703125 0.78955078125 0.015625 0.0263671875
0 0.56494140625 0.78857421875 0.0205078125 0.021484375
0 0.50048828125 0.779296875 0.0166015625 0.0234375
0 0.50341796875 0.759765625 0.0166015625 0.0263671875
0 0.5556640625 0.7763671875 0.01953125 0.01953125
0 0.6220703125 0.7431640625 0.015625 0.0224609375
0 0.6640625 0.767578125 0.017578125 0.021484375
0 0.59423828125 0.90771484375 0.0146484375 0.0234375
0 0.537109375 0.94189453125 0.015625 0.01953125
0 0.548828125 0.9423828125 0.01171875 0.013671875
0 0.55322265625 0.95654296875 0.0126953125 0.01953125
0 0.5986328125 0.880859375 0.017578125 0.0205078125
0 0.6650390625 0.81103515625 0.0107421875 0.0185546875
0 0.51318359375 0.82275390625 0.0146484375 0.01953125
0 0.46337890625 0.8056640625 0.0126953125 0.01953125
0 0.57275390625 0.90283203125 0.0166015625 0.0234375