0 0.703125 0.0390625 0.03515625 0.02392578125
0 0.732421875 0.12060546875 0.0205078125 0.03369140625
0 0.7119140625 0.19482421875 0.03271484375 0.04052734375
0 0.75 0.2490234375 0.03466796875 0.02734375
0 0.86669921875 0.251953125 0.0302734375 0.025390625
0 0.9921875 0.1513671875 0.01513671875 0.02734375
0 0.9921875 0.3115234375 0.01513671875 0.0380859375
0 0.89697265625 0.37548828125 0.0302734375 0.03515625
0 0.9541015625 0.42431640625 0.03369140625 0.02490234375
0 0.98779296875 0.458984375 0.0244140625 0.02734375
0 0.93994140625 0.4833984375 0.02783203125 0.03369140625
0 0.9755859375 0.5185546875 0.03076171875 0.03173828125
0 0.9091796875 0.57275390625 0.03564453125 0.02734375
0 0.83251953125 0.509765625 0.0341796875 0.02978515625
0 0.84521484375 0.6220703125 0.033203125 0.025390625
0 0.8623046875 0.693359375 0.041015625 0.02294921875
0 0.72802734375 0.763671875 0.03515625 0.02099609375
0 0.79736328125 0.615234375 0.0361328125 0.025390625
0 0.77490234375 0.56005859375 0.03369140625 0.02490234375
0 0.67919921875 0.54052734375 0.0302734375 0.0283203125
0 0.5517578125 0.58837890625 0.03271484375 0.02294921875
0 0.52978515625 0.611328125 0.0322265625 0.01953125
0 0.56494140625 0.30322265625 0.03466796875 0.03369140625
0 0.58740234375 0.4697265625 0.03515625 0.029296875
0 0.6513671875 0.4697265625 0.033203125 0.02734375
0 0.63671875 0.41455078125 0.03662109375 0.03173828125
0 0.67138671875 0.39697265625 0.03515625 0.02978515625
0 0.67724609375 0.3291015625 0.03759765625 0.0283203125
0 0.69775390625 0.279296875 0.029296875 0.02734375
0 0.79931640625 0.28662109375 0.03369140625 0.03173828125