0 0.76318359375 0.50390625 0.017578125 0.021484375
0 0.7470703125 0.49755859375 0.0205078125 0.02294921875
0 0.90966796875 0.66455078125 0.0126953125 0.02685546875
0 0.8154296875 0.6376953125 0.013671875 0.0263671875
0 0.341796875 0.19091796875 0.0146484375 0.02734375
0 0.5546875 0.21337890625 0.01220703125 0.021484375
0 0.3662109375 0.4345703125 0.0087890625 0.02392578125
0 0.87744140625 0.689453125 0.01220703125 0.02392578125
0 0.228515625 0.26611328125 0.01953125 0.0166015625
0 0.82568359375 0.662109375 0.01171875 0.0244140625
0 0.87451171875 0.62890625 0.01708984375 0.01904296875