0 0.41650390625 0.38818359375 0.0126953125 0.01953125
0 0.0380859375 0.58935546875 0.01220703125 0.01904296875
0 0.017578125 0.58642578125 0.00634765625 0.015625
0 0.02685546875 0.58837890625 0.01025390625 0.01611328125
0 0.19873046875 0.42041015625 0.0087890625 0.01513671875
0 0.38623046875 0.353515625 0.0126953125 0.01318359375
0 0.15380859375 0.4033203125 0.01318359375 0.01708984375
0 0.34033203125 0.36865234375 0.0126953125 0.013671875
0 0.1826171875 0.42333984375 0.01123046875 0.01171875
0 0.16357421875 0.38720703125 0.005859375 0.0166015625
0 0.056640625 0.76708984375 0.00732421875 0.0166015625
0 0.11962890625 0.66015625 0.01220703125 0.02099609375
0 0.06982421875 0.7470703125 0.015625 0.015625
0 0.2890625 0.41796875 0.0068359375 0.01611328125
0 0.33056640625 0.4287109375 0.005859375 0.01953125
0 0.07958984375 0.60595703125 0.00634765625 0.0166015625
0 0.21533203125 0.3994140625 0.0126953125 0.01220703125
0 0.05224609375 0.87744140625 0.013671875 0.01513671875
0 0.14111328125 0.4140625 0.0078125 0.01953125
0 0.03125 0.5380859375 0.00537109375 0.013671875
0 0.07177734375 0.498046875 0.00732421875 0.015625
0 0.234375 0.46240234375 0.0068359375 0.01416015625
0 0.14453125 0.40234375 0.0087890625 0.01611328125
0 0.40478515625 0.392578125 0.01513671875 0.01611328125
0 0.18115234375 0.43408203125 0.01611328125 0.01171875