0 0.4697265625 0.0419921875 0.015625 0.02587890625
0 0.40869140625 0.09326171875 0.01513671875 0.0205078125
0 0.576171875 0.1396484375 0.01318359375 0.01123046875
0 0.455078125 0.044921875 0.0126953125 0.01708984375
0 0.52978515625 0.345703125 0.01611328125 0.02587890625
0 0.37939453125 0.21826171875 0.01513671875 0.01708984375
0 0.80322265625 0.32080078125 0.0146484375 0.0185546875
0 0.87255859375 0.09716796875 0.01123046875 0.0244140625
0 0.7138671875 0.2978515625 0.0146484375 0.0205078125
0 0.70166015625 0.162109375 0.01318359375 0.0205078125
0 0.85986328125 0.03076171875 0.017578125 0.0205078125
0 0.62109375 0.30810546875 0.0146484375 0.01611328125
0 0.64501953125 0.26025390625 0.015625 0.013671875
0 0.5986328125 0.146484375 0.013671875 0.01806640625
0 0.6279296875 0.21044921875 0.013671875 0.01611328125
0 0.57080078125 0.3193359375 0.01123046875 0.01806640625
0 0.71630859375 0.0400390625 0.0107421875 0.01904296875
0 0.60546875 0.369140625 0.01513671875 0.02685546875
0 0.61328125 0.33837890625 0.0166015625 0.015625
0 0.6845703125 0.2158203125 0.013671875 0.01611328125
0 0.666015625 0.0244140625 0.01416015625 0.0166015625
0 0.634765625 0.330078125 0.01318359375 0.0185546875
0 0.50537109375 0.0185546875 0.0146484375 0.0166015625
0 0.65673828125 0.01171875 0.0146484375 0.01611328125
0 0.6376953125 0.26953125 0.01318359375 0.01416015625
0 0.72802734375 0.345703125 0.01611328125 0.021484375
0 0.60498046875 0.15869140625 0.0185546875 0.021484375
0 0.63623046875 0.34130859375 0.01806640625 0.0146484375