0 0.93310546875 0.42529296875 0.01708984375 0.04296875
0 0.833984375 0.1240234375 0.015625 0.03076171875
0 0.5244140625 0.21337890625 0.01708984375 0.03955078125
0 0.5263671875 0.38671875 0.01171875 0.03759765625
0 0.2666015625 0.2705078125 0.0107421875 0.029296875
0 0.078125 0.447265625 0.01123046875 0.03955078125
0 0.2275390625 0.154296875 0.01123046875 0.03564453125
0 0.32470703125 0.3408203125 0.0126953125 0.03076171875
0 0.14013671875 0.1611328125 0.01123046875 0.0361328125
0 0.84619140625 0.478515625 0.01220703125 0.0361328125
0 0.65625 0.40625 0.013671875 0.03857421875
0 0.2724609375 0.2373046875 0.01318359375 0.0361328125
0 0.0126953125 0.54052734375 0.0146484375 0.033203125
0 0.3212890625 0.2041015625 0.01318359375 0.02978515625
0 0.0478515625 0.3076171875 0.013671875 0.0361328125
0 0.0498046875 0.12109375 0.01318359375 0.03759765625
0 0.15087890625 0.0888671875 0.015625 0.03271484375
0 0.1103515625 0.45166015625 0.01708984375 0.03271484375
0 0.33935546875 0.27197265625 0.015625 0.02783203125
0 0.51953125 0.015625 0.0146484375 0.03076171875
0 0.439453125 0.35595703125 0.01513671875 0.03466796875
0 0.2841796875 0.03369140625 0.01220703125 0.0283203125
0 0.474609375 0.177734375 0.01513671875 0.02978515625
0 0.232421875 0.478515625 0.01171875 0.03662109375
0 0.12109375 0.37548828125 0.009765625 0.03857421875
0 0.7177734375 0.35009765625 0.013671875 0.0322265625
0 0.70263671875 0.4765625 0.01220703125 0.03271484375
0 0.46337890625 0.1904296875 0.01123046875 0.03369140625
0 0.0400390625 0.05419921875 0.01513671875 0.0341796875
0 0.5673828125 0.66357421875 0.01806640625 0.0302734375
0 0.04931640625 0.494140625 0.0087890625 0.02685546875
0 0.06103515625 0.20654296875 0.00927734375 0.03271484375
0 0.50244140625 0.4931640625 0.0146484375 0.0380859375
0 0.814453125 0.5048828125 0.01611328125 0.033203125
0 0.01513671875 0.14453125 0.0126953125 0.03369140625
0 0.6220703125 0.373046875 0.01513671875 0.03271484375
0 0.080078125 0.17919921875 0.0107421875 0.03955078125
0 0.79931640625 0.4951171875 0.0146484375 0.033203125
0 0.52880859375 0.544921875 0.01025390625 0.02978515625
0 0.60400390625 0.49658203125 0.0205078125 0.02734375
0 0.65576171875 0.00830078125 0.0126953125 0.015625
0 0.39501953125 0.3115234375 0.01123046875 0.0419921875
0 0.44140625 0.33544921875 0.0107421875 0.0322265625
0 0.10107421875 0.1357421875 0.01318359375 0.02978515625
0 0.08056640625 0.14404296875 0.01904296875 0.02783203125
0 0.5400390625 0.16064453125 0.01025390625 0.04345703125
0 0.06396484375 0.24609375 0.0107421875 0.03955078125
0 0.72119140625 0.55517578125 0.01220703125 0.03759765625
0 0.00439453125 0.04541015625 0.00830078125 0.03564453125
0 0.0185546875 0.02001953125 0.01806640625 0.0390625