0 0.75634765625 0.064453125 0.0068359375 0.01953125
0 0.8759765625 0.23974609375 0.0126953125 0.025390625
0 0.67138671875 0.13916015625 0.009765625 0.0205078125
0 0.70947265625 0.2001953125 0.0126953125 0.017578125
0 0.73193359375 0.20654296875 0.0068359375 0.01953125
0 0.728515625 0.19091796875 0.01171875 0.0126953125
0 0.6767578125 0.1513671875 0.009765625 0.01953125
0 0.9794921875 0.0986328125 0.0078125 0.0166015625
0 0.703125 0.11962890625 0.01171875 0.0224609375
0 0.6943359375 0.17236328125 0.013671875 0.0244140625
0 0.7197265625 0.16943359375 0.009765625 0.0224609375
0 0.79443359375 0.0947265625 0.0107421875 0.017578125
0 0.70361328125 0.14306640625 0.017578125 0.017578125
0 0.783203125 0.11474609375 0.009765625 0.0244140625
0 0.90380859375 0.03125 0.0078125 0.01953125
0 0.62890625 0.22265625 0.015625 0.025390625
0 0.70703125 0.16357421875 0.0146484375 0.0205078125
0 0.794921875 0.2626953125 0.0185546875 0.025390625
0 0.95654296875 0.05126953125 0.0087890625 0.015625
0 0.90478515625 0.12109375 0.0087890625 0.013671875
0 0.8564453125 0.1142578125 0.0166015625 0.0166015625
0 0.75048828125 0.18505859375 0.0126953125 0.021484375
0 0.9296875 0.0126953125 0.0087890625 0.0146484375
0 0.9208984375 0.14453125 0.009765625 0.0166015625
0 0.84716796875 0.17431640625 0.0078125 0.0146484375
0 0.79150390625 0.31591796875 0.0146484375 0.033203125
0 0.818359375 0.291015625 0.0205078125 0.0244140625
0 0.67333984375 0.22314453125 0.0205078125 0.0234375
0 0.96142578125 0.01513671875 0.0078125 0.017578125
0 0.80615234375 0.3974609375 0.021484375 0.0263671875
0 0.947265625 0.02197265625 0.0078125 0.013671875