0 0.1396484375 0.26220703125 0.013671875 0.041015625
0 0.888671875 0.1962890625 0.013671875 0.041015625
0 0.72802734375 0.44140625 0.013671875 0.037109375
0 0.9375 0.55908203125 0.015625 0.029296875
0 0.6640625 0.232421875 0.0126953125 0.03125
0 0.6943359375 0.27587890625 0.01171875 0.037109375
0 0.6435546875 0.23486328125 0.015625 0.0380859375
0 0.7421875 0.15478515625 0.013671875 0.0380859375
0 0.95556640625 0.1669921875 0.0126953125 0.03515625
0 0.69482421875 0.224609375 0.015625 0.03515625
0 0.693359375 0.02734375 0.015625 0.029296875
0 0.92333984375 0.1376953125 0.013671875 0.03515625
0 0.916015625 0.248046875 0.01171875 0.041015625
0 0.91015625 0.20703125 0.009765625 0.0361328125
0 0.916015625 0.3173828125 0.013671875 0.0361328125
0 0.93603515625 0.07080078125 0.0166015625 0.03515625
0 0.89892578125 0.4990234375 0.013671875 0.0224609375
0 0.82568359375 0.09912109375 0.015625 0.03515625
0 0.14892578125 0.43896484375 0.0205078125 0.03515625
0 0.36474609375 0.58544921875 0.013671875 0.0283203125
0 0.8291015625 0.1611328125 0.01171875 0.0361328125
0 0.98046875 0.52880859375 0.0107421875 0.037109375
0 0.87060546875 0.15185546875 0.0185546875 0.0322265625
0 0.50634765625 0.13818359375 0.015625 0.03515625
0 0.88916015625 0.1630859375 0.0185546875 0.0283203125
0 0.89990234375 0.26318359375 0.0126953125 0.0390625
0 0.6484375 0.19580078125 0.0146484375 0.0322265625
0 0.33837890625 0.33056640625 0.013671875 0.0322265625
0 0.537109375 0.21826171875 0.013671875 0.037109375
0 0.14599609375 0.00732421875 0.0185546875 0.0146484375
0 0.18017578125 0.14404296875 0.0126953125 0.0341796875
0 0.2734375 0.2216796875 0.0146484375 0.0361328125
0 0.43017578125 0.35791015625 0.0107421875 0.0361328125
0 0.97509765625 0.06494140625 0.009765625 0.0341796875
0 0.58544921875 0.23193359375 0.013671875 0.0322265625
0 0.017578125 0.376953125 0.021484375 0.0341796875
0 0.33935546875 0.4619140625 0.0234375 0.0400390625
0 0.44921875 0.150390625 0.01171875 0.0361328125
0 0.83935546875 0.35595703125 0.0146484375 0.048828125
0 0.99609375 0.1279296875 0.0078125 0.03515625
0 0.30419921875 0.35498046875 0.013671875 0.0322265625
0 0.25927734375 0.41748046875 0.017578125 0.0205078125
0 0.96240234375 0.03857421875 0.013671875 0.0302734375
0 0.42333984375 0.5 0.01171875 0.0283203125
0 0.458984375 0.42822265625 0.0126953125 0.0380859375
0 0.232421875 0.48876953125 0.015625 0.03125
0 0.51806640625 0.2138671875 0.0126953125 0.03515625
0 0.43408203125 0.1044921875 0.015625 0.03125
0 0.9853515625 0.037109375 0.0166015625 0.0244140625
0 0.55908203125 0.0087890625 0.009765625 0.0126953125