0 0.6708984375 0.3447265625 0.0146484375 0.0185546875
0 0.673828125 0.33447265625 0.0146484375 0.0185546875
0 0.74658203125 0.27490234375 0.013671875 0.015625
0 0.88818359375 0.2275390625 0.015625 0.01953125
0 0.958984375 0.41748046875 0.013671875 0.0185546875
0 0.84814453125 0.318359375 0.0205078125 0.01953125
0 0.65283203125 0.28662109375 0.01171875 0.013671875
0 0.9091796875 0.25732421875 0.013671875 0.0185546875
0 0.63671875 0.30908203125 0.0166015625 0.0185546875
0 0.87451171875 0.25048828125 0.01171875 0.0185546875
0 0.9443359375 0.40771484375 0.015625 0.01953125
0 0.79345703125 0.29150390625 0.0146484375 0.0185546875
0 0.88720703125 0.24951171875 0.0126953125 0.0166015625
0 0.93359375 0.20849609375 0.013671875 0.017578125
0 0.88916015625 0.23974609375 0.0126953125 0.01953125