0 0.74267578125 0.775390625 0.0244140625 0.03173828125
0 0.66162109375 0.3984375 0.02294921875 0.02783203125
0 0.67724609375 0.45361328125 0.02978515625 0.02783203125
0 0.77783203125 0.37744140625 0.01806640625 0.03125
0 0.8544921875 0.68701171875 0.029296875 0.03466796875
0 0.65966796875 0.140625 0.021484375 0.03173828125
0 0.96533203125 0.666015625 0.0283203125 0.037109375
0 0.61669921875 0.662109375 0.0302734375 0.02685546875
0 0.68359375 0.650390625 0.021484375 0.0400390625
0 0.98095703125 0.431640625 0.0234375 0.0341796875
0 0.90576171875 0.89306640625 0.0302734375 0.03125
0 0.84130859375 0.41845703125 0.02392578125 0.033203125
0 0.7236328125 0.474609375 0.02294921875 0.03955078125
0 0.96484375 0.4150390625 0.02734375 0.029296875
0 0.7060546875 0.3525390625 0.02392578125 0.029296875
0 0.6611328125 0.2412109375 0.01513671875 0.03759765625
0 0.9599609375 0.3330078125 0.0244140625 0.0283203125
0 0.76513671875 0.0576171875 0.02099609375 0.0244140625
0 0.55615234375 0.818359375 0.0263671875 0.02783203125
0 0.8642578125 0.27685546875 0.02099609375 0.033203125
0 0.916015625 0.23388671875 0.021484375 0.02490234375
0 0.89697265625 0.5498046875 0.0185546875 0.05126953125
0 0.5380859375 0.9462890625 0.02978515625 0.0361328125
0 0.9306640625 0.64599609375 0.02978515625 0.03515625
0 0.857421875 0.04248046875 0.02197265625 0.02490234375
0 0.71484375 0.38916015625 0.01318359375 0.04248046875
0 0.93310546875 0.181640625 0.0205078125 0.0361328125
0 0.76904296875 0.2734375 0.0263671875 0.025390625
0 0.875 0.21435546875 0.02392578125 0.029296875
0 0.85009765625 0.33154296875 0.01904296875 0.041015625
0 0.796875 0.2392578125 0.02490234375 0.0283203125
0 0.7412109375 0.1396484375 0.02099609375 0.02783203125
0 0.80615234375 0.19482421875 0.02099609375 0.0244140625
0 0.7705078125 0.19287109375 0.025390625 0.02734375
0 0.74951171875 0.0322265625 0.01318359375 0.03515625
0 0.83984375 0.1689453125 0.0224609375 0.02587890625
0 0.66748046875 0.20361328125 0.00830078125 0.04052734375
0 0.70703125 0.3212890625 0.0263671875 0.029296875
0 0.92041015625 0.53125 0.0302734375 0.025390625
0 0.8916015625 0.66162109375 0.02587890625 0.0322265625
0 0.7529296875 0.1181640625 0.0205078125 0.0244140625
0 0.92333984375 0.1611328125 0.02001953125 0.0263671875
0 0.771484375 0.90283203125 0.017578125 0.05859375
0 0.90283203125 0.11767578125 0.0205078125 0.0263671875
0 0.59912109375 0.7373046875 0.03466796875 0.03125
0 0.60400390625 0.60986328125 0.0166015625 0.0517578125
0 0.5439453125 0.603515625 0.01416015625 0.05322265625
0 0.85888671875 0.13525390625 0.01953125 0.021484375
0 0.5615234375 0.75048828125 0.0224609375 0.05419921875
0 0.6650390625 0.3212890625 0.009765625 0.04833984375
0 0.80224609375 0.09814453125 0.0234375 0.0263671875
0 0.7880859375 0.51806640625 0.01220703125 0.04833984375
0 0.505859375 0.705078125 0.02978515625 0.04296875
0 0.9873046875 0.01611328125 0.0205078125 0.0166015625
0 0.56494140625 0.61962890625 0.0185546875 0.0556640625
0 0.98974609375 0.03173828125 0.0205078125 0.0224609375
0 0.97900390625 0.27392578125 0.0224609375 0.02587890625
0 0.81982421875 0.14306640625 0.01953125 0.025390625
0 0.9765625 0.09375 0.03076171875 0.03125
0 0.958984375 0.0107421875 0.02099609375 0.0205078125
0 0.62255859375 0.958984375 0.02783203125 0.05078125
0 0.99560546875 0.70361328125 0.0087890625 0.0244140625
0 0.99609375 0.11572265625 0.0078125 0.0244140625
0 0.9140625 0.013671875 0.02392578125 0.0234375
0 0.89697265625 0.01171875 0.021484375 0.0224609375
0 0.99658203125 0.35888671875 0.0068359375 0.01806640625
0 0.85986328125 0.0048828125 0.0166015625 0.009765625
0 0.9970703125 0.15966796875 0.00537109375 0.02294921875