0 0.88232421875 0.638671875 0.01806640625 0.0205078125
0 0.76806640625 0.74658203125 0.0224609375 0.01904296875
0 0.72802734375 0.55224609375 0.00830078125 0.02978515625
0 0.96435546875 0.603515625 0.0205078125 0.01953125
0 0.9248046875 0.9541015625 0.02099609375 0.0224609375
0 0.85205078125 0.2099609375 0.0107421875 0.02490234375
0 0.7431640625 0.3583984375 0.00830078125 0.02734375
0 0.80615234375 0.3818359375 0.0126953125 0.0263671875
0 0.7958984375 0.1904296875 0.01611328125 0.01318359375
0 0.9228515625 0.3681640625 0.0166015625 0.01806640625
0 0.94677734375 0.27978515625 0.02392578125 0.03955078125
0 0.88916015625 0.20458984375 0.01318359375 0.01806640625
0 0.810546875 0.2265625 0.01611328125 0.01806640625
0 0.7802734375 0.04833984375 0.01123046875 0.0244140625
0 0.82421875 0.95068359375 0.0166015625 0.02001953125
0 0.83056640625 0.1552734375 0.013671875 0.015625
0 0.80322265625 0.1142578125 0.00927734375 0.0234375
0 0.79931640625 0.50927734375 0.015625 0.01806640625
0 0.79541015625 0.40869140625 0.01953125 0.015625
0 0.76318359375 0.3056640625 0.0107421875 0.0263671875
0 0.8310546875 0.5224609375 0.0166015625 0.01904296875
0 0.91259765625 0.087890625 0.0107421875 0.0224609375
0 0.95703125 0.74072265625 0.01416015625 0.02734375
0 0.8125 0.162109375 0.0146484375 0.01416015625
0 0.771484375 0.25830078125 0.013671875 0.01953125
0 0.98974609375 0.1728515625 0.015625 0.015625
0 0.775390625 0.3056640625 0.01318359375 0.025390625
0 0.82177734375 0.1279296875 0.01611328125 0.0166015625
0 0.955078125 0.5712890625 0.01806640625 0.021484375
0 0.7822265625 0.37158203125 0.01708984375 0.013671875
0 0.97900390625 0.349609375 0.015625 0.0185546875
0 0.84521484375 0.3349609375 0.013671875 0.02099609375
0 0.8857421875 0.06103515625 0.015625 0.02099609375
0 0.85888671875 0.07421875 0.015625 0.01416015625
0 0.96044921875 0.3408203125 0.0185546875 0.01953125
0 0.859375 0.56787109375 0.0146484375 0.01904296875
0 0.93798828125 0.17578125 0.0146484375 0.01708984375
0 0.759765625 0.6865234375 0.0185546875 0.0205078125
0 0.86328125 0.4345703125 0.01611328125 0.01708984375
0 0.95556640625 0.48388671875 0.0185546875 0.0146484375
0 0.8349609375 0.09423828125 0.01513671875 0.01513671875
0 0.99560546875 0.65771484375 0.00830078125 0.01416015625
0 0.7587890625 0.5703125 0.0146484375 0.01611328125
0 0.873046875 0.15966796875 0.01513671875 0.01416015625
0 0.830078125 0.04638671875 0.01611328125 0.0126953125
0 0.86083984375 0.03125 0.01513671875 0.0146484375
0 0.91748046875 0.10986328125 0.0126953125 0.01904296875
0 0.90234375 0.42333984375 0.01806640625 0.0126953125
0 0.77734375 0.47412109375 0.01513671875 0.01318359375
0 0.765625 0.64111328125 0.01708984375 0.01611328125
0 0.9775390625 0.126953125 0.0185546875 0.0126953125
0 0.9404296875 0.052734375 0.01708984375 0.01513671875
0 0.9267578125 0.91943359375 0.01904296875 0.0205078125
0 0.9462890625 0.34814453125 0.01220703125 0.0146484375
0 0.93994140625 0.287109375 0.009765625 0.02197265625
0 0.89111328125 0.005859375 0.0146484375 0.01025390625
0 0.91552734375 0.04638671875 0.015625 0.0126953125
0 0.95263671875 0.265625 0.0146484375 0.0126953125
0 0.97607421875 0.0810546875 0.0126953125 0.01513671875
0 0.75244140625 0.61767578125 0.01318359375 0.01220703125
0 0.9970703125 0.14306640625 0.005859375 0.0166015625
0 0.99755859375 0.37060546875 0.00439453125 0.01171875
0 0.94140625 0.00439453125 0.01171875 0.00830078125
0 0.77880859375 0.25390625 0.0205078125 0.0234375