0 0.40478515625 0.2734375 0.0712890625 0.0830078125
0 0.455078125 0.43359375 0.0576171875 0.064453125
0 0.32275390625 0.123046875 0.04296875 0.0673828125
0 0.37255859375 0.41015625 0.05859375 0.0615234375
0 0.60009765625 0.46240234375 0.05859375 0.0927734375
0 0.64990234375 0.34619140625 0.0732421875 0.0576171875
0 0.51123046875 0.185546875 0.046875 0.083984375
0 0.087890625 0.0673828125 0.0380859375 0.03125
0 0.67578125 0.09033203125 0.0517578125 0.0654296875
0 0.34765625 0.1875 0.06640625 0.07421875
0 0.04931640625 0.314453125 0.0673828125 0.0810546875
0 0.748046875 0.19580078125 0.0576171875 0.0771484375
0 0.8486328125 0.1455078125 0.064453125 0.06640625
0 0.958984375 0.40087890625 0.08203125 0.1025390625
0 0.6611328125 0.41748046875 0.068359375 0.0576171875
0 0.8623046875 0.05078125 0.041015625 0.0244140625
0 0.390625 0.09130859375 0.05078125 0.0634765625
0 0.83349609375 0.30419921875 0.0771484375 0.0751953125
0 0.85595703125 0.3564453125 0.0654296875 0.0927734375
0 0.24072265625 0.150390625 0.0712890625 0.046875
0 0.63037109375 0.77001953125 0.0986328125 0.1494140625
0 0.189453125 0.64892578125 0.125 0.1259765625
0 0.98876953125 0.181640625 0.0224609375 0.07421875
0 0.7099609375 0.07080078125 0.0615234375 0.060546875
0 0.82275390625 0.24169921875 0.04296875 0.05859375
0 0.82421875 0.18017578125 0.03515625 0.044921875
0 0.98291015625 0.078125 0.0341796875 0.048828125
0 0.4697265625 0.97607421875 0.12890625 0.0478515625
0 0.68115234375 0.0390625 0.04296875 0.044921875
0 0.7294921875 0.81494140625 0.1240234375 0.1513671875
0 0.2265625 0.759765625 0.083984375 0.099609375
0 0.126953125 0.60546875 0.083984375 0.1201171875
0 0.8720703125 0.5966796875 0.0947265625 0.125
0 0.8671875 0.53076171875 0.08984375 0.083984375
0 0.4814453125 0.59521484375 0.0693359375 0.1318359375
0 0.17724609375 0.23828125 0.0517578125 0.056640625
0 0.77294921875 0.8935546875 0.1611328125 0.20703125
0 0.80517578125 0.052734375 0.0244140625 0.0400390625
0 0.83251953125 0.134765625 0.029296875 0.046875
0 0.82421875 0.04296875 0.0224609375 0.015625