0 0.9365234375 0.37939453125 0.01806640625 0.041015625
0 0.619140625 0.71923828125 0.01904296875 0.03759765625
0 0.90771484375 0.474609375 0.0146484375 0.0419921875
0 0.216796875 0.7236328125 0.01708984375 0.0380859375
0 0.9443359375 0.58154296875 0.02099609375 0.02880859375
0 0.6982421875 0.16455078125 0.01416015625 0.0283203125
0 0.3271484375 0.74462890625 0.015625 0.0322265625
0 0.74951171875 0.4482421875 0.01904296875 0.03857421875
0 0.26025390625 0.49365234375 0.01123046875 0.03662109375
0 0.72900390625 0.2958984375 0.0185546875 0.02490234375
0 0.4609375 0.9599609375 0.01904296875 0.0263671875
0 0.91748046875 0.3349609375 0.01708984375 0.033203125
0 0.7470703125 0.34814453125 0.015625 0.03076171875
0 0.42529296875 0.52783203125 0.015625 0.02734375
0 0.6220703125 0.30615234375 0.01025390625 0.0283203125
0 0.861328125 0.568359375 0.0146484375 0.0361328125
0 0.52685546875 0.337890625 0.01904296875 0.03125
0 0.208984375 0.4931640625 0.01904296875 0.03271484375
0 0.90234375 0.43798828125 0.01416015625 0.03271484375
0 0.623046875 0.6787109375 0.013671875 0.029296875
0 0.76025390625 0.2724609375 0.0166015625 0.02490234375
0 0.29345703125 0.47119140625 0.01171875 0.0341796875
0 0.99072265625 0.744140625 0.017578125 0.0341796875
0 0.4189453125 0.64208984375 0.01025390625 0.03076171875
0 0.3671875 0.26318359375 0.01513671875 0.02880859375
0 0.525390625 0.21240234375 0.0126953125 0.03173828125
0 0.693359375 0.44287109375 0.01611328125 0.041015625
0 0.9541015625 0.9365234375 0.01513671875 0.033203125
0 0.6806640625 0.57958984375 0.01904296875 0.04052734375
0 0.60400390625 0.9375 0.0146484375 0.033203125
0 0.703125 0.4599609375 0.0107421875 0.03173828125
0 0.4619140625 0.46337890625 0.013671875 0.0283203125
0 0.8232421875 0.95556640625 0.01904296875 0.037109375
0 0.498046875 0.6044921875 0.017578125 0.02490234375
0 0.65478515625 0.90966796875 0.01708984375 0.02978515625
0 0.88232421875 0.8037109375 0.0185546875 0.03515625
0 0.22119140625 0.4970703125 0.015625 0.03759765625
0 0.478515625 0.39453125 0.0146484375 0.02294921875
0 0.33154296875 0.326171875 0.01025390625 0.02685546875
0 0.63330078125 0.33642578125 0.01220703125 0.0390625
0 0.35693359375 0.22265625 0.02001953125 0.02685546875
0 0.97265625 0.701171875 0.0205078125 0.03271484375
0 0.62939453125 0.265625 0.01171875 0.033203125
0 0.55517578125 0.81982421875 0.02099609375 0.0361328125
0 0.505859375 0.4619140625 0.01025390625 0.03076171875
0 0.27978515625 0.40478515625 0.013671875 0.029296875
0 0.5400390625 0.8056640625 0.02197265625 0.029296875
0 0.57421875 0.80078125 0.01416015625 0.04248046875
0 0.515625 0.40185546875 0.01318359375 0.03759765625
0 0.2216796875 0.35400390625 0.01513671875 0.02783203125
0 0.6533203125 0.30322265625 0.015625 0.0341796875
0 0.61865234375 0.43603515625 0.01220703125 0.033203125
0 0.22900390625 0.40673828125 0.0185546875 0.02783203125
0 0.453125 0.673828125 0.02294921875 0.02734375
0 0.859375 0.7578125 0.01611328125 0.03759765625
0 0.56298828125 0.4541015625 0.0126953125 0.021484375
0 0.54833984375 0.46630859375 0.01904296875 0.033203125
0 0.501953125 0.55810546875 0.01513671875 0.04248046875
0 0.56494140625 0.6201171875 0.01220703125 0.0302734375
0 0.37451171875 0.52197265625 0.0146484375 0.03662109375
0 0.86328125 0.88427734375 0.0166015625 0.033203125
0 0.26513671875 0.361328125 0.0146484375 0.03662109375
0 0.72265625 0.57421875 0.01123046875 0.03857421875
0 0.5927734375 0.568359375 0.01513671875 0.03759765625
0 0.56201171875 0.9677734375 0.01708984375 0.0185546875
0 0.78173828125 0.771484375 0.01708984375 0.03271484375
0 0.244140625 0.86376953125 0.02294921875 0.03271484375
0 0.78076171875 0.8720703125 0.015625 0.04541015625
0 0.37744140625 0.72314453125 0.02099609375 0.03759765625
0 0.7001953125 0.61767578125 0.01806640625 0.03662109375
0 0.3291015625 0.400390625 0.01611328125 0.02197265625
0 0.55517578125 0.791015625 0.01806640625 0.02783203125
0 0.20849609375 0.63720703125 0.01318359375 0.03466796875
0 0.54833984375 0.53955078125 0.01611328125 0.0263671875
0 0.57568359375 0.37744140625 0.01318359375 0.0224609375
0 0.767578125 0.771484375 0.01708984375 0.03466796875
0 0.955078125 0.892578125 0.0185546875 0.029296875
0 0.7451171875 0.75732421875 0.01904296875 0.0390625
0 0.35498046875 0.791015625 0.01953125 0.029296875
0 0.2705078125 0.8994140625 0.01953125 0.03662109375
0 0.3759765625 0.4951171875 0.0126953125 0.029296875
0 0.63525390625 0.9931640625 0.013671875 0.0126953125
0 0.73388671875 0.77978515625 0.0205078125 0.03759765625
0 0.59033203125 0.548828125 0.02099609375 0.0244140625
0 0.3798828125 0.83251953125 0.01904296875 0.0322265625
0 0.91943359375 0.82275390625 0.0146484375 0.033203125
0 0.45849609375 0.26123046875 0.01513671875 0.02294921875
0 0.75341796875 0.71533203125 0.0185546875 0.033203125
0 0.71875 0.83837890625 0.01416015625 0.037109375
0 0.39599609375 0.353515625 0.01416015625 0.0185546875
0 0.62548828125 0.484375 0.0166015625 0.025390625
0 0.49365234375 0.857421875 0.0107421875 0.02392578125
0 0.57177734375 0.2646484375 0.0126953125 0.02490234375
0 0.43994140625 0.60791015625 0.01318359375 0.0283203125
0 0.83154296875 0.80517578125 0.01513671875 0.02392578125
0 0.70703125 0.64501953125 0.01708984375 0.03271484375
0 0.7177734375 0.63623046875 0.01953125 0.02099609375
0 0.8798828125 0.96630859375 0.01416015625 0.0341796875
0 0.25830078125 0.931640625 0.02392578125 0.03515625
0 0.34375 0.5322265625 0.025390625 0.05419921875
0 0.32275390625 0.55224609375 0.02490234375 0.060546875
0 0.3916015625 0.701171875 0.02099609375 0.0205078125
0 0.248046875 0.62158203125 0.0107421875 0.03076171875
0 0.267578125 0.953125 0.01806640625 0.03369140625
0 0.57177734375 0.537109375 0.01220703125 0.02734375
0 0.80078125 0.8515625 0.015625 0.03076171875
0 0.47900390625 0.74072265625 0.01611328125 0.021484375
0 0.8798828125 0.39892578125 0.02099609375 0.03662109375
0 0.73681640625 0.59228515625 0.009765625 0.03271484375