0 0.1533203125 0.8720703125 0.068359375 0.0732421875
0 0.28564453125 0.81298828125 0.03515625 0.0380859375
0 0.3583984375 0.75 0.033203125 0.03515625
0 0.3681640625 0.97705078125 0.052734375 0.0458984375
0 0.50830078125 0.67529296875 0.03125 0.03125
0 0.677734375 0.6982421875 0.033203125 0.033203125
0 0.51318359375 0.90625 0.0654296875 0.0595703125
0 0.76904296875 0.58349609375 0.0234375 0.0234375
0 0.88720703125 0.76025390625 0.048828125 0.046875
0 0.95703125 0.8359375 0.05078125 0.0576171875
0 0.59716796875 0.62890625 0.025390625 0.025390625
0 0.3798828125 0.87890625 0.0498046875 0.0498046875
0 0.5498046875 0.68701171875 0.02734375 0.029296875
0 0.98681640625 0.6748046875 0.0263671875 0.037109375
0 0.431640625 0.888671875 0.0400390625 0.041015625
0 0.65185546875 0.65673828125 0.025390625 0.0263671875
0 0.4853515625 0.7197265625 0.03515625 0.0341796875
0 0.89990234375 0.837890625 0.048828125 0.05078125
0 0.9326171875 0.63037109375 0.0322265625 0.0302734375
0 0.599609375 0.79345703125 0.044921875 0.04296875
0 0.6982421875 0.8017578125 0.03515625 0.041015625
0 0.306640625 0.80419921875 0.021484375 0.0361328125
0 0.40625 0.7470703125 0.0361328125 0.0380859375
0 0.42578125 0.72900390625 0.0302734375 0.0361328125
0 0.7919921875 0.60888671875 0.025390625 0.02734375
0 0.77978515625 0.921875 0.05859375 0.0517578125
0 0.3505859375 0.853515625 0.0302734375 0.041015625
0 0.60546875 0.66650390625 0.0263671875 0.0244140625
0 0.72607421875 0.8984375 0.0576171875 0.060546875
0 0.9580078125 0.6015625 0.0283203125 0.02734375
0 0.50341796875 0.80859375 0.0439453125 0.0458984375
0 0.50244140625 0.74072265625 0.03515625 0.0341796875
0 0.94384765625 0.72607421875 0.046875 0.0419921875
0 0.345703125 0.8134765625 0.0439453125 0.0419921875
0 0.48876953125 0.82373046875 0.0390625 0.04296875
0 0.82861328125 0.89697265625 0.044921875 0.0439453125
0 0.59912109375 0.93359375 0.044921875 0.052734375
0 0.8115234375 0.87841796875 0.0419921875 0.0546875
0 0.38671875 0.7880859375 0.0400390625 0.0400390625
0 0.462890625 0.755859375 0.0390625 0.0380859375
0 0.75927734375 0.60693359375 0.0185546875 0.0234375
0 0.73876953125 0.60302734375 0.0234375 0.0263671875
0 0.7392578125 0.87060546875 0.0458984375 0.0537109375
0 0.8857421875 0.69384765625 0.0302734375 0.0205078125
0 0.77978515625 0.7958984375 0.044921875 0.044921875
0 0.88818359375 0.55078125 0.0185546875 0.0166015625
0 0.8623046875 0.54736328125 0.0244140625 0.025390625
0 0.75439453125 0.712890625 0.0361328125 0.03515625
0 0.98876953125 0.53076171875 0.0224609375 0.0244140625
0 0.89697265625 0.51025390625 0.0205078125 0.0205078125
0 0.8369140625 0.673828125 0.0234375 0.0283203125
0 0.9794921875 0.4892578125 0.01953125 0.01953125
0 0.9560546875 0.68701171875 0.037109375 0.03515625
0 0.93212890625 0.81884765625 0.0458984375 0.05078125
0 0.8984375 0.681640625 0.0361328125 0.0341796875
0 0.8427734375 0.5498046875 0.0185546875 0.0224609375
0 0.8349609375 0.783203125 0.0458984375 0.046875
0 0.966796875 0.54052734375 0.0234375 0.0224609375
0 0.9365234375 0.5595703125 0.021484375 0.0234375
0 0.822265625 0.75927734375 0.0380859375 0.033203125
0 0.94384765625 0.52490234375 0.0166015625 0.013671875
0 0.85888671875 0.53564453125 0.021484375 0.0205078125
0 0.40625 0.80419921875 0.0380859375 0.0400390625
0 0.42236328125 0.7783203125 0.037109375 0.037109375
0 0.9248046875 0.5654296875 0.021484375 0.0244140625
0 0.62744140625 0.67431640625 0.0205078125 0.0244140625
0 0.931640625 0.5947265625 0.01953125 0.02734375
0 0.61767578125 0.75390625 0.0302734375 0.033203125
0 0.90380859375 0.66015625 0.03125 0.029296875
0 0.4892578125 0.69921875 0.0224609375 0.025390625
0 0.7470703125 0.72802734375 0.0341796875 0.03125
0 0.97900390625 0.50732421875 0.0234375 0.0224609375
0 0.33740234375 0.89111328125 0.029296875 0.0380859375
0 0.43017578125 0.79736328125 0.033203125 0.0361328125
0 0.802734375 0.7841796875 0.0380859375 0.04296875
0 0.7841796875 0.71484375 0.029296875 0.0263671875
0 0.55419921875 0.78125 0.0361328125 0.0419921875
0 0.76123046875 0.6513671875 0.03125 0.0302734375
0 0.70361328125 0.87890625 0.0546875 0.0595703125
0 0.76904296875 0.64208984375 0.025390625 0.02734375
0 0.9208984375 0.5224609375 0.0244140625 0.0263671875
0 0.9111328125 0.53759765625 0.017578125 0.021484375
0 0.99365234375 0.599609375 0.0126953125 0.029296875
0 0.67919921875 0.8818359375 0.05078125 0.05859375
0 0.96337890625 0.50146484375 0.0166015625 0.01953125
0 0.52197265625 0.86083984375 0.0322265625 0.0478515625
0 0.35986328125 0.802734375 0.0224609375 0.03515625
0 0.591796875 0.74853515625 0.0361328125 0.0380859375
0 0.556640625 0.73779296875 0.03125 0.03125
0 0.55322265625 0.76318359375 0.0390625 0.0400390625
0 0.587890625 0.7255859375 0.029296875 0.029296875
0 0.29736328125 0.81591796875 0.0185546875 0.0185546875
0 0.75244140625 0.63916015625 0.0224609375 0.021484375
0 0.875 0.5283203125 0.0107421875 0.0087890625
0 0.5458984375 0.65625 0.0263671875 0.0263671875
0 0.95947265625 0.80908203125 0.0185546875 0.021484375
0 0.39697265625 0.87744140625 0.0224609375 0.037109375