0 0.66357421875 0.19677734375 0.056640625 0.0986328125
0 0.0244140625 0.31494140625 0.048828125 0.0888671875
0 0.70703125 0.10302734375 0.076171875 0.0849609375
0 0.41552734375 0.14306640625 0.0751953125 0.0810546875
0 0.4326171875 0.67333984375 0.1357421875 0.1884765625
0 0.50537109375 0.03662109375 0.0712890625 0.0732421875
0 0.26611328125 0.17529296875 0.05078125 0.0517578125
0 0.0185546875 0.18505859375 0.037109375 0.0517578125
0 0.84375 0.02001953125 0.06640625 0.0400390625
0 0.04736328125 0.390625 0.0947265625 0.115234375
0 0.13671875 0.16259765625 0.0830078125 0.0869140625
0 0.55859375 0.01318359375 0.048828125 0.0263671875
0 0.359375 0.31591796875 0.080078125 0.0693359375
0 0.876953125 0.06591796875 0.0615234375 0.07421875
0 0.93896484375 0.28271484375 0.060546875 0.09375
0 0.80859375 0.6220703125 0.1123046875 0.1005859375
0 0.4609375 0.7900390625 0.107421875 0.2041015625
0 0.1806640625 0.75146484375 0.1796875 0.181640625
0 0.68212890625 0.15478515625 0.0576171875 0.046875
0 0.501953125 0.10205078125 0.0478515625 0.0732421875
0 0.45361328125 0.01611328125 0.0576171875 0.0322265625
0 0.7890625 0.2548828125 0.0732421875 0.1220703125
0 0.32373046875 0.5205078125 0.12890625 0.140625
0 0.54345703125 0.0048828125 0.0400390625 0.009765625
0 0.6240234375 0.66796875 0.14453125 0.1845703125
0 0.67724609375 0.357421875 0.064453125 0.1005859375
0 0.75146484375 0.71826171875 0.1533203125 0.1865234375
0 0.916015625 0.3330078125 0.0966796875 0.1435546875
0 0.44287109375 0.59033203125 0.1044921875 0.1826171875
0 0.306640625 0.04931640625 0.03515625 0.03515625
0 0.59375 0.04833984375 0.041015625 0.044921875
0 0.05908203125 0.10791015625 0.03515625 0.0224609375
0 0.01953125 0.17529296875 0.0263671875 0.03125