0 0.466796875 0.197265625 0.046875 0.06396484375
0 0.53271484375 0.2783203125 0.0419921875 0.0693359375
0 0.423828125 0.0205078125 0.0302734375 0.041015625
0 0.87060546875 0.16064453125 0.02587890625 0.07958984375
0 0.93212890625 0.1474609375 0.03271484375 0.080078125
0 0.7109375 0.12451171875 0.04736328125 0.07373046875
0 0.9189453125 0.02197265625 0.0302734375 0.0419921875
0 0.6796875 0.109375 0.046875 0.08837890625
0 0.45703125 0.17919921875 0.02685546875 0.02880859375
0 0.77587890625 0.02734375 0.0087890625 0.0546875
0 0.97705078125 0.0947265625 0.04541015625 0.0791015625