0 0.09228515625 0.484375 0.01171875 0.017578125
0 0.2216796875 0.79345703125 0.01171875 0.0234375
0 0.17529296875 0.72607421875 0.0087890625 0.021484375
0 0.22119140625 0.8486328125 0.009765625 0.0234375
0 0.00244140625 0.43408203125 0.00390625 0.0166015625
0 0.2138671875 0.8115234375 0.009765625 0.0234375
0 0.23583984375 0.97900390625 0.009765625 0.02734375
0 0.2099609375 0.953125 0.0087890625 0.0224609375
0 0.18505859375 0.69091796875 0.013671875 0.0234375
0 0.12548828125 0.51513671875 0.009765625 0.017578125
0 0.15625 0.95068359375 0.01171875 0.01953125
0 0.06689453125 0.6494140625 0.015625 0.015625
0 0.0927734375 0.71728515625 0.01171875 0.017578125
0 0.27587890625 0.9697265625 0.009765625 0.0244140625
0 0.08154296875 0.61767578125 0.013671875 0.01953125
0 0.05810546875 0.99072265625 0.0068359375 0.0185546875
0 0.06884765625 0.46337890625 0.017578125 0.0234375