0 0.29638671875 0.390625 0.01123046875 0.0166015625
0 0.291015625 0.38134765625 0.01123046875 0.01611328125
0 0.20654296875 0.34130859375 0.01025390625 0.013671875
0 0.0576171875 0.32958984375 0.01123046875 0.017578125
0 0.03466796875 0.53076171875 0.01025390625 0.0166015625
0 0.1181640625 0.408203125 0.01708984375 0.015625
0 0.30029296875 0.330078125 0.0087890625 0.01220703125
0 0.04443359375 0.36328125 0.009765625 0.01708984375
0 0.3212890625 0.34765625 0.013671875 0.015625
0 0.076171875 0.3486328125 0.0078125 0.01708984375
0 0.04638671875 0.51806640625 0.01123046875 0.017578125
0 0.1650390625 0.36865234375 0.01123046875 0.0166015625
0 0.0634765625 0.3505859375 0.00927734375 0.01513671875
0 0.0087890625 0.322265625 0.009765625 0.01611328125
0 0.0595703125 0.341796875 0.0087890625 0.01806640625