0 0.12548828125 0.6044921875 0.01171875 0.0205078125
0 0.1083984375 0.57177734375 0.009765625 0.021484375
0 0.0546875 0.22900390625 0.0087890625 0.0224609375
0 0.076171875 0.20654296875 0.0126953125 0.0244140625
0 0.06787109375 0.2314453125 0.0126953125 0.0205078125
0 0.07275390625 0.59423828125 0.0126953125 0.02734375
0 0.1220703125 0.27783203125 0.0126953125 0.0185546875
0 0.00537109375 0.62158203125 0.0107421875 0.0205078125
0 0.12451171875 0.2294921875 0.013671875 0.0283203125
0 0.0458984375 0.18212890625 0.0068359375 0.021484375
0 0.1142578125 0.71484375 0.013671875 0.017578125
0 0.130859375 0.34423828125 0.009765625 0.025390625
0 0.07421875 0.47216796875 0.013671875 0.0283203125
0 0.0810546875 0.15185546875 0.01171875 0.0205078125
0 0.14892578125 0.568359375 0.0078125 0.0166015625
0 0.1630859375 0.93359375 0.0126953125 0.0244140625