0 0.3974609375 0.2431640625 0.0419921875 0.05419921875
0 0.4912109375 0.44775390625 0.041015625 0.03662109375
0 0.60693359375 0.95556640625 0.0380859375 0.0380859375
0 0.66455078125 0.8271484375 0.0263671875 0.0576171875
0 0.33447265625 0.703125 0.029296875 0.0693359375
0 0.69482421875 0.541015625 0.05322265625 0.044921875
0 0.33349609375 0.94970703125 0.03173828125 0.05224609375
0 0.9853515625 0.7666015625 0.0283203125 0.0517578125
0 0.04248046875 0.64013671875 0.0283203125 0.07666015625
0 0.9208984375 0.95751953125 0.04541015625 0.068359375
0 0.498046875 0.98388671875 0.02880859375 0.0322265625
0 0.564453125 0.8271484375 0.04052734375 0.09765625
0 0.38916015625 0.70751953125 0.041015625 0.076171875