0 0.43603515625 0.30322265625 0.033203125 0.0478515625
0 0.296875 0.41796875 0.033203125 0.041015625
0 0.58935546875 0.849609375 0.017578125 0.05859375
0 0.35791015625 0.75244140625 0.03125 0.05078125
0 0.201171875 0.26318359375 0.0205078125 0.044921875
0 0.33251953125 0.51513671875 0.0244140625 0.048828125
0 0.27685546875 0.5732421875 0.02734375 0.048828125
0 0.24365234375 0.60302734375 0.0283203125 0.04296875
0 0.3037109375 0.71337890625 0.029296875 0.0478515625
0 0.37548828125 0.68408203125 0.029296875 0.052734375
0 0.392578125 0.95068359375 0.0400390625 0.041015625