0 0.16650390625 0.51171875 0.0439453125 0.05908203125
0 0.642578125 0.36376953125 0.046875 0.05224609375
0 0.7578125 0.38037109375 0.0498046875 0.02880859375
0 0.09521484375 0.1044921875 0.02734375 0.0341796875
0 0.416015625 0.67333984375 0.07958984375 0.0849609375
0 0.07763671875 0.21044921875 0.0380859375 0.041015625
0 0.87158203125 0.302734375 0.05078125 0.0537109375
0 0.05029296875 0.3759765625 0.0498046875 0.0625
0 0.1103515625 0.36962890625 0.0283203125 0.0400390625
0 0.3525390625 0.3154296875 0.0322265625 0.0234375
0 0.31640625 0.48876953125 0.05712890625 0.0625
0 0.5791015625 0.50927734375 0.06787109375 0.0673828125
0 0.47412109375 0.3974609375 0.05419921875 0.0595703125
0 0.88037109375 0.17822265625 0.0361328125 0.03857421875
0 0.7001953125 0.34326171875 0.0537109375 0.05712890625
0 0.95556640625 0.20361328125 0.04541015625 0.041015625
0 0.48681640625 0.04248046875 0.017578125 0.0322265625
0 0.05810546875 0.0654296875 0.0283203125 0.03515625
0 0.5068359375 0.330078125 0.02978515625 0.03466796875
0 0.40234375 0.1669921875 0.0263671875 0.01806640625
0 0.71337890625 0.55712890625 0.06982421875 0.08642578125
0 0.4794921875 0.197265625 0.03125 0.04150390625
0 0.3115234375 0.416015625 0.05029296875 0.06005859375
0 0.22900390625 0.9609375 0.10546875 0.076171875
0 0.818359375 0.32861328125 0.04931640625 0.06103515625
0 0.275390625 0.41650390625 0.0400390625 0.0400390625
0 0.75 0.2353515625 0.03076171875 0.044921875
0 0.99072265625 0.1171875 0.01806640625 0.01708984375
0 0.7138671875 0.1318359375 0.03271484375 0.0322265625
0 0.572265625 0.22802734375 0.0576171875 0.05419921875
0 0.66357421875 0.28173828125 0.04638671875 0.052734375
0 0.29248046875 0.22607421875 0.0419921875 0.0478515625
0 0.64599609375 0.498046875 0.05859375 0.0654296875
0 0.81005859375 0.22265625 0.04150390625 0.04638671875
0 0.72998046875 0.0341796875 0.0234375 0.025390625
0 0.8349609375 0.306640625 0.0419921875 0.05029296875
0 0.12109375 0.0244140625 0.025390625 0.029296875
0 0.1220703125 0.076171875 0.0234375 0.02001953125
0 0.72607421875 0.06640625 0.0263671875 0.03125
0 0.21728515625 0.23876953125 0.03564453125 0.0458984375
0 0.7470703125 0.90283203125 0.09375 0.09375
0 0.13232421875 0.1298828125 0.0322265625 0.03857421875
0 0.37646484375 0.27392578125 0.03369140625 0.0556640625
0 0.00830078125 0.1220703125 0.0166015625 0.03857421875
0 0.64453125 0.04833984375 0.02978515625 0.02685546875
0 0.3486328125 0.17431640625 0.02392578125 0.01513671875
0 0.06103515625 0.3359375 0.0283203125 0.04296875
0 0.2392578125 0.2021484375 0.0341796875 0.0517578125
0 0.67431640625 0.07177734375 0.0234375 0.03564453125
0 0.24755859375 0.11767578125 0.02392578125 0.0224609375
0 0.3994140625 0.3564453125 0.044921875 0.02685546875
0 0.20361328125 0.0654296875 0.0263671875 0.03125
0 0.06005859375 0.03759765625 0.0185546875 0.0283203125
0 0.6025390625 0.03369140625 0.0224609375 0.0166015625
0 0.2001953125 0.2099609375 0.03271484375 0.048828125
0 0.65625 0.10498046875 0.03564453125 0.03759765625
0 0.4775390625 0.15087890625 0.0302734375 0.0185546875
0 0.1806640625 0.201171875 0.03564453125 0.0478515625
0 0.35693359375 0.03515625 0.0126953125 0.03173828125
0 0.4873046875 0.10546875 0.03173828125 0.03369140625
0 0.357421875 0.13916015625 0.03369140625 0.04052734375
0 0.228515625 0.09765625 0.029296875 0.0361328125
0 0.314453125 0.0498046875 0.013671875 0.0302734375
0 0.39013671875 0.1162109375 0.0234375 0.03466796875
0 0.44140625 0.10107421875 0.029296875 0.01904296875
0 0.306640625 0.1416015625 0.02783203125 0.0361328125
0 0.3349609375 0.0673828125 0.037109375 0.03515625
0 0.4619140625 0.03173828125 0.02392578125 0.0263671875
0 0.16357421875 0.1318359375 0.02685546875 0.0361328125
0 0.505859375 0.17138671875 0.02490234375 0.04638671875
0 0.5703125 0.03125 0.0224609375 0.01513671875
0 0.5712890625 0.1484375 0.033203125 0.03662109375
0 0.18798828125 0.115234375 0.02783203125 0.0390625
0 0.52197265625 0.01953125 0.0224609375 0.0341796875
0 0.5302734375 0.07666015625 0.033203125 0.033203125
0 0.3037109375 0.1162109375 0.02978515625 0.0361328125
0 0.822265625 0.0888671875 0.02490234375 0.0185546875
0 0.55322265625 0.06201171875 0.02978515625 0.03125
0 0.33203125 0.15966796875 0.029296875 0.0390625
0 0.41162109375 0.03564453125 0.02001953125 0.03173828125
0 0.8193359375 0.1044921875 0.0380859375 0.04052734375
0 0.59619140625 0.14013671875 0.0244140625 0.02294921875
0 0.4169921875 0.09375 0.03125 0.037109375
0 0.62060546875 0.11767578125 0.0244140625 0.037109375
0 0.314453125 0.02587890625 0.01904296875 0.02490234375
0 0.5595703125 0.12939453125 0.03466796875 0.02490234375
0 0.50830078125 0.06396484375 0.013671875 0.01806640625
0 0.20361328125 0.0458984375 0.0244140625 0.01806640625
0 0.2783203125 0.10498046875 0.01806640625 0.02490234375
0 0.7373046875 0.05419921875 0.05908203125 0.06982421875
0 0.337890625 0.0126953125 0.02783203125 0.025390625
0 0.44091796875 0.064453125 0.02734375 0.033203125
0 0.62548828125 0.15087890625 0.0322265625 0.0341796875
0 0.3193359375 0.07421875 0.01806640625 0.0126953125
0 0.41943359375 0.01953125 0.025390625 0.02880859375
0 0.54248046875 0.14794921875 0.02490234375 0.02783203125
0 0.2958984375 0.0087890625 0.02587890625 0.01708984375
0 0.427734375 0.0751953125 0.02734375 0.0322265625
0 0.5439453125 0.04541015625 0.02294921875 0.013671875
0 0.248046875 0.01171875 0.0390625 0.0234375
0 0.2373046875 0.07421875 0.0107421875 0.0263671875
0 0.00390625 0.0439453125 0.00732421875 0.0322265625
0 0.658203125 0.08447265625 0.0244140625 0.017578125
0 0.181640625 0.1328125 0.0205078125 0.0341796875
0 0.435546875 0.0166015625 0.01904296875 0.01708984375
0 0.5263671875 0.00927734375 0.01953125 0.0185546875
0 0.990234375 0.2763671875 0.01416015625 0.02685546875
0 0.64306640625 0.107421875 0.0166015625 0.0283203125
0 0.591796875 0.005859375 0.013671875 0.01171875
0 0.232421875 0.01171875 0.01611328125 0.02294921875
0 0.41650390625 0.384765625 0.0595703125 0.05078125
0 0.404296875 0.04296875 0.01806640625 0.01953125
0 0.72314453125 0.0380859375 0.009765625 0.0146484375
0 0.4990234375 0.3212890625 0.0126953125 0.01806640625