0 0.09814453125 0.72216796875 0.017578125 0.0458984375
0 0.23974609375 0.35400390625 0.0244140625 0.0478515625
0 0.353515625 0.21533203125 0.017578125 0.0390625
0 0.42919921875 0.32568359375 0.021484375 0.044921875
0 0.59423828125 0.076171875 0.025390625 0.041015625
0 0.4951171875 0.36376953125 0.0166015625 0.0400390625
0 0.72607421875 0.34130859375 0.0224609375 0.04296875
0 0.59814453125 0.21923828125 0.0234375 0.03125
0 0.5625 0.33203125 0.01953125 0.041015625
0 0.7255859375 0.146484375 0.013671875 0.0283203125
0 0.5732421875 0.2431640625 0.0166015625 0.03125