0 0.36328125 0.724609375 0.0419921875 0.0498046875
0 0.4013671875 0.36767578125 0.044921875 0.064453125
0 0.86279296875 0.25732421875 0.0546875 0.06640625
0 0.83251953125 0.5 0.0478515625 0.0478515625
0 0.37939453125 0.8359375 0.052734375 0.0419921875
0 0.5283203125 0.77685546875 0.05078125 0.05078125
0 0.33984375 0.65283203125 0.04296875 0.064453125
0 0.7998046875 0.82080078125 0.048828125 0.05859375
0 0.400390625 0.455078125 0.0517578125 0.0673828125
0 0.6806640625 0.84033203125 0.0458984375 0.068359375
0 0.6806640625 0.9208984375 0.0556640625 0.05859375
0 0.79150390625 0.703125 0.0458984375 0.0546875
0 0.90966796875 0.18017578125 0.0458984375 0.048828125
0 0.861328125 0.94677734375 0.0546875 0.0595703125
0 0.32861328125 0.89599609375 0.0634765625 0.0458984375
0 0.873046875 0.80908203125 0.0439453125 0.060546875
0 0.74560546875 0.9248046875 0.0400390625 0.072265625
0 0.94775390625 0.72705078125 0.0390625 0.0556640625
0 0.6494140625 0.8427734375 0.0498046875 0.0458984375
0 0.97900390625 0.29833984375 0.0419921875 0.0576171875
0 0.87109375 0.56787109375 0.0546875 0.0771484375
0 0.95458984375 0.6669921875 0.0439453125 0.05859375
0 0.9677734375 0.48486328125 0.0380859375 0.0498046875
0 0.97265625 0.10546875 0.0400390625 0.0380859375
0 0.912109375 0.6826171875 0.0439453125 0.0390625
0 0.287109375 0.91015625 0.0478515625 0.0458984375
0 0.9267578125 0.3955078125 0.0458984375 0.048828125
0 0.93310546875 0.32177734375 0.04296875 0.0517578125
0 0.89892578125 0.08544921875 0.0302734375 0.02734375
0 0.98974609375 0.56591796875 0.0205078125 0.0986328125
0 0.98486328125 0.4990234375 0.0302734375 0.048828125