0 0.18115234375 0.7919921875 0.041015625 0.0576171875
0 0.25634765625 0.9248046875 0.0458984375 0.0537109375
0 0.22314453125 0.7236328125 0.04296875 0.037109375
0 0.66162109375 0.60009765625 0.0517578125 0.060546875
0 0.71875 0.89306640625 0.0439453125 0.0625
0 0.650390625 0.689453125 0.064453125 0.0615234375
0 0.150390625 0.400390625 0.044921875 0.046875
0 0.20654296875 0.48388671875 0.0498046875 0.0498046875
0 0.095703125 0.8828125 0.044921875 0.0615234375
0 0.0849609375 0.70556640625 0.0400390625 0.0556640625
0 0.09375 0.93798828125 0.044921875 0.060546875
0 0.0546875 0.80029296875 0.0224609375 0.0673828125
0 0.0771484375 0.51220703125 0.0458984375 0.0673828125
0 0.15283203125 0.28662109375 0.04296875 0.0595703125
0 0.0869140625 0.3173828125 0.0439453125 0.05078125
0 0.5009765625 0.99462890625 0.029296875 0.0107421875
0 0.06591796875 0.716796875 0.04296875 0.048828125
0 0.6865234375 0.96142578125 0.029296875 0.0263671875
0 0.1279296875 0.61767578125 0.044921875 0.0419921875
0 0.134765625 0.90234375 0.046875 0.0361328125
0 0.1240234375 0.54345703125 0.0439453125 0.0458984375