0 0.70654296875 0.1572265625 0.0244140625 0.07568359375
0 0.4609375 0.64990234375 0.0380859375 0.04541015625
0 0.98681640625 0.61181640625 0.0263671875 0.04345703125
0 0.52001953125 0.14990234375 0.02880859375 0.0654296875
0 0.3984375 0.876953125 0.0244140625 0.07666015625
0 0.962890625 0.4873046875 0.02783203125 0.07861328125
0 0.9501953125 0.740234375 0.03466796875 0.06103515625
0 0.36279296875 0.5849609375 0.03173828125 0.07763671875
0 0.6630859375 0.98486328125 0.04541015625 0.02978515625
0 0.7822265625 0.0947265625 0.0283203125 0.07177734375
0 0.81787109375 0.09033203125 0.0361328125 0.06787109375
0 0.43798828125 0.4814453125 0.025390625 0.06201171875
0 0.587890625 0.46630859375 0.02294921875 0.06103515625
0 0.9072265625 0.26171875 0.029296875 0.048828125
0 0.5615234375 0.97705078125 0.029296875 0.0458984375
0 0.62451171875 0.78564453125 0.04638671875 0.07763671875
0 0.79931640625 0.22509765625 0.03076171875 0.06201171875
0 0.794921875 0.58447265625 0.01904296875 0.06591796875
0 0.4072265625 0.94091796875 0.0302734375 0.0625
0 0.7509765625 0.82177734375 0.044921875 0.03662109375
0 0.84423828125 0.4912109375 0.02783203125 0.0830078125
0 0.9619140625 0.0908203125 0.01953125 0.0751953125
0 0.7734375 0.53466796875 0.05810546875 0.04541015625
0 0.9375 0.05810546875 0.01904296875 0.05126953125