0 0.2314453125 0.18505859375 0.03076171875 0.05126953125
0 0.17724609375 0.09033203125 0.02685546875 0.046875
0 0.27099609375 0.25048828125 0.0234375 0.05859375
0 0.0537109375 0.03515625 0.02685546875 0.037109375
0 0.07470703125 0.29833984375 0.0205078125 0.06494140625
0 0.05615234375 0.1689453125 0.0166015625 0.044921875
0 0.16845703125 0.0341796875 0.0224609375 0.0380859375
0 0.162109375 0.16357421875 0.0419921875 0.046875
0 0.06689453125 0.015625 0.017578125 0.03076171875
0 0.099609375 0.07177734375 0.01611328125 0.0478515625
0 0.09033203125 0.3349609375 0.03173828125 0.052734375