0 0.51416015625 0.17626953125 0.0576171875 0.1015625
0 0.61669921875 0.0458984375 0.0556640625 0.091796875
0 0.94580078125 0.32958984375 0.068359375 0.09375
0 0.451171875 0.029296875 0.052734375 0.05810546875
0 0.20361328125 0.03759765625 0.0712890625 0.07470703125
0 0.3984375 0.0244140625 0.05126953125 0.0458984375
0 0.6845703125 0.158203125 0.06591796875 0.10546875
0 0.6669921875 0.29833984375 0.068359375 0.10498046875
0 0.599609375 0.2197265625 0.06884765625 0.08349609375
0 0.7734375 0.14599609375 0.0615234375 0.08740234375
0 0.67333984375 0.892578125 0.07861328125 0.052734375
0 0.97705078125 0.98388671875 0.04541015625 0.03173828125
0 0.9873046875 0.650390625 0.02490234375 0.06005859375
0 0.99169921875 0.87890625 0.0166015625 0.037109375