0 0.4443359375 0.4453125 0.01953125 0.0361328125
0 0.23876953125 0.470703125 0.0263671875 0.048828125
0 0.2841796875 0.341796875 0.021484375 0.0498046875
0 0.02734375 0.10302734375 0.013671875 0.03125
0 0.47998046875 0.65625 0.025390625 0.05078125
0 0.248046875 0.15869140625 0.0205078125 0.0498046875
0 0.54736328125 0.095703125 0.025390625 0.03515625
0 0.322265625 0.22314453125 0.0205078125 0.033203125
0 0.61962890625 0.10986328125 0.0166015625 0.0283203125
0 0.6796875 0.0390625 0.0166015625 0.0263671875
0 0.75927734375 0.0615234375 0.01953125 0.0244140625
0 0.5927734375 0.037109375 0.0234375 0.01953125
0 0.623046875 0.04736328125 0.017578125 0.0224609375
0 0.40234375 0.2333984375 0.013671875 0.0341796875
0 0.45654296875 0.2958984375 0.021484375 0.0361328125
0 0.55517578125 0.2607421875 0.0205078125 0.0322265625
0 0.27197265625 0.166015625 0.0146484375 0.033203125
0 0.619140625 0.2138671875 0.015625 0.0341796875
0 0.5830078125 0.0556640625 0.0166015625 0.033203125
0 0.66845703125 0.033203125 0.0126953125 0.0205078125
0 0.6591796875 0.5361328125 0.03125 0.0595703125