0 0.951171875 0.576171875 0.06591796875 0.271484375
0 0.30078125 0.26611328125 0.08544921875 0.25634765625
0 0.318359375 0.70751953125 0.07177734375 0.25732421875
0 0.86328125 0.80029296875 0.05859375 0.2548828125
0 0.6650390625 0.72412109375 0.0654296875 0.2421875
0 0.60009765625 0.36376953125 0.09228515625 0.2001953125
0 0.3818359375 0.36767578125 0.06787109375 0.22412109375
0 0.21826171875 0.95068359375 0.0751953125 0.09619140625
0 0.52490234375 0.60009765625 0.0693359375 0.25927734375
0 0.05322265625 0.95556640625 0.09033203125 0.087890625
0 0.9208984375 0.3173828125 0.056640625 0.28515625
0 0.80029296875 0.47412109375 0.0771484375 0.2470703125
0 0.87548828125 0.08642578125 0.087890625 0.171875
0 0.53173828125 0.08203125 0.06494140625 0.1640625
0 0.865234375 0.31787109375 0.060546875 0.27880859375
0 0.068359375 0.12841796875 0.126953125 0.2568359375
0 0.70361328125 0.134765625 0.0634765625 0.26953125
0 0.9443359375 0.1240234375 0.111328125 0.166015625
0 0.8896484375 0.9658203125 0.14404296875 0.06787109375
0 0.4326171875 0.962890625 0.08349609375 0.072265625