0 0.25830078125 0.33837890625 0.013671875 0.013671875
0 0.58544921875 0.2216796875 0.01025390625 0.01318359375
0 0.595703125 0.22021484375 0.0126953125 0.015625
0 0.708984375 0.27197265625 0.009765625 0.0166015625
0 0.70361328125 0.28271484375 0.01123046875 0.01416015625
0 0.4716796875 0.2421875 0.01171875 0.01123046875
0 0.64208984375 0.2421875 0.01171875 0.01171875
0 0.1865234375 0.34375 0.0087890625 0.0146484375
0 0.490234375 0.251953125 0.0126953125 0.01708984375
0 0.51025390625 0.30126953125 0.015625 0.01513671875
0 0.65234375 0.23486328125 0.0126953125 0.009765625
0 0.81787109375 0.3125 0.01806640625 0.01513671875
0 0.46435546875 0.31689453125 0.01171875 0.01318359375
0 0.36279296875 0.25048828125 0.0107421875 0.013671875
0 0.3232421875 0.35498046875 0.013671875 0.01708984375
0 0.4912109375 0.23046875 0.0107421875 0.01611328125
0 0.603515625 0.234375 0.01025390625 0.01171875
0 0.6337890625 0.21533203125 0.009765625 0.0146484375
0 0.29150390625 0.25732421875 0.00732421875 0.0126953125
0 0.74462890625 0.296875 0.01416015625 0.0166015625
0 0.2431640625 0.31396484375 0.0078125 0.01318359375
0 0.1923828125 0.35986328125 0.00732421875 0.01171875
0 0.7705078125 0.28857421875 0.01513671875 0.01123046875
0 0.13134765625 0.42578125 0.00732421875 0.01416015625
0 0.4033203125 0.2578125 0.0078125 0.01171875
0 0.62451171875 0.21533203125 0.00830078125 0.013671875
0 0.14697265625 0.3955078125 0.00732421875 0.015625
0 0.4130859375 0.353515625 0.00732421875 0.0166015625
0 0.32568359375 0.248046875 0.00732421875 0.0126953125
0 0.10693359375 0.466796875 0.00830078125 0.01708984375
0 0.181640625 0.5068359375 0.0048828125 0.02001953125
0 0.1298828125 0.39453125 0.00537109375 0.01611328125
0 0.373046875 0.24853515625 0.0107421875 0.01123046875
0 0.31591796875 0.38427734375 0.0107421875 0.01318359375
0 0.28369140625 0.255859375 0.0078125 0.01318359375
0 0.220703125 0.39306640625 0.0087890625 0.01416015625
0 0.30859375 0.38037109375 0.0078125 0.013671875
0 0.2099609375 0.41796875 0.005859375 0.01611328125
0 0.1533203125 0.623046875 0.00634765625 0.01416015625
0 0.19091796875 0.43359375 0.00634765625 0.01513671875
0 0.21630859375 0.9150390625 0.01123046875 0.02099609375
0 0.16845703125 0.40625 0.00537109375 0.0146484375
0 0.55126953125 0.28515625 0.01025390625 0.01171875
0 0.06591796875 0.869140625 0.0107421875 0.02099609375
0 0.16748046875 0.42236328125 0.0048828125 0.013671875
0 0.140625 0.39453125 0.00537109375 0.01513671875
0 0.1962890625 0.4560546875 0.0048828125 0.01611328125
0 0.1484375 0.7470703125 0.00634765625 0.0205078125
0 0.1240234375 0.7841796875 0.00634765625 0.0244140625
0 0.17578125 0.541015625 0.0068359375 0.0146484375
0 0.0458984375 0.9052734375 0.00732421875 0.03076171875
0 0.12890625 0.990234375 0.01123046875 0.0185546875
0 0.03564453125 0.97412109375 0.00830078125 0.02734375
0 0.65576171875 0.23095703125 0.0087890625 0.009765625
0 0.24951171875 0.33349609375 0.0087890625 0.01318359375
0 0.2119140625 0.408203125 0.005859375 0.0146484375