0 0.39501953125 0.34423828125 0.02099609375 0.0390625
0 0.3369140625 0.3798828125 0.0244140625 0.0546875
0 0.01904296875 0.484375 0.029296875 0.0546875
0 0.0224609375 0.56494140625 0.0244140625 0.05224609375
0 0.0146484375 0.62890625 0.029296875 0.0546875
0 0.005859375 0.1953125 0.01171875 0.04052734375
0 0.20263671875 0.32763671875 0.0234375 0.05419921875
0 0.27978515625 0.21142578125 0.02783203125 0.06103515625
0 0.056640625 0.0888671875 0.01806640625 0.05712890625
0 0.0302734375 0.09326171875 0.02099609375 0.04833984375
0 0.46240234375 0.0439453125 0.02001953125 0.04736328125
0 0.369140625 0.18896484375 0.0244140625 0.0595703125
0 0.3193359375 0.1416015625 0.02734375 0.06396484375
0 0.3017578125 0.08349609375 0.01806640625 0.05029296875
0 0.22509765625 0.189453125 0.02001953125 0.04541015625
0 0.18408203125 0.1533203125 0.02685546875 0.0498046875
0 0.14697265625 0.1162109375 0.01513671875 0.068359375
0 0.13671875 0.1025390625 0.009765625 0.060546875
0 0.091796875 0.22509765625 0.02880859375 0.03271484375
0 0.1005859375 0.16162109375 0.0234375 0.03759765625
0 0.0927734375 0.08544921875 0.01904296875 0.06298828125
0 0.39111328125 0.08056640625 0.02197265625 0.05615234375
0 0.20166015625 0.224609375 0.01806640625 0.05419921875
0 0.1865234375 0.2333984375 0.01953125 0.06298828125
0 0.1337890625 0.23486328125 0.02392578125 0.04296875
0 0.00732421875 0.2822265625 0.01416015625 0.04833984375
0 0.23779296875 0.01513671875 0.01123046875 0.0302734375
0 0.04736328125 0.1875 0.01904296875 0.03564453125
0 0.3603515625 0.0986328125 0.0185546875 0.04541015625
0 0.3486328125 0.0517578125 0.01611328125 0.04052734375