0 0.2109375 0.88134765625 0.02734375 0.033203125
0 0.2490234375 0.64599609375 0.015625 0.021484375
0 0.291015625 0.72021484375 0.0185546875 0.0244140625
0 0.09130859375 0.75 0.0205078125 0.02783203125
0 0.3134765625 0.7880859375 0.017578125 0.02880859375
0 0.0595703125 0.88623046875 0.0234375 0.03076171875
0 0.388671875 0.85791015625 0.0263671875 0.03125
0 0.2236328125 0.8310546875 0.0234375 0.0302734375
0 0.43994140625 0.88525390625 0.02734375 0.03076171875
0 0.11279296875 0.974609375 0.0185546875 0.0361328125
0 0.52880859375 0.71630859375 0.0244140625 0.02490234375
0 0.13671875 0.54931640625 0.01708984375 0.017578125
0 0.41064453125 0.68603515625 0.0166015625 0.02294921875
0 0.5498046875 0.8544921875 0.02685546875 0.03271484375
0 0.373046875 0.8818359375 0.02392578125 0.0283203125
0 0.11376953125 0.86279296875 0.02685546875 0.03076171875
0 0.1123046875 0.59375 0.01513671875 0.0185546875
0 0.19970703125 0.69775390625 0.01708984375 0.02197265625
0 0.150390625 0.87109375 0.01904296875 0.03076171875
0 0.10400390625 0.63623046875 0.013671875 0.021484375
0 0.09619140625 0.78125 0.01904296875 0.0283203125
0 0.1201171875 0.8974609375 0.02734375 0.0302734375
0 0.03271484375 0.7861328125 0.0166015625 0.02783203125
0 0.130859375 0.62158203125 0.01904296875 0.0205078125
0 0.15185546875 0.7470703125 0.0166015625 0.0234375
0 0.2666015625 0.693359375 0.017578125 0.02001953125
0 0.58251953125 0.73291015625 0.0224609375 0.02685546875
0 0.171875 0.638671875 0.01904296875 0.02197265625
0 0.173828125 0.8251953125 0.0166015625 0.02783203125
0 0.63818359375 0.7626953125 0.02294921875 0.033203125
0 0.1015625 0.91748046875 0.02587890625 0.03125
0 0.50830078125 0.5126953125 0.0166015625 0.01611328125
0 0.64453125 0.6923828125 0.02197265625 0.02734375
0 0.0126953125 0.841796875 0.0205078125 0.0263671875
0 0.009765625 0.7841796875 0.01953125 0.0166015625
0 0.458984375 0.74755859375 0.0146484375 0.02734375
0 0.6328125 0.87744140625 0.0205078125 0.03369140625
0 0.58056640625 0.76171875 0.01904296875 0.02734375
0 0.15673828125 0.93408203125 0.01611328125 0.02880859375
0 0.4931640625 0.84765625 0.01416015625 0.02783203125
0 0.4462890625 0.6728515625 0.02099609375 0.01416015625
0 0.0205078125 0.5751953125 0.01220703125 0.01806640625
0 0.48388671875 0.712890625 0.0126953125 0.02294921875
0 0.49658203125 0.7783203125 0.02197265625 0.02685546875
0 0.57275390625 0.7880859375 0.02734375 0.0322265625
0 0.24658203125 0.53369140625 0.0146484375 0.01806640625
0 0.41845703125 0.75244140625 0.0185546875 0.0263671875
0 0.51611328125 0.78515625 0.02392578125 0.0283203125
0 0.302734375 0.83984375 0.0185546875 0.0283203125
0 0.03564453125 0.97314453125 0.0263671875 0.0205078125
0 0.142578125 0.66943359375 0.01611328125 0.021484375
0 0.05712890625 0.7939453125 0.02197265625 0.0283203125
0 0.25146484375 0.61083984375 0.01123046875 0.0185546875
0 0.435546875 0.724609375 0.015625 0.0263671875
0 0.25341796875 0.47021484375 0.0126953125 0.015625
0 0.451171875 0.57177734375 0.0166015625 0.0205078125
0 0.642578125 0.828125 0.0205078125 0.03466796875
0 0.19189453125 0.5126953125 0.01220703125 0.0166015625
0 0.5478515625 0.7470703125 0.02197265625 0.02978515625
0 0.140625 0.802734375 0.01953125 0.02734375
0 0.12548828125 0.806640625 0.01513671875 0.02783203125
0 0.4228515625 0.5751953125 0.01953125 0.01953125
0 0.22705078125 0.67822265625 0.01318359375 0.0244140625
0 0.63916015625 0.65478515625 0.0166015625 0.02685546875
0 0.193359375 0.80029296875 0.01513671875 0.02197265625
0 0.59375 0.642578125 0.0205078125 0.0224609375
0 0.64013671875 0.576171875 0.017578125 0.0224609375
0 0.69677734375 0.70263671875 0.01806640625 0.02685546875
0 0.39990234375 0.73974609375 0.015625 0.02734375
0 0.09375 0.86865234375 0.02099609375 0.03271484375
0 0.3671875 0.748046875 0.01171875 0.02294921875
0 0.66162109375 0.658203125 0.01611328125 0.025390625
0 0.22119140625 0.80712890625 0.01025390625 0.02392578125
0 0.138671875 0.49462890625 0.0107421875 0.01416015625
0 0.39697265625 0.77490234375 0.01318359375 0.02587890625
0 0.1728515625 0.9853515625 0.01611328125 0.0244140625
0 0.14697265625 0.70703125 0.01708984375 0.0244140625
0 0.0361328125 0.54638671875 0.0107421875 0.017578125
0 0.61083984375 0.66064453125 0.01611328125 0.02099609375
0 0.03662109375 0.47802734375 0.01025390625 0.01171875
0 0.2646484375 0.513671875 0.00927734375 0.0166015625
0 0.0830078125 0.53857421875 0.01123046875 0.01708984375
0 0.34375 0.50830078125 0.01611328125 0.017578125
0 0.66650390625 0.6279296875 0.01708984375 0.02392578125
0 0.171875 0.7978515625 0.01220703125 0.02685546875
0 0.421875 0.6396484375 0.01318359375 0.0205078125
0 0.205078125 0.7119140625 0.0185546875 0.013671875
0 0.16748046875 0.455078125 0.013671875 0.01416015625
0 0.27783203125 0.68017578125 0.01416015625 0.01904296875
0 0.2626953125 0.73388671875 0.01708984375 0.02197265625
0 0.6259765625 0.72119140625 0.01025390625 0.02685546875
0 0.56640625 0.630859375 0.01708984375 0.0185546875
0 0.607421875 0.74609375 0.015625 0.02978515625
0 0.3935546875 0.7998046875 0.00927734375 0.029296875
0 0.36376953125 0.44775390625 0.0126953125 0.0146484375
0 0.123046875 0.4921875 0.009765625 0.01416015625
0 0.3818359375 0.486328125 0.015625 0.01806640625
0 0.2041015625 0.46630859375 0.009765625 0.01416015625
0 0.40771484375 0.52294921875 0.015625 0.0185546875
0 0.5869140625 0.6875 0.013671875 0.02392578125
0 0.47705078125 0.4931640625 0.01220703125 0.01953125
0 0.11767578125 0.46630859375 0.01171875 0.01611328125
0 0.29931640625 0.447265625 0.01123046875 0.01220703125
0 0.47314453125 0.5859375 0.0166015625 0.02099609375
0 0.4072265625 0.5966796875 0.01220703125 0.0185546875
0 0.33935546875 0.5634765625 0.01025390625 0.017578125
0 0.40185546875 0.4736328125 0.01171875 0.01416015625
0 0.31689453125 0.4521484375 0.01220703125 0.015625
0 0.388671875 0.52734375 0.0146484375 0.01708984375
0 0.42333984375 0.8623046875 0.0166015625 0.02587890625
0 0.1171875 0.6708984375 0.01171875 0.01953125
0 0.421875 0.49072265625 0.01318359375 0.017578125
0 0.1689453125 0.599609375 0.0078125 0.01611328125
0 0.43505859375 0.52490234375 0.01220703125 0.01953125
0 0.375 0.53564453125 0.01513671875 0.0166015625
0 0.25634765625 0.71923828125 0.01123046875 0.01904296875
0 0.125 0.70263671875 0.01416015625 0.02099609375
0 0.62548828125 0.77685546875 0.0166015625 0.02978515625
0 0.48193359375 0.51171875 0.0126953125 0.02294921875
0 0.54052734375 0.564453125 0.0146484375 0.02685546875
0 0.41552734375 0.46630859375 0.00927734375 0.01416015625
0 0.44287109375 0.46484375 0.00732421875 0.0146484375
0 0.50048828125 0.580078125 0.00927734375 0.017578125
0 0.66259765625 0.61376953125 0.01220703125 0.0185546875
0 0.10302734375 0.5400390625 0.00830078125 0.01708984375
0 0.4677734375 0.513671875 0.01025390625 0.01904296875
0 0.1337890625 0.71337890625 0.013671875 0.0205078125
0 0.06298828125 0.73681640625 0.0107421875 0.01318359375
0 0.34375 0.47998046875 0.01025390625 0.015625
0 0.3564453125 0.46875 0.01513671875 0.01904296875
0 0.6201171875 0.7646484375 0.01416015625 0.02490234375
0 0.39501953125 0.50048828125 0.01123046875 0.0107421875
0 0.33154296875 0.52099609375 0.005859375 0.0166015625
0 0.236328125 0.47607421875 0.00634765625 0.0107421875
0 0.36279296875 0.46337890625 0.01123046875 0.015625
0 0.42724609375 0.8486328125 0.01123046875 0.02294921875
0 0.13330078125 0.87744140625 0.02099609375 0.03076171875
0 0.57666015625 0.63232421875 0.01123046875 0.0205078125
0 0.33056640625 0.453125 0.005859375 0.01123046875
0 0.11279296875 0.53955078125 0.0068359375 0.0107421875
0 0.41748046875 0.501953125 0.00732421875 0.01123046875
0 0.06201171875 0.9931640625 0.01416015625 0.01318359375
0 0.5400390625 0.55810546875 0.01220703125 0.01513671875
0 0.42578125 0.52294921875 0.0107421875 0.01513671875
0 0.47119140625 0.50146484375 0.01171875 0.01416015625
0 0.51513671875 0.39404296875 0.0107421875 0.01416015625
0 0.5693359375 0.775390625 0.021484375 0.02197265625
0 0.22119140625 0.478515625 0.0087890625 0.00634765625
0 0.24365234375 0.43359375 0.0078125 0.01220703125
0 0.4443359375 0.630859375 0.00927734375 0.01123046875
0 0.61572265625 0.64013671875 0.03125 0.01416015625
0 0.12451171875 0.45166015625 0.0107421875 0.013671875