0 0.87841796875 0.91015625 0.015625 0.0341796875
0 0.93212890625 0.85498046875 0.013671875 0.02734375
0 0.84423828125 0.8916015625 0.0166015625 0.03125
0 0.9912109375 0.84130859375 0.01171875 0.01953125
0 0.70166015625 0.8974609375 0.015625 0.0322265625
0 0.7392578125 0.86083984375 0.015625 0.025390625
0 0.9638671875 0.7802734375 0.0166015625 0.02734375
0 0.67919921875 0.962890625 0.015625 0.033203125
0 0.955078125 0.87353515625 0.0263671875 0.0263671875
0 0.85400390625 0.94873046875 0.01171875 0.013671875
0 0.88916015625 0.94287109375 0.0146484375 0.0166015625
0 0.9873046875 0.689453125 0.0146484375 0.0234375
0 0.69677734375 0.7783203125 0.015625 0.025390625
0 0.8759765625 0.8583984375 0.013671875 0.0185546875
0 0.74560546875 0.96142578125 0.0224609375 0.01953125
0 0.8017578125 0.7392578125 0.0224609375 0.0283203125
0 0.76904296875 0.74951171875 0.0126953125 0.0205078125
0 0.9140625 0.91748046875 0.0234375 0.033203125
0 0.72607421875 0.9541015625 0.0224609375 0.021484375
0 0.84033203125 0.8369140625 0.017578125 0.0263671875
0 0.9794921875 0.77392578125 0.0244140625 0.0322265625
0 0.8154296875 0.85595703125 0.0244140625 0.0234375
0 0.56689453125 0.9501953125 0.0146484375 0.0302734375
0 0.93115234375 0.68701171875 0.015625 0.0205078125
0 0.64404296875 0.82373046875 0.01171875 0.0234375
0 0.7265625 0.89404296875 0.0224609375 0.0322265625
0 0.85693359375 0.85302734375 0.025390625 0.0322265625
0 0.76416015625 0.82861328125 0.01953125 0.0283203125
0 0.5380859375 0.92626953125 0.0244140625 0.0234375
0 0.96240234375 0.8837890625 0.029296875 0.0341796875
0 0.74072265625 0.93701171875 0.0234375 0.0341796875
0 0.9970703125 0.63232421875 0.005859375 0.0224609375
0 0.5849609375 0.98486328125 0.017578125 0.017578125
0 0.99609375 0.86083984375 0.0078125 0.0361328125
0 0.76416015625 0.96337890625 0.01953125 0.0107421875
0 0.9912109375 0.91845703125 0.017578125 0.0224609375
0 0.76708984375 0.90771484375 0.0185546875 0.029296875
0 0.5390625 0.9697265625 0.013671875 0.029296875
0 0.65966796875 0.7626953125 0.013671875 0.025390625
0 0.8544921875 0.92236328125 0.0205078125 0.021484375
0 0.5595703125 0.82763671875 0.021484375 0.0244140625
0 0.65673828125 0.92333984375 0.0205078125 0.0341796875
0 0.97705078125 0.5498046875 0.015625 0.01953125
0 0.513671875 0.8798828125 0.0107421875 0.0126953125
0 0.82177734375 0.8671875 0.0244140625 0.01953125
0 0.49365234375 0.97216796875 0.0166015625 0.01953125
0 0.92919921875 0.93408203125 0.013671875 0.017578125
0 0.701171875 0.9736328125 0.009765625 0.0068359375
0 0.88671875 0.92333984375 0.01953125 0.02734375