0 0.10009765625 0.50634765625 0.0234375 0.029296875
0 0.220703125 0.814453125 0.02734375 0.021484375
0 0.203125 0.6767578125 0.0234375 0.021484375
0 0.18359375 0.6591796875 0.0146484375 0.0185546875
0 0.18505859375 0.75927734375 0.017578125 0.0224609375
0 0.08203125 0.4326171875 0.013671875 0.01953125
0 0.22509765625 0.796875 0.01953125 0.021484375
0 0.0205078125 0.47119140625 0.015625 0.021484375
0 0.26904296875 0.8876953125 0.01953125 0.0234375
0 0.12109375 0.6142578125 0.013671875 0.0166015625
0 0.154296875 0.68212890625 0.01953125 0.017578125
0 0.109375 0.67041015625 0.017578125 0.021484375
0 0.1484375 0.73095703125 0.0185546875 0.0244140625
0 0.14013671875 0.63916015625 0.015625 0.017578125
0 0.1376953125 0.75244140625 0.0185546875 0.0224609375
0 0.24462890625 0.7744140625 0.0166015625 0.0205078125
0 0.0947265625 0.4189453125 0.0107421875 0.015625
0 0.0791015625 0.5908203125 0.015625 0.01953125
0 0.19580078125 0.7314453125 0.013671875 0.015625
0 0.2236328125 0.85205078125 0.01953125 0.029296875
0 0.0849609375 0.61376953125 0.015625 0.021484375
0 0.04345703125 0.58056640625 0.0126953125 0.0224609375
0 0.1142578125 0.98583984375 0.0166015625 0.0224609375
0 0.1826171875 0.80322265625 0.0166015625 0.0244140625
0 0.05029296875 0.56884765625 0.017578125 0.021484375
0 0.1611328125 0.6962890625 0.01953125 0.021484375
0 0.0673828125 0.6142578125 0.017578125 0.021484375
0 0.11328125 0.880859375 0.01171875 0.0283203125
0 0.1103515625 0.57568359375 0.017578125 0.0244140625
0 0.275390625 0.91357421875 0.017578125 0.025390625
0 0.029296875 0.5244140625 0.01171875 0.021484375
0 0.1123046875 0.93603515625 0.0205078125 0.021484375
0 0.16259765625 0.9716796875 0.017578125 0.01953125
0 0.05029296875 0.6494140625 0.0166015625 0.0205078125
0 0.10107421875 0.55859375 0.0146484375 0.015625
0 0.1748046875 0.90625 0.0166015625 0.0224609375
0 0.1484375 0.60693359375 0.015625 0.01953125
0 0.1826171875 0.9873046875 0.021484375 0.025390625
0 0.01025390625 0.5625 0.015625 0.025390625
0 0.15185546875 0.87939453125 0.017578125 0.01953125
0 0.12890625 0.86962890625 0.0166015625 0.0224609375
0 0.18505859375 0.83837890625 0.0166015625 0.0244140625
0 0.1884765625 0.60205078125 0.0126953125 0.017578125
0 0.10546875 0.8369140625 0.01953125 0.0234375
0 0.07470703125 0.6357421875 0.017578125 0.0185546875
0 0.1005859375 0.75927734375 0.0185546875 0.0234375
0 0.083984375 0.6748046875 0.0166015625 0.0224609375
0 0.14501953125 0.92333984375 0.01953125 0.0234375
0 0.158203125 0.94580078125 0.0185546875 0.0224609375
0 0.07470703125 0.935546875 0.0166015625 0.025390625
0 0.08251953125 0.65283203125 0.017578125 0.021484375
0 0.04052734375 0.6103515625 0.015625 0.017578125
0 0.087890625 0.87939453125 0.0146484375 0.01953125
0 0.19287109375 0.95263671875 0.0185546875 0.02734375
0 0.099609375 0.81640625 0.0205078125 0.021484375
0 0.115234375 0.79150390625 0.0205078125 0.0263671875
0 0.001953125 0.49755859375 0.00390625 0.0185546875
0 0.03125 0.70654296875 0.0166015625 0.0224609375
0 0.08154296875 0.728515625 0.0166015625 0.021484375
0 0.11083984375 0.7119140625 0.01953125 0.0283203125
0 0.1240234375 0.89306640625 0.0205078125 0.0234375
0 0.052734375 0.859375 0.0185546875 0.0283203125
0 0.052734375 0.83203125 0.0224609375 0.0224609375
0 0.251953125 0.92626953125 0.015625 0.0234375
0 0.03173828125 0.6201171875 0.0146484375 0.0166015625
0 0.06884765625 0.78564453125 0.01953125 0.0224609375
0 0.0908203125 0.986328125 0.01953125 0.02734375
0 0.0673828125 0.76318359375 0.0205078125 0.0244140625
0 0.18017578125 0.93359375 0.015625 0.0205078125
0 0.00634765625 0.48681640625 0.0126953125 0.0205078125
0 0.27197265625 0.95703125 0.01953125 0.0283203125
0 0.2568359375 0.84326171875 0.0224609375 0.0283203125
0 0.0478515625 0.72314453125 0.0126953125 0.021484375
0 0.29052734375 0.94873046875 0.015625 0.0322265625
0 0.08203125 0.80908203125 0.0166015625 0.0234375
0 0.2548828125 0.9560546875 0.015625 0.0244140625
0 0.00244140625 0.43017578125 0.0048828125 0.0146484375
0 0.25341796875 0.99658203125 0.0146484375 0.0068359375
0 0.02978515625 0.65625 0.0126953125 0.0224609375
0 0.05126953125 0.75537109375 0.0205078125 0.0234375
0 0.0224609375 0.63330078125 0.0205078125 0.0244140625
0 0.0322265625 0.73095703125 0.013671875 0.0263671875
0 0.03369140625 0.75732421875 0.0068359375 0.0185546875
0 0.068359375 0.74169921875 0.0185546875 0.025390625
0 0.05078125 0.8203125 0.021484375 0.0244140625
0 0.25341796875 0.8251953125 0.015625 0.0263671875
0 0.005859375 0.416015625 0.01171875 0.021484375
0 0.26171875 0.9306640625 0.017578125 0.029296875
0 0.0576171875 0.74609375 0.017578125 0.01953125