0 0.421875 0.24951171875 0.01953125 0.03515625
0 0.7158203125 0.5107421875 0.0244140625 0.0361328125
0 0.8544921875 0.41455078125 0.0224609375 0.0341796875
0 0.9150390625 0.66015625 0.021484375 0.0380859375
0 0.84912109375 0.7509765625 0.0205078125 0.037109375
0 0.28271484375 0.84814453125 0.029296875 0.033203125
0 0.74169921875 0.21728515625 0.0283203125 0.0517578125
0 0.90234375 0.98193359375 0.025390625 0.0361328125
0 0.77294921875 0.603515625 0.02734375 0.0400390625
0 0.9443359375 0.83251953125 0.0263671875 0.03125
0 0.13916015625 0.90869140625 0.0244140625 0.033203125
0 0.77197265625 0.541015625 0.01953125 0.0380859375
0 0.82763671875 0.46826171875 0.0244140625 0.03515625
0 0.126953125 0.8349609375 0.0263671875 0.0341796875
0 0.35693359375 0.958984375 0.0146484375 0.02734375
0 0.8876953125 0.884765625 0.0166015625 0.0302734375
0 0.85400390625 0.67626953125 0.021484375 0.0341796875
0 0.34423828125 0.099609375 0.0205078125 0.037109375
0 0.8056640625 0.49755859375 0.025390625 0.0439453125
0 0.7978515625 0.71826171875 0.021484375 0.037109375
0 0.880859375 0.99365234375 0.0234375 0.0126953125
0 0.34130859375 0.31982421875 0.0234375 0.0390625
0 0.529296875 0.6005859375 0.0185546875 0.0390625
0 0.50341796875 0.5966796875 0.0185546875 0.0390625
0 0.4853515625 0.7802734375 0.0185546875 0.0224609375
0 0.5390625 0.6328125 0.01953125 0.044921875
0 0.51171875 0.6162109375 0.015625 0.0283203125
0 0.23388671875 0.93701171875 0.013671875 0.0283203125
0 0.099609375 0.90673828125 0.025390625 0.041015625
0 0.294921875 0.16650390625 0.021484375 0.01953125
0 0.224609375 0.49560546875 0.0166015625 0.0322265625
0 0.5361328125 0.6201171875 0.0146484375 0.0361328125
0 0.2080078125 0.89501953125 0.0205078125 0.0400390625
0 0.29345703125 0.3095703125 0.015625 0.0322265625
0 0.6669921875 0.77294921875 0.017578125 0.03515625
0 0.22412109375 0.96044921875 0.021484375 0.013671875
0 0.32763671875 0.1728515625 0.01953125 0.033203125
0 0.21728515625 0.69970703125 0.0244140625 0.03515625
0 0.2216796875 0.59765625 0.017578125 0.0390625
0 0.33642578125 0.85107421875 0.009765625 0.017578125
0 0.43994140625 0.7666015625 0.0107421875 0.01953125
0 0.921875 0.34765625 0.015625 0.017578125
0 0.14453125 0.58203125 0.015625 0.0263671875
0 0.61865234375 0.96533203125 0.009765625 0.0244140625
0 0.26318359375 0.14599609375 0.0322265625 0.0478515625