0 0.70654296875 0.43408203125 0.0234375 0.0244140625
0 0.701171875 0.4140625 0.0166015625 0.025390625
0 0.5712890625 0.4189453125 0.017578125 0.02734375
0 0.1787109375 0.4501953125 0.0205078125 0.01953125
0 0.15625 0.67431640625 0.0146484375 0.0234375
0 0.2578125 0.57568359375 0.013671875 0.0205078125
0 0.08740234375 0.5029296875 0.015625 0.01953125
0 0.4140625 0.3310546875 0.0185546875 0.0244140625
0 0.52490234375 0.3662109375 0.015625 0.021484375
0 0.34033203125 0.28955078125 0.015625 0.025390625
0 0.67529296875 0.35400390625 0.0185546875 0.0244140625
0 0.1806640625 0.38671875 0.0126953125 0.0185546875
0 0.220703125 0.4921875 0.0146484375 0.0234375
0 0.357421875 0.28564453125 0.021484375 0.0234375
0 0.43798828125 0.31591796875 0.0166015625 0.0205078125
0 0.17431640625 0.4033203125 0.0185546875 0.0205078125
0 0.18310546875 0.6640625 0.01953125 0.0244140625
0 0.1279296875 0.806640625 0.013671875 0.021484375
0 0.375 0.26904296875 0.015625 0.029296875
0 0.23828125 0.3583984375 0.0126953125 0.01953125
0 0.16357421875 0.439453125 0.017578125 0.025390625
0 0.6572265625 0.35546875 0.01953125 0.0234375
0 0.39697265625 0.3232421875 0.015625 0.017578125
0 0.44189453125 0.4033203125 0.0146484375 0.017578125
0 0.06103515625 0.80615234375 0.015625 0.0322265625
0 0.15869140625 0.41748046875 0.0146484375 0.0185546875