0 0.64599609375 0.693359375 0.0244140625 0.02734375
0 0.5244140625 0.75048828125 0.01953125 0.025390625
0 0.72265625 0.6943359375 0.0234375 0.037109375
0 0.3662109375 0.576171875 0.017578125 0.02734375
0 0.1748046875 0.61474609375 0.0205078125 0.025390625
0 0.2880859375 0.69140625 0.0185546875 0.037109375
0 0.251953125 0.2919921875 0.037109375 0.0439453125
0 0.37890625 0.4619140625 0.0224609375 0.0234375
0 0.10302734375 0.8740234375 0.0234375 0.0361328125
0 0.6552734375 0.35546875 0.0283203125 0.03125
0 0.19873046875 0.87158203125 0.025390625 0.029296875
0 0.22412109375 0.15576171875 0.0234375 0.03125
0 0.60302734375 0.28173828125 0.01953125 0.04296875
0 0.4130859375 0.60302734375 0.0322265625 0.029296875
0 0.22705078125 0.63134765625 0.0244140625 0.0302734375
0 0.51708984375 0.30712890625 0.025390625 0.0380859375
0 0.60107421875 0.2021484375 0.0234375 0.0380859375
0 0.32421875 0.3544921875 0.025390625 0.03515625
0 0.7451171875 0.5302734375 0.0185546875 0.033203125
0 0.14208984375 0.8447265625 0.01953125 0.0419921875
0 0.10205078125 0.564453125 0.017578125 0.02734375
0 0.3720703125 0.08837890625 0.0205078125 0.0234375
0 0.52099609375 0.041015625 0.0205078125 0.0341796875
0 0.48583984375 0.55224609375 0.029296875 0.0419921875
0 0.63525390625 0.9833984375 0.0166015625 0.033203125
0 0.3955078125 0.552734375 0.025390625 0.033203125
0 0.46240234375 0.21142578125 0.0185546875 0.0361328125
0 0.02490234375 0.65380859375 0.015625 0.0283203125
0 0.4931640625 0.0615234375 0.02734375 0.029296875
0 0.06982421875 0.51806640625 0.021484375 0.0341796875
0 0.50439453125 0.46826171875 0.0302734375 0.0546875
0 0.0166015625 0.70166015625 0.0244140625 0.0244140625
0 0.576171875 0.0302734375 0.02734375 0.0400390625
0 0.08837890625 0.33203125 0.01953125 0.041015625
0 0.13671875 0.423828125 0.0234375 0.025390625
0 0.427734375 0.28076171875 0.0185546875 0.0400390625
0 0.46142578125 0.13623046875 0.0224609375 0.03125
0 0.486328125 0.4658203125 0.0283203125 0.0595703125
0 0.0537109375 0.07861328125 0.0166015625 0.0400390625
0 0.08203125 0.69140625 0.0126953125 0.041015625
0 0.169921875 0.51513671875 0.0185546875 0.0419921875
0 0.3935546875 0.18701171875 0.0205078125 0.0283203125
0 0.0244140625 0.3671875 0.0234375 0.02734375
0 0.44091796875 0.0185546875 0.0283203125 0.037109375
0 0.16455078125 0.56103515625 0.0302734375 0.052734375
0 0.43359375 0.16455078125 0.0205078125 0.0390625
0 0.388671875 0.630859375 0.0361328125 0.0478515625
0 0.0869140625 0.21484375 0.025390625 0.0439453125
0 0.427734375 0.34765625 0.0234375 0.0224609375
0 0.20654296875 0.2158203125 0.0244140625 0.0224609375
0 0.65185546875 0.2109375 0.0224609375 0.0322265625
0 0.236328125 0.24658203125 0.021484375 0.0302734375
0 0.0537109375 0.81298828125 0.0205078125 0.0263671875
0 0.095703125 0.61328125 0.0263671875 0.046875
0 0.2216796875 0.4990234375 0.0185546875 0.041015625
0 0.38623046875 0.0185546875 0.0244140625 0.037109375
0 0.01904296875 0.13818359375 0.013671875 0.0400390625
0 0.1884765625 0.35888671875 0.01953125 0.044921875
0 0.703125 0.0166015625 0.0341796875 0.0185546875
0 0.18212890625 0.044921875 0.0224609375 0.025390625
0 0.34619140625 0.5859375 0.015625 0.0439453125
0 0.11865234375 0.59326171875 0.01171875 0.0185546875
0 0.416015625 0.20458984375 0.021484375 0.0244140625