0 0.287109375 0.34814453125 0.099609375 0.265625
0 0.85009765625 0.05078125 0.0791015625 0.1015625
0 0.41064453125 0.11767578125 0.1005859375 0.220703125
0 0.92431640625 0.2490234375 0.115234375 0.228515625
0 0.72119140625 0.4716796875 0.1572265625 0.259765625
0 0.88232421875 0.37890625 0.1357421875 0.2578125
0 0.7275390625 0.05810546875 0.11328125 0.1162109375
0 0.41845703125 0.49267578125 0.109375 0.2314453125
0 0.3193359375 0.98291015625 0.16796875 0.0341796875
0 0.96240234375 0.59375 0.0751953125 0.189453125
0 0.54736328125 0.62890625 0.2021484375 0.18359375
0 0.58642578125 0.2900390625 0.16796875 0.1611328125
0 0.955078125 0.880859375 0.08984375 0.115234375
0 0.14111328125 0.83154296875 0.1953125 0.1328125
0 0.5732421875 0.93603515625 0.16015625 0.1279296875
0 0.861328125 0.47265625 0.1025390625 0.2744140625
0 0.04345703125 0.14453125 0.0869140625 0.1640625
0 0.8408203125 0.232421875 0.1455078125 0.189453125
0 0.88832281640625 0.2438595546875 0.913222794921875 0.1854533759765625 0.78891794140625 0.022111921875 0.7238958955078125 0.0333032275390625 0.88832281640625 0.2438595546875