0 0.95703125 0.720703125 0.025390625 0.02978515625
0 0.89892578125 0.7578125 0.0302734375 0.03515625
0 0.8544921875 0.65478515625 0.01806640625 0.0205078125
0 0.9501953125 0.85546875 0.03369140625 0.0361328125
0 0.8984375 0.66455078125 0.02099609375 0.0263671875
0 0.66162109375 0.697265625 0.0234375 0.02783203125
0 0.56787109375 0.8447265625 0.02490234375 0.0302734375
0 0.77001953125 0.7021484375 0.01318359375 0.017578125
0 0.88427734375 0.728515625 0.0244140625 0.02783203125
0 0.697265625 0.82861328125 0.02099609375 0.0341796875
0 0.94921875 0.6455078125 0.01708984375 0.02392578125
0 0.943359375 0.75390625 0.01513671875 0.033203125
0 0.74609375 0.708984375 0.0185546875 0.01171875
0 0.66455078125 0.845703125 0.029296875 0.02880859375
0 0.69873046875 0.677734375 0.02587890625 0.0234375
0 0.916015625 0.7216796875 0.01953125 0.02392578125
0 0.9560546875 0.68505859375 0.01953125 0.02490234375
0 0.46435546875 0.7529296875 0.01708984375 0.02490234375
0 0.18212890625 0.95654296875 0.01953125 0.03466796875
0 0.64453125 0.921875 0.02294921875 0.04248046875
0 0.5908203125 0.6875 0.0234375 0.02783203125
0 0.8486328125 0.921875 0.02294921875 0.0439453125
0 0.65234375 0.94775390625 0.03955078125 0.04541015625
0 0.26220703125 0.875 0.01708984375 0.03759765625
0 0.69580078125 0.65966796875 0.01708984375 0.01513671875
0 0.630859375 0.83203125 0.02392578125 0.02880859375
0 0.9404296875 0.67724609375 0.01904296875 0.02490234375
0 0.91943359375 0.66845703125 0.0126953125 0.02490234375
0 0.6015625 0.82763671875 0.01611328125 0.0234375
0 0.37451171875 0.724609375 0.01953125 0.02392578125
0 0.41064453125 0.85791015625 0.02783203125 0.02294921875
0 0.634765625 0.7451171875 0.0283203125 0.03076171875
0 0.755859375 0.99462890625 0.037109375 0.0107421875
0 0.4228515625 0.87255859375 0.0185546875 0.02001953125
0 0.2880859375 0.94189453125 0.0400390625 0.0478515625
0 0.6240234375 0.74365234375 0.01220703125 0.0234375
0 0.99609375 0.88671875 0.00732421875 0.03857421875
0 0.27685546875 0.890625 0.01123046875 0.01611328125
0 0.99560546875 0.796875 0.0087890625 0.033203125
0 0.38427734375 0.72216796875 0.01953125 0.02783203125