0 0.78271484375 0.65087890625 0.0908203125 0.0849609375
0 0.88671875 0.591796875 0.0546875 0.0859375
0 0.8603515625 0.27783203125 0.037109375 0.0517578125
0 0.3466796875 0.45458984375 0.0517578125 0.0712890625
0 0.84130859375 0.40234375 0.0498046875 0.060546875
0 0.6025390625 0.24267578125 0.044921875 0.052734375
0 0.31005859375 0.3310546875 0.044921875 0.0703125
0 0.283203125 0.39306640625 0.0361328125 0.0703125
0 0.59326171875 0.3125 0.0556640625 0.05859375
0 0.974609375 0.2255859375 0.0380859375 0.0439453125
0 0.38037109375 0.28759765625 0.0302734375 0.064453125
0 0.26220703125 0.62353515625 0.0693359375 0.091796875
0 0.79248046875 0.3056640625 0.0390625 0.0595703125
0 0.7392578125 0.30615234375 0.0419921875 0.0576171875
0 0.96875 0.166015625 0.03515625 0.037109375
0 0.58642578125 0.2119140625 0.041015625 0.048828125
0 0.9443359375 0.150390625 0.03125 0.0283203125
0 0.18115234375 0.36083984375 0.0478515625 0.0634765625
0 0.91162109375 0.2724609375 0.0283203125 0.046875
0 0.8994140625 0.201171875 0.0380859375 0.0390625
0 0.76806640625 0.15771484375 0.029296875 0.037109375
0 0.865234375 0.20263671875 0.0302734375 0.0419921875
0 0.79931640625 0.279296875 0.0390625 0.0498046875
0 0.55859375 0.23193359375 0.0517578125 0.052734375
0 0.72021484375 0.94677734375 0.1025390625 0.1064453125
0 0.9912109375 0.109375 0.017578125 0.02734375
0 0.828125 0.25146484375 0.0390625 0.0546875
0 0.42333984375 0.3447265625 0.044921875 0.0673828125
0 0.21875 0.5400390625 0.076171875 0.0771484375
0 0.60107421875 0.19384765625 0.044921875 0.0380859375
0 0.68310546875 0.2060546875 0.033203125 0.0390625
0 0.87109375 0.15234375 0.0224609375 0.0341796875
0 0.75830078125 0.3427734375 0.044921875 0.0517578125
0 0.224609375 0.28857421875 0.0380859375 0.05859375
0 0.84814453125 0.15380859375 0.0322265625 0.033203125
0 0.4833984375 0.142578125 0.0322265625 0.0458984375
0 0.822265625 0.14990234375 0.025390625 0.0380859375
0 0.58740234375 0.2685546875 0.0419921875 0.0517578125
0 0.4619140625 0.2021484375 0.0400390625 0.064453125
0 0.888671875 0.25244140625 0.0361328125 0.025390625
0 0.70458984375 0.216796875 0.0400390625 0.046875