0 0.22119140625 0.75341796875 0.0234375 0.02490234375
0 0.62255859375 0.68408203125 0.0126953125 0.044921875
0 0.17529296875 0.31396484375 0.01318359375 0.04443359375
0 0.13525390625 0.818359375 0.01416015625 0.04833984375
0 0.39453125 0.98193359375 0.013671875 0.03515625
0 0.19140625 0.40283203125 0.013671875 0.04833984375
0 0.23681640625 0.55908203125 0.01416015625 0.044921875
0 0.31396484375 0.48876953125 0.009765625 0.044921875
0 0.3203125 0.865234375 0.015625 0.0439453125
0 0.1552734375 0.6435546875 0.01611328125 0.0478515625
0 0.2431640625 0.84521484375 0.01708984375 0.04150390625
0 0.2705078125 0.53076171875 0.0126953125 0.04443359375
0 0.04345703125 0.47900390625 0.01123046875 0.0439453125
0 0.13818359375 0.7236328125 0.01708984375 0.0458984375
0 0.1943359375 0.60888671875 0.01318359375 0.041015625
0 0.07177734375 0.705078125 0.017578125 0.04248046875
0 0.3095703125 0.67236328125 0.01416015625 0.0546875
0 0.46142578125 0.98193359375 0.01513671875 0.0361328125
0 0.0712890625 0.978515625 0.01220703125 0.0400390625
0 0.03857421875 0.83740234375 0.021484375 0.03466796875
0 0.16357421875 0.77490234375 0.02001953125 0.04345703125
0 0.0361328125 0.619140625 0.0107421875 0.04541015625
0 0.1982421875 0.9521484375 0.01513671875 0.0498046875
0 0.06005859375 0.54638671875 0.01318359375 0.04638671875
0 0.1005859375 0.943359375 0.0107421875 0.0498046875
0 0.20703125 0.90380859375 0.01513671875 0.04931640625
0 0.08203125 0.68408203125 0.01513671875 0.04443359375
0 0.02880859375 0.94970703125 0.01611328125 0.0400390625
0 0.1875 0.88134765625 0.01513671875 0.0517578125
0 0.00634765625 0.4404296875 0.01171875 0.048828125
0 0.01025390625 0.87353515625 0.0185546875 0.05078125
0 0.23779296875 0.9921875 0.0107421875 0.01416015625
0 0.052734375 0.88525390625 0.0234375 0.04052734375