0 0.10302734375 0.3662109375 0.01513671875 0.015625
0 0.1826171875 0.73828125 0.01708984375 0.01611328125
0 0.0908203125 0.66259765625 0.01611328125 0.0166015625
0 0.03369140625 0.658203125 0.017578125 0.01513671875
0 0.05810546875 0.16845703125 0.013671875 0.01708984375
0 0.07275390625 0.7431640625 0.0185546875 0.01416015625
0 0.30126953125 0.880859375 0.0205078125 0.01953125
0 0.01318359375 0.57080078125 0.017578125 0.01513671875
0 0.15869140625 0.45068359375 0.0146484375 0.01416015625
0 0.24560546875 0.5576171875 0.01708984375 0.015625
0 0.19677734375 0.69482421875 0.015625 0.01416015625
0 0.0341796875 0.2666015625 0.009765625 0.01513671875
0 0.041015625 0.7890625 0.01708984375 0.01513671875
0 0.208984375 0.443359375 0.015625 0.01318359375
0 0.04345703125 0.17529296875 0.01416015625 0.0126953125
0 0.17333984375 0.3603515625 0.01220703125 0.01318359375
0 0.158203125 0.47900390625 0.01318359375 0.0146484375
0 0.033203125 0.501953125 0.01513671875 0.0185546875
0 0.1416015625 0.3515625 0.015625 0.015625
0 0.0078125 0.72509765625 0.0146484375 0.0166015625
0 0.11962890625 0.412109375 0.0146484375 0.015625
0 0.02490234375 0.1865234375 0.01220703125 0.0107421875
0 0.3125 0.80908203125 0.01513671875 0.02587890625
0 0.27587890625 0.93505859375 0.02099609375 0.025390625
0 0.0546875 0.42919921875 0.0166015625 0.0146484375
0 0.134765625 0.3310546875 0.01318359375 0.013671875
0 0.08447265625 0.634765625 0.0166015625 0.01611328125
0 0.216796875 0.5595703125 0.0166015625 0.01513671875
0 0.01953125 0.4140625 0.013671875 0.01171875
0 0.00634765625 0.20068359375 0.0126953125 0.0126953125
0 0.0576171875 0.3759765625 0.015625 0.01513671875
0 0.115234375 0.3037109375 0.01123046875 0.01416015625
0 0.08154296875 0.28955078125 0.01025390625 0.01171875
0 0.30859375 0.99169921875 0.017578125 0.0166015625
0 0.23486328125 0.423828125 0.01708984375 0.015625
0 0.0654296875 0.458984375 0.02197265625 0.017578125
0 0.0068359375 0.33984375 0.0126953125 0.0146484375
0 0.24658203125 0.53173828125 0.0185546875 0.01611328125
0 0.068359375 0.3525390625 0.01220703125 0.0146484375
0 0.04052734375 0.31396484375 0.01171875 0.015625
0 0.05712890625 0.33642578125 0.01123046875 0.015625
0 0.23388671875 0.38671875 0.01220703125 0.0107421875
0 0.01904296875 0.287109375 0.01220703125 0.0205078125
0 0.14453125 0.275390625 0.01025390625 0.0146484375
0 0.08984375 0.46435546875 0.0166015625 0.01171875
0 0.005859375 0.708984375 0.01171875 0.01708984375
0 0.06787109375 0.30908203125 0.013671875 0.015625
0 0.06005859375 0.212890625 0.01220703125 0.01513671875
0 0.10498046875 0.25048828125 0.0126953125 0.01171875
0 0.11279296875 0.77783203125 0.01708984375 0.017578125
0 0.07177734375 0.2392578125 0.009765625 0.01123046875
0 0.02099609375 0.23974609375 0.01025390625 0.01806640625
0 0.27587890625 0.52392578125 0.01220703125 0.01513671875
0 0.03271484375 0.357421875 0.017578125 0.01416015625
0 0.046875 0.35400390625 0.0146484375 0.017578125
0 0.0693359375 0.39013671875 0.01318359375 0.01611328125
0 0.0390625 0.20654296875 0.01904296875 0.02001953125
0 0.01708984375 0.32275390625 0.01025390625 0.017578125
0 0.00390625 0.50048828125 0.0078125 0.0126953125
0 0.0849609375 0.47265625 0.01513671875 0.015625
0 0.15576171875 0.3251953125 0.01025390625 0.01123046875
0 0.05615234375 0.47021484375 0.01123046875 0.01513671875
0 0.2666015625 0.52587890625 0.01220703125 0.01416015625
0 0.06298828125 0.30078125 0.01611328125 0.013671875
0 0.044921875 0.2001953125 0.00927734375 0.01171875
0 0.99462890625 0.99169921875 0.0087890625 0.0166015625
0 0.04248046875 0.10498046875 0.01025390625 0.0126953125
0 0.1083984375 0.416015625 0.009765625 0.01318359375