0 0.5751953125 0.57421875 0.03759765625 0.041015625
0 0.5595703125 0.60595703125 0.02490234375 0.03857421875
0 0.7041015625 0.23095703125 0.037109375 0.0478515625
0 0.27685546875 0.67529296875 0.03271484375 0.0419921875
0 0.5126953125 0.294921875 0.03125 0.03369140625
0 0.2021484375 0.43359375 0.02734375 0.02783203125
0 0.630859375 0.232421875 0.03076171875 0.0400390625
0 0.18212890625 0.6884765625 0.0390625 0.04833984375
0 0.10888671875 0.60693359375 0.0283203125 0.04443359375
0 0.0810546875 0.65185546875 0.02783203125 0.04345703125
0 0.1650390625 0.17578125 0.02685546875 0.037109375
0 0.35791015625 0.02490234375 0.0380859375 0.033203125
0 0.21728515625 0.19384765625 0.033203125 0.04052734375
0 0.4072265625 0.16650390625 0.03125 0.02587890625
0 0.1787109375 0.935546875 0.02685546875 0.0478515625
0 0.34765625 0.13330078125 0.0361328125 0.04248046875
0 0.62939453125 0.529296875 0.02978515625 0.0576171875
0 0.2763671875 0.24462890625 0.0283203125 0.05859375
0 0.69189453125 0.57470703125 0.04443359375 0.04638671875
0 0.05322265625 0.37255859375 0.03369140625 0.03759765625
0 0.474609375 0.1142578125 0.02734375 0.03955078125
0 0.10107421875 0.42578125 0.0361328125 0.05322265625
0 0.10986328125 0.79638671875 0.03076171875 0.05517578125
0 0.09033203125 0.134765625 0.029296875 0.03564453125
0 0.10400390625 0.845703125 0.03515625 0.06201171875
0 0.140625 0.39501953125 0.02880859375 0.06298828125
0 0.42724609375 0.958984375 0.0380859375 0.05224609375
0 0.275390625 0.76025390625 0.03369140625 0.05419921875
0 0.3818359375 0.19189453125 0.03662109375 0.044921875
0 0.72607421875 0.0791015625 0.02490234375 0.03466796875
0 0.126953125 0.56787109375 0.02587890625 0.064453125
0 0.03466796875 0.87353515625 0.0380859375 0.068359375
0 0.01416015625 0.2646484375 0.0283203125 0.037109375
0 0.06005859375 0.091796875 0.029296875 0.0458984375
0 0.16162109375 0.13916015625 0.025390625 0.0458984375
0 0.07763671875 0.2587890625 0.02294921875 0.0537109375
0 0.3857421875 0.1181640625 0.02392578125 0.03173828125
0 0.474609375 0.0302734375 0.02490234375 0.04931640625
0 0.158203125 0.0830078125 0.02490234375 0.05859375
0 0.01171875 0.2109375 0.02294921875 0.03515625
0 0.4931640625 0.0341796875 0.0224609375 0.0458984375
0 0.21044921875 0.07373046875 0.0224609375 0.04248046875
0 0.09521484375 0.18798828125 0.02392578125 0.041015625
0 0.1650390625 0.32861328125 0.01806640625 0.0205078125
0 0.00927734375 0.8701171875 0.01806640625 0.0478515625
0 0.337890625 0.1494140625 0.01806640625 0.046875
0 0.12451171875 0.00927734375 0.0205078125 0.01708984375
0 0.9833984375 0.091796875 0.0185546875 0.017578125
0 0.9287109375 0.10009765625 0.0146484375 0.015625
0 0.83740234375 0.99267578125 0.009765625 0.0146484375
0 0.61474609375 0.0322265625 0.01611328125 0.02880859375
0 0.37109375 0.18212890625 0.01953125 0.025390625
0 0.251953125 0.0322265625 0.00830078125 0.0263671875
0 0.20361328125 0.3046875 0.013671875 0.01513671875
0 0.0048828125 0.98974609375 0.009765625 0.0205078125
0 0.11669921875 0.1689453125 0.01123046875 0.017578125