0 0.83154296875 0.11962890625 0.0361328125 0.05078125
0 0.71875 0.4208984375 0.03515625 0.056640625
0 0.8681640625 0.12060546875 0.02734375 0.0556640625
0 0.50390625 0.630859375 0.021484375 0.0478515625
0 0.8896484375 0.0771484375 0.0244140625 0.044921875
0 0.54931640625 0.53369140625 0.0361328125 0.037109375
0 0.52392578125 0.642578125 0.0234375 0.0439453125
0 0.44140625 0.669921875 0.0205078125 0.0498046875
0 0.14306640625 0.5263671875 0.025390625 0.0458984375
0 0.18701171875 0.90380859375 0.0234375 0.048828125
0 0.3818359375 0.57177734375 0.033203125 0.0615234375
0 0.14990234375 0.60791015625 0.025390625 0.04296875
0 0.39306640625 0.66455078125 0.0234375 0.05859375
0 0.85595703125 0.1171875 0.0224609375 0.0478515625
0 0.16943359375 0.544921875 0.025390625 0.04296875
0 0.39794921875 0.58642578125 0.03125 0.0263671875
0 0.90673828125 0.16455078125 0.0341796875 0.0576171875
0 0.2568359375 0.77685546875 0.0234375 0.0654296875
0 0.92529296875 0.171875 0.01953125 0.03125