0 0.62353515625 0.56298828125 0.0185546875 0.04296875
0 0.70556640625 0.54248046875 0.01513671875 0.0341796875
0 0.9033203125 0.55615234375 0.01953125 0.03955078125
0 0.52001953125 0.26904296875 0.02099609375 0.04345703125
0 0.943359375 0.359375 0.01513671875 0.04150390625
0 0.8671875 0.55517578125 0.017578125 0.04638671875
0 0.8017578125 0.58251953125 0.0185546875 0.0498046875
0 0.57080078125 0.37890625 0.0166015625 0.04541015625
0 0.8251953125 0.568359375 0.01318359375 0.0537109375
0 0.6611328125 0.46484375 0.015625 0.044921875
0 0.82958984375 0.50537109375 0.0166015625 0.0439453125
0 0.77490234375 0.365234375 0.0234375 0.041015625
0 0.77734375 0.5126953125 0.01806640625 0.0419921875
0 0.75390625 0.53955078125 0.01513671875 0.0458984375
0 0.2080078125 0.40625 0.01220703125 0.0400390625
0 0.26220703125 0.0126953125 0.0126953125 0.025390625
0 0.46240234375 0.21728515625 0.01953125 0.04150390625
0 0.54052734375 0.380859375 0.0224609375 0.02978515625
0 0.55908203125 0.208984375 0.01953125 0.04248046875
0 0.63037109375 0.37841796875 0.0126953125 0.05078125
0 0.234375 0.0751953125 0.01220703125 0.0478515625
0 0.2001953125 0.33544921875 0.01171875 0.046875
0 0.59326171875 0.21630859375 0.01806640625 0.046875
0 0.55712890625 0.1416015625 0.017578125 0.04296875
0 0.529296875 0.13232421875 0.01220703125 0.041015625
0 0.98779296875 0.0400390625 0.02099609375 0.037109375
0 0.69189453125 0.34716796875 0.01611328125 0.0458984375
0 0.52783203125 0.015625 0.01416015625 0.03076171875
0 0.900390625 0.29638671875 0.01318359375 0.04443359375
0 0.3564453125 0.13037109375 0.02392578125 0.03173828125
0 0.525390625 0.1943359375 0.0244140625 0.0400390625
0 0.888671875 0.33203125 0.0126953125 0.048828125
0 0.6640625 0.380859375 0.021484375 0.04296875
0 0.40869140625 0.013671875 0.0185546875 0.02734375
0 0.91015625 0.212890625 0.01806640625 0.03662109375
0 0.17431640625 0.12890625 0.01171875 0.0439453125
0 0.9462890625 0.03857421875 0.015625 0.03466796875
0 0.32373046875 0.04638671875 0.01171875 0.04541015625
0 0.93359375 0.28125 0.01220703125 0.04541015625
0 0.93701171875 0.1201171875 0.01904296875 0.0517578125
0 0.34033203125 0.16845703125 0.02685546875 0.03369140625
0 0.67431640625 0.291015625 0.01513671875 0.05078125
0 0.78173828125 0.265625 0.0205078125 0.04248046875
0 0.99658203125 0.267578125 0.0068359375 0.044921875
0 0.5771484375 0.11279296875 0.02001953125 0.04296875
0 0.9482421875 0.25048828125 0.01318359375 0.04931640625
0 0.650390625 0.04345703125 0.01318359375 0.04638671875
0 0.18505859375 0.12060546875 0.017578125 0.0537109375
0 0.92236328125 0.16552734375 0.01611328125 0.0439453125
0 0.775390625 0.22021484375 0.0185546875 0.04345703125
0 0.7724609375 0.0185546875 0.02001953125 0.03662109375
0 0.56005859375 0.02392578125 0.02685546875 0.025390625
0 0.64501953125 0.2197265625 0.0166015625 0.04443359375
0 0.72314453125 0.2138671875 0.0166015625 0.04833984375
0 0.97265625 0.14892578125 0.01123046875 0.0498046875
0 0.66748046875 0.2783203125 0.0126953125 0.04931640625
0 0.85546875 0.169921875 0.01611328125 0.04248046875
0 0.68408203125 0.2255859375 0.015625 0.0498046875
0 0.431640625 0.1181640625 0.02001953125 0.04296875
0 0.5947265625 0.0986328125 0.02783203125 0.0263671875
0 0.81982421875 0.10986328125 0.02001953125 0.04638671875
0 0.2802734375 0.1025390625 0.0185546875 0.04443359375
0 0.80810546875 0.18212890625 0.01708984375 0.0419921875
0 0.58447265625 0.42822265625 0.02783203125 0.04052734375
0 0.4306640625 0.314453125 0.0234375 0.03369140625
0 0.7119140625 0.35205078125 0.017578125 0.048828125
0 0.5205078125 0.4345703125 0.01318359375 0.04736328125
0 0.8544921875 0.45947265625 0.0263671875 0.02587890625
0 0.30517578125 0.09619140625 0.02294921875 0.04345703125
0 0.4931640625 0.03369140625 0.013671875 0.046875
0 0.53125 0.4873046875 0.01220703125 0.0419921875
0 0.9677734375 0.33984375 0.01220703125 0.04443359375
0 0.66552734375 0.1083984375 0.01953125 0.03759765625
0 0.44091796875 0.15087890625 0.0126953125 0.04931640625
0 0.85595703125 0.23828125 0.0205078125 0.0361328125
0 0.224609375 0.0234375 0.01171875 0.04638671875
0 0.17724609375 0.01123046875 0.0126953125 0.0224609375
0 0.74951171875 0.0986328125 0.0166015625 0.046875
0 0.89111328125 0.1015625 0.025390625 0.03466796875
0 0.69580078125 0.13427734375 0.01513671875 0.0478515625
0 0.6748046875 0.03076171875 0.017578125 0.048828125
0 0.65673828125 0.1796875 0.01953125 0.046875
0 0.78271484375 0.0927734375 0.015625 0.04931640625
0 0.61669921875 0.0087890625 0.0185546875 0.017578125
0 0.88037109375 0.05615234375 0.02099609375 0.03759765625
0 0.72314453125 0.0703125 0.015625 0.03759765625
0 0.72705078125 0.11279296875 0.0146484375 0.0673828125
0 0.7470703125 0.03076171875 0.02001953125 0.05419921875
0 0.72314453125 0.0185546875 0.0224609375 0.037109375
0 0.62060546875 0.01416015625 0.013671875 0.0283203125
0 0.5771484375 0.01123046875 0.0126953125 0.02197265625
0 0.595703125 0.009765625 0.0107421875 0.01953125
0 0.9970703125 0.19091796875 0.005859375 0.041015625
0 0.67919921875 0.0068359375 0.0224609375 0.013671875
0 0.994140625 0.11962890625 0.01171875 0.0517578125