0 0.03759765625 0.18896484375 0.015625 0.0185546875
0 0.02392578125 0.2119140625 0.01611328125 0.021484375
0 0.11279296875 0.6572265625 0.021484375 0.0185546875
0 0.0947265625 0.08251953125 0.015625 0.0166015625
0 0.04345703125 0.509765625 0.02197265625 0.01904296875
0 0.05517578125 0.1064453125 0.02099609375 0.0185546875
0 0.0888671875 0.13671875 0.01611328125 0.017578125
0 0.0966796875 0.19921875 0.017578125 0.01513671875
0 0.07275390625 0.01318359375 0.0126953125 0.017578125
0 0.0478515625 0.00830078125 0.01513671875 0.0166015625
0 0.013671875 0.17822265625 0.017578125 0.017578125
0 0.08056640625 0.666015625 0.02783203125 0.02294921875
0 0.14453125 0.0712890625 0.0146484375 0.0205078125
0 0.1376953125 0.06591796875 0.0078125 0.03076171875