0 0.52783203125 0.36474609375 0.0732421875 0.068359375
0 0.3837890625 0.55029296875 0.0693359375 0.0791015625
0 0.85693359375 0.31982421875 0.060546875 0.07080078125
0 0.65087890625 0.68212890625 0.080078125 0.109375
0 0.4990234375 0.814453125 0.0615234375 0.125
0 0.75927734375 0.64306640625 0.03955078125 0.08154296875
0 0.74853515625 0.439453125 0.05615234375 0.0634765625
0 0.34765625 0.5341796875 0.05712890625 0.06884765625
0 0.783203125 0.0390625 0.064453125 0.05615234375
0 0.14453125 0.67822265625 0.083984375 0.08984375
0 0.5986328125 0.61767578125 0.0595703125 0.1044921875
0 0.68603515625 0.45556640625 0.04296875 0.07177734375
0 0.529296875 0.71142578125 0.0634765625 0.0859375
0 0.1474609375 0.572265625 0.08203125 0.09130859375
0 0.88037109375 0.478515625 0.05419921875 0.07861328125
0 0.9609375 0.11181640625 0.072265625 0.05322265625
0 0.6669921875 0.33056640625 0.10595703125 0.07080078125
0 0.912109375 0.0517578125 0.068359375 0.09619140625
0 0.18603515625 0.537109375 0.08251953125 0.07080078125
0 0.048828125 0.9453125 0.09521484375 0.10888671875
0 0.9140625 0.1962890625 0.03466796875 0.037109375
0 0.77294921875 0.02587890625 0.03271484375 0.03564453125
0 0.98291015625 0.2421875 0.0341796875 0.048828125
0 0.833984375 0.29931640625 0.04052734375 0.04345703125
0 0.0576171875 0.6650390625 0.08984375 0.08544921875
0 0.89892578125 0.078125 0.02490234375 0.0390625
0 0.38330078125 0.8388671875 0.0888671875 0.10791015625
0 0.7255859375 0.57080078125 0.0625 0.04345703125
0 0.423828125 0.966796875 0.083984375 0.06640625
0 0.9287109375 0.0166015625 0.0244140625 0.033203125
0 0.97021484375 0.1611328125 0.0205078125 0.01806640625
0 0.0654296875 0.81787109375 0.076171875 0.119140625
0 0.62841796875 0.33056640625 0.0322265625 0.06591796875
0 0.02001953125 0.42431640625 0.0390625 0.080078125
0 0.9716796875 0.06982421875 0.02294921875 0.037109375
0 0.98486328125 0.0595703125 0.01708984375 0.015625
0 0.91015625 0.01318359375 0.02294921875 0.025390625
0 0.892578125 0.048828125 0.03466796875 0.02978515625
0 0.61865234375 0.33984375 0.0224609375 0.03173828125
0 0.07861328125 0.638671875 0.04052734375 0.05908203125
0 0.88037109375 0.05126953125 0.01171875 0.033203125