0 0.14892578125 0.9912109375 0.0615234375 0.017578125
0 0.6435546875 0.82861328125 0.046875 0.0478515625
0 0.302734375 0.86767578125 0.046875 0.044921875
0 0.18994140625 0.89306640625 0.044921875 0.0517578125
0 0.4306640625 0.73779296875 0.0341796875 0.03515625
0 0.15185546875 0.9443359375 0.0615234375 0.0546875
0 0.7158203125 0.671875 0.0361328125 0.033203125
0 0.71337890625 0.8037109375 0.0498046875 0.0478515625
0 0.92431640625 0.83056640625 0.0478515625 0.048828125
0 0.412109375 0.81982421875 0.0380859375 0.0341796875
0 0.26318359375 0.82470703125 0.0478515625 0.046875
0 0.8818359375 0.5693359375 0.0283203125 0.02734375
0 0.99169921875 0.546875 0.0166015625 0.02734375
0 0.67626953125 0.79833984375 0.0400390625 0.0439453125
0 0.91748046875 0.67431640625 0.033203125 0.0341796875
0 0.6669921875 0.72412109375 0.02734375 0.03515625
0 0.8671875 0.91650390625 0.056640625 0.05078125
0 0.6435546875 0.71142578125 0.03125 0.0390625
0 0.82958984375 0.62939453125 0.0302734375 0.0322265625
0 0.990234375 0.5771484375 0.01953125 0.029296875
0 0.82666015625 0.60546875 0.0283203125 0.02734375
0 0.7138671875 0.73486328125 0.0400390625 0.04296875
0 0.9765625 0.63330078125 0.0283203125 0.0302734375
0 0.48291015625 0.93896484375 0.0439453125 0.052734375
0 0.9453125 0.6015625 0.021484375 0.0185546875
0 0.3095703125 0.986328125 0.05078125 0.02734375
0 0.34423828125 0.783203125 0.025390625 0.0361328125
0 0.97412109375 0.564453125 0.0244140625 0.02734375
0 0.9140625 0.5908203125 0.029296875 0.029296875
0 0.51171875 0.80712890625 0.041015625 0.0458984375
0 0.86474609375 0.6357421875 0.02734375 0.0224609375
0 0.93798828125 0.73583984375 0.0341796875 0.044921875
0 0.93408203125 0.6630859375 0.025390625 0.03515625
0 0.80224609375 0.6279296875 0.0244140625 0.03125
0 0.91162109375 0.60546875 0.025390625 0.0302734375
0 0.8984375 0.6171875 0.021484375 0.029296875
0 0.75146484375 0.9228515625 0.0400390625 0.05078125
0 0.08544921875 0.92529296875 0.03125 0.046875
0 0.8505859375 0.59375 0.0166015625 0.01171875
0 0.3974609375 0.8408203125 0.0205078125 0.037109375
0 0.83642578125 0.61181640625 0.017578125 0.0166015625
0 0.349609375 0.8369140625 0.05859375 0.029296875
0 0.91552734375 0.4951171875 0.0205078125 0.0224609375
0 0.93017578125 0.49853515625 0.0234375 0.0185546875
0 0.83984375 0.6005859375 0.017578125 0.0166015625
0 0.72607421875 0.6689453125 0.015625 0.021484375
0 0.890625 0.5673828125 0.009765625 0.01953125