0 0.162109375 0.306640625 0.01513671875 0.02001953125
0 0.57421875 0.3857421875 0.0087890625 0.02001953125
0 0.5771484375 0.55126953125 0.01220703125 0.0361328125
0 0.2294921875 0.39794921875 0.01220703125 0.0234375
0 0.2763671875 0.4345703125 0.00830078125 0.02099609375
0 0.12890625 0.916015625 0.00830078125 0.02880859375
0 0.669921875 0.44091796875 0.01171875 0.0205078125
0 0.1728515625 0.76123046875 0.0078125 0.025390625
0 0.572265625 0.4970703125 0.01025390625 0.02392578125
0 0.771484375 0.4833984375 0.01416015625 0.02978515625
0 0.302734375 0.35595703125 0.0087890625 0.01904296875
0 0.3017578125 0.619140625 0.0078125 0.02392578125
0 0.32763671875 0.931640625 0.0078125 0.0283203125
0 0.1435546875 0.7529296875 0.00927734375 0.029296875
0 0.05322265625 0.83935546875 0.00927734375 0.03173828125
0 0.58203125 0.90625 0.0087890625 0.025390625
0 0.3056640625 0.876953125 0.01123046875 0.0205078125
0 0.177734375 0.43359375 0.0107421875 0.02490234375
0 0.76611328125 0.5634765625 0.0107421875 0.017578125
0 0.2236328125 0.64794921875 0.01025390625 0.02099609375
0 0.2685546875 0.39794921875 0.00732421875 0.0224609375
0 0.07763671875 0.9140625 0.01611328125 0.0244140625
0 0.412109375 0.822265625 0.0078125 0.02734375
0 0.8125 0.64404296875 0.02001953125 0.03515625
0 0.81884765625 0.591796875 0.01171875 0.02197265625
0 0.78857421875 0.57763671875 0.0146484375 0.025390625
0 0.6865234375 0.767578125 0.01220703125 0.02392578125
0 0.72607421875 0.58056640625 0.01513671875 0.0244140625
0 0.72802734375 0.544921875 0.01513671875 0.013671875
0 0.47705078125 0.890625 0.015625 0.021484375
0 0.76220703125 0.51416015625 0.00927734375 0.0224609375
0 0.72412109375 0.46728515625 0.013671875 0.025390625
0 0.4130859375 0.29931640625 0.0166015625 0.015625
0 0.68798828125 0.44091796875 0.01708984375 0.01806640625
0 0.587890625 0.81103515625 0.0166015625 0.01611328125
0 0.7666015625 0.6201171875 0.0126953125 0.0244140625
0 0.41552734375 0.32958984375 0.0107421875 0.017578125
0 0.6455078125 0.57666015625 0.01025390625 0.02392578125
0 0.54296875 0.75732421875 0.0126953125 0.03076171875
0 0.4501953125 0.376953125 0.01220703125 0.01806640625
0 0.62353515625 0.576171875 0.01513671875 0.02197265625
0 0.5322265625 0.642578125 0.01611328125 0.01513671875
0 0.6318359375 0.7109375 0.009765625 0.029296875
0 0.53515625 0.6884765625 0.01171875 0.021484375
0 0.77001953125 0.65478515625 0.0107421875 0.02197265625
0 0.0126953125 0.4013671875 0.0166015625 0.017578125
0 0.6015625 0.52783203125 0.009765625 0.0224609375
0 0.6025390625 0.7568359375 0.00927734375 0.0302734375
0 0.55615234375 0.36865234375 0.0087890625 0.0244140625
0 0.43701171875 0.443359375 0.0107421875 0.02099609375
0 0.02587890625 0.45654296875 0.01220703125 0.01953125
0 0.02587890625 0.41650390625 0.01220703125 0.017578125
0 0.578125 0.779296875 0.009765625 0.02685546875
0 0.611328125 0.38916015625 0.00830078125 0.017578125
0 0.515625 0.8974609375 0.01171875 0.03125
0 0.50146484375 0.603515625 0.01416015625 0.01953125
0 0.55908203125 0.47021484375 0.013671875 0.02099609375
0 0.1220703125 0.669921875 0.01416015625 0.017578125
0 0.517578125 0.5078125 0.00830078125 0.02197265625
0 0.458984375 0.74951171875 0.01025390625 0.03076171875
0 0.06591796875 0.33056640625 0.01171875 0.02197265625
0 0.6064453125 0.65673828125 0.00927734375 0.0224609375
0 0.412109375 0.453125 0.00830078125 0.02099609375
0 0.64013671875 0.66650390625 0.009765625 0.02001953125
0 0.591796875 0.65576171875 0.01171875 0.013671875
0 0.55322265625 0.4091796875 0.00830078125 0.0234375
0 0.5615234375 0.67578125 0.017578125 0.03515625
0 0.2041015625 0.27978515625 0.00927734375 0.01806640625
0 0.3583984375 0.34765625 0.00634765625 0.02001953125
0 0.5458984375 0.630859375 0.0087890625 0.02783203125
0 0.4306640625 0.76904296875 0.009765625 0.02392578125
0 0.046875 0.71337890625 0.01220703125 0.02587890625
0 0.41162109375 0.53271484375 0.01513671875 0.0234375
0 0.306640625 0.943359375 0.015625 0.03125
0 0.57421875 0.60693359375 0.00830078125 0.0244140625
0 0.416015625 0.58935546875 0.0078125 0.02392578125
0 0.10791015625 0.40234375 0.0087890625 0.0205078125
0 0.54736328125 0.44873046875 0.01416015625 0.021484375
0 0.46240234375 0.77978515625 0.00830078125 0.0322265625
0 0.10400390625 0.498046875 0.0078125 0.02392578125
0 0.4169921875 0.6640625 0.01025390625 0.02783203125
0 0.3603515625 0.4755859375 0.01220703125 0.01806640625
0 0.0341796875 0.67724609375 0.00927734375 0.0283203125
0 0.39306640625 0.72265625 0.01171875 0.01708984375
0 0.3056640625 0.61572265625 0.0146484375 0.03076171875
0 0.12060546875 0.4443359375 0.0078125 0.0234375
0 0.1689453125 0.38818359375 0.01025390625 0.0185546875
0 0.50048828125 0.6611328125 0.0146484375 0.01513671875
0 0.2109375 0.6123046875 0.0126953125 0.02685546875
0 0.013671875 0.62890625 0.00830078125 0.02880859375
0 0.68017578125 0.5009765625 0.00927734375 0.02197265625
0 0.15087890625 0.38818359375 0.00927734375 0.017578125
0 0.42626953125 0.29833984375 0.0078125 0.02197265625
0 0.15185546875 0.63525390625 0.01171875 0.02587890625
0 0.13330078125 0.70751953125 0.009765625 0.0234375
0 0.71337890625 0.697265625 0.009765625 0.021484375
0 0.7138671875 0.63916015625 0.00927734375 0.0205078125
0 0.4169921875 0.55029296875 0.0087890625 0.02197265625
0 0.43896484375 0.5283203125 0.0068359375 0.02197265625
0 0.333984375 0.6083984375 0.01513671875 0.0166015625
0 0.5771484375 0.53955078125 0.01171875 0.01220703125
0 0.1806640625 0.529296875 0.0078125 0.02099609375
0 0.376953125 0.6787109375 0.0078125 0.02978515625
0 0.0732421875 0.67041015625 0.00732421875 0.02490234375
0 0.2998046875 0.453125 0.00830078125 0.015625
0 0.42529296875 0.6220703125 0.0087890625 0.015625
0 0.0224609375 0.390625 0.0078125 0.0205078125
0 0.23828125 0.35400390625 0.00830078125 0.01513671875
0 0.314453125 0.32275390625 0.005859375 0.01904296875
0 0.00390625 0.5439453125 0.00732421875 0.01806640625
0 0.484375 0.69384765625 0.01611328125 0.0224609375
0 0.0205078125 0.48828125 0.00732421875 0.01953125
0 0.1435546875 0.455078125 0.00830078125 0.02001953125
0 0.1953125 0.41015625 0.01513671875 0.02392578125
0 0.5849609375 0.3896484375 0.0087890625 0.02001953125
0 0.3193359375 0.37841796875 0.0068359375 0.01904296875
0 0.033203125 0.634765625 0.00830078125 0.02001953125
0 0.54736328125 0.470703125 0.0087890625 0.02099609375
0 0.392578125 0.68408203125 0.0068359375 0.02490234375
0 0.2880859375 0.58740234375 0.0068359375 0.02490234375
0 0.099609375 0.458984375 0.00634765625 0.02392578125
0 0.6796875 0.451171875 0.01220703125 0.0234375
0 0.6826171875 0.55517578125 0.01171875 0.02783203125
0 0.28515625 0.37890625 0.005859375 0.0234375
0 0.0986328125 0.6611328125 0.00830078125 0.021484375
0 0.14697265625 0.54833984375 0.01806640625 0.017578125
0 0.18994140625 0.48583984375 0.00634765625 0.0205078125
0 0.544921875 0.61669921875 0.01123046875 0.02490234375
0 0.1875 0.59765625 0.0068359375 0.02880859375
0 0.2685546875 0.54638671875 0.0068359375 0.0244140625
0 0.501953125 0.52880859375 0.0166015625 0.01513671875
0 0.20654296875 0.39111328125 0.0068359375 0.01904296875
0 0.2421875 0.3955078125 0.005859375 0.0224609375
0 0.333984375 0.49609375 0.005859375 0.02001953125
0 0.16943359375 0.4228515625 0.0107421875 0.02197265625
0 0.1259765625 0.49267578125 0.01025390625 0.0205078125
0 0.353515625 0.4248046875 0.005859375 0.0205078125
0 0.611328125 0.638671875 0.00927734375 0.0126953125
0 0.32421875 0.427734375 0.0087890625 0.009765625
0 0.38818359375 0.3330078125 0.01025390625 0.02001953125
0 0.31640625 0.43896484375 0.00537109375 0.01904296875
0 0.4501953125 0.49462890625 0.00830078125 0.01220703125
0 0.1416015625 0.537109375 0.00634765625 0.015625
0 0.3486328125 0.927734375 0.01025390625 0.03466796875
0 0.6201171875 0.58642578125 0.00830078125 0.01513671875
0 0.333984375 0.572265625 0.01611328125 0.017578125
0 0.2607421875 0.59130859375 0.00634765625 0.02197265625
0 0.36669921875 0.67529296875 0.0087890625 0.02490234375
0 0.2421875 0.37158203125 0.005859375 0.01953125
0 0.3916015625 0.34619140625 0.0126953125 0.0146484375
0 0.6318359375 0.77783203125 0.0087890625 0.0166015625
0 0.29931640625 0.47314453125 0.0078125 0.021484375
0 0.32666015625 0.53515625 0.00634765625 0.0224609375
0 0.27392578125 0.56640625 0.00927734375 0.02392578125
0 0.30029296875 0.57763671875 0.00634765625 0.021484375
0 0.279296875 0.5634765625 0.00537109375 0.02099609375
0 0.1650390625 0.46728515625 0.00732421875 0.0244140625
0 0.3720703125 0.708984375 0.0078125 0.02880859375
0 0.02294921875 0.87939453125 0.00927734375 0.0224609375
0 0.318359375 0.5703125 0.00634765625 0.017578125
0 0.189453125 0.41357421875 0.0068359375 0.0185546875
0 0.9306640625 0.55908203125 0.017578125 0.017578125
0 0.98388671875 0.583984375 0.02294921875 0.0166015625