0 0.6748046875 0.21240234375 0.0283203125 0.037109375
0 0.67578125 0.18701171875 0.02783203125 0.0263671875
0 0.82470703125 0.267578125 0.037109375 0.03759765625
0 0.83251953125 0.23046875 0.02392578125 0.0361328125
0 0.6513671875 0.21142578125 0.0244140625 0.0419921875
0 0.70068359375 0.17333984375 0.025390625 0.0322265625
0 0.7353515625 0.0244140625 0.01953125 0.02734375
0 0.76123046875 0.09765625 0.0224609375 0.0322265625
0 0.72607421875 0.05322265625 0.0234375 0.03076171875
0 0.89306640625 0.3720703125 0.02734375 0.052734375
0 0.8251953125 0.11865234375 0.02978515625 0.03125
0 0.869140625 0.08837890625 0.033203125 0.0322265625
0 0.529296875 0.322265625 0.03173828125 0.0439453125
0 0.7802734375 0.0146484375 0.021484375 0.029296875
0 0.57568359375 0.2265625 0.02001953125 0.04052734375
0 0.81640625 0.40869140625 0.0302734375 0.056640625
0 0.732421875 0.85986328125 0.025390625 0.0947265625