0 0.60546875 0.08544921875 0.03564453125 0.07470703125
0 0.7294921875 0.21337890625 0.037109375 0.05322265625
0 0.90283203125 0.287109375 0.02490234375 0.07666015625
0 0.82568359375 0.3330078125 0.02734375 0.07861328125
0 0.7529296875 0.36865234375 0.02783203125 0.06005859375
0 0.81396484375 0.3876953125 0.03759765625 0.056640625
0 0.3779296875 0.0322265625 0.0322265625 0.06005859375
0 0.11962890625 0.10986328125 0.0234375 0.06591796875
0 0.71630859375 0.31689453125 0.02880859375 0.06640625
0 0.90771484375 0.17236328125 0.03271484375 0.05322265625
0 0.37109375 0.5947265625 0.02197265625 0.06494140625
0 0.642578125 0.62646484375 0.0283203125 0.078125
0 0.5517578125 0.13037109375 0.03515625 0.0556640625
0 0.6591796875 0.6015625 0.04150390625 0.04638671875
0 0.54931640625 0.267578125 0.03857421875 0.04736328125
0 0.46875 0.54931640625 0.02587890625 0.0751953125
0 0.68212890625 0.423828125 0.0234375 0.06640625
0 0.4375 0.5859375 0.0234375 0.0732421875
0 0.41015625 0.22412109375 0.03271484375 0.0517578125
0 0.5712890625 0.876953125 0.0380859375 0.06884765625
0 0.59521484375 0.35009765625 0.0400390625 0.05029296875
0 0.57666015625 0.572265625 0.0400390625 0.05517578125
0 0.68115234375 0.353515625 0.03759765625 0.02880859375
0 0.15478515625 0.36181640625 0.0341796875 0.06103515625
0 0.376953125 0.80615234375 0.02490234375 0.05322265625
0 0.11181640625 0.2314453125 0.02001953125 0.06005859375
0 0.2373046875 0.1513671875 0.03515625 0.0322265625
0 0.23193359375 0.955078125 0.02587890625 0.0732421875
0 0.2119140625 0.52392578125 0.02197265625 0.0615234375
0 0.19775390625 0.7255859375 0.0361328125 0.05078125
0 0.552734375 0.708984375 0.044921875 0.046875
0 0.26220703125 0.20751953125 0.01953125 0.068359375
0 0.02880859375 0.19775390625 0.0185546875 0.0712890625
0 0.126953125 0.02294921875 0.025390625 0.0458984375
0 0.4775390625 0.60498046875 0.0419921875 0.04443359375
0 0.43994140625 0.912109375 0.04833984375 0.05126953125
0 0.0126953125 0.65380859375 0.0244140625 0.0419921875
0 0.26806640625 0.23876953125 0.03125 0.06640625
0 0.216796875 0.1123046875 0.03369140625 0.0458984375
0 0.01318359375 0.62255859375 0.0263671875 0.05419921875
0 0.2978515625 0.8876953125 0.04296875 0.048828125
0 0.326171875 0.5068359375 0.03369140625 0.04345703125
0 0.05615234375 0.4296875 0.0341796875 0.05126953125
0 0.333984375 0.978515625 0.04248046875 0.03955078125
0 0.017578125 0.93408203125 0.02978515625 0.0517578125
0 0.115234375 0.193359375 0.021484375 0.06982421875
0 0.689453125 0.38037109375 0.03662109375 0.04345703125
0 0.7294921875 0.16748046875 0.0302734375 0.04052734375
0 0.05517578125 0.021484375 0.03369140625 0.04296875