0 0.45556640625 0.833984375 0.03173828125 0.0546875
0 0.34228515625 0.36279296875 0.0322265625 0.04833984375
0 0.37109375 0.88427734375 0.029296875 0.0615234375
0 0.40625 0.28759765625 0.037109375 0.04736328125
0 0.1220703125 0.6630859375 0.03466796875 0.04443359375
0 0.4970703125 0.71533203125 0.03662109375 0.0419921875
0 0.16845703125 0.0322265625 0.0361328125 0.041015625
0 0.0234375 0.2041015625 0.0341796875 0.05810546875
0 0.09619140625 0.13037109375 0.029296875 0.04833984375
0 0.173828125 0.27685546875 0.029296875 0.04541015625
0 0.1142578125 0.37109375 0.0341796875 0.04736328125
0 0.01025390625 0.33740234375 0.01953125 0.044921875
0 0.1455078125 0.35546875 0.02734375 0.044921875
0 0.2568359375 0.09619140625 0.03466796875 0.05224609375
0 0.09130859375 0.1787109375 0.02978515625 0.048828125
0 0.25830078125 0.01904296875 0.0380859375 0.0380859375
0 0.013671875 0.53857421875 0.025390625 0.046875
0 0.1376953125 0.9072265625 0.0283203125 0.05126953125
0 0.0751953125 0.0087890625 0.0205078125 0.0166015625
0 0.08203125 0.021484375 0.048828125 0.041015625