0 0.07275390625 0.142578125 0.017578125 0.0205078125
0 0.056640625 0.16357421875 0.0185546875 0.0234375
0 0.0986328125 0.61572265625 0.0234375 0.0205078125
0 0.140625 0.04248046875 0.017578125 0.0185546875
0 0.044921875 0.4619140625 0.0234375 0.021484375
0 0.0986328125 0.06201171875 0.0224609375 0.0205078125
0 0.12890625 0.095703125 0.017578125 0.01953125
0 0.13037109375 0.15869140625 0.01953125 0.0166015625
0 0.0498046875 0.12890625 0.01953125 0.01953125
0 0.0654296875 0.62109375 0.0302734375 0.025390625
0 0.19140625 0.03662109375 0.0166015625 0.021484375
0 0.18505859375 0.0302734375 0.0107421875 0.03125