0 0.603515625 0.85009765625 0.05322265625 0.04638671875
0 0.30029296875 0.873046875 0.037109375 0.044921875
0 0.0400390625 0.94873046875 0.05908203125 0.05419921875
0 0.263671875 0.916015625 0.0390625 0.04833984375
0 0.9013671875 0.8740234375 0.0380859375 0.04345703125
0 0.703125 0.90185546875 0.03173828125 0.0517578125
0 0.88525390625 0.98046875 0.0517578125 0.0390625
0 0.94384765625 0.92626953125 0.0419921875 0.04638671875
0 0.6572265625 0.888671875 0.02001953125 0.0498046875
0 0.1416015625 0.9814453125 0.05126953125 0.037109375
0 0.74560546875 0.9677734375 0.04150390625 0.05322265625
0 0.72900390625 0.927734375 0.03759765625 0.04443359375
0 0.23583984375 0.88525390625 0.01611328125 0.03857421875
0 0.77294921875 0.83740234375 0.0234375 0.044921875
0 0.68359375 0.8740234375 0.02001953125 0.02587890625
0 0.98046875 0.69091796875 0.02392578125 0.02880859375
0 0.80615234375 0.7470703125 0.02587890625 0.0341796875
0 0.68359375 0.86181640625 0.01708984375 0.01953125
0 0.35498046875 0.994140625 0.0166015625 0.01171875