0 0.23828125 0.1123046875 0.029296875 0.06884765625
0 0.4384765625 0.06298828125 0.01904296875 0.06396484375
0 0.30810546875 0.10888671875 0.02099609375 0.06298828125
0 0.5419921875 0.06591796875 0.015625 0.06982421875
0 0.13720703125 0.2255859375 0.02099609375 0.06982421875
0 0.39501953125 0.08203125 0.02783203125 0.0546875
0 0.43212890625 0.341796875 0.0166015625 0.06396484375
0 0.2412109375 0.298828125 0.01318359375 0.06787109375
0 0.23876953125 0.626953125 0.021484375 0.0693359375
0 0.56982421875 0.04296875 0.0263671875 0.06884765625
0 0.09765625 0.33154296875 0.02001953125 0.0654296875
0 0.3310546875 0.38671875 0.0146484375 0.07080078125
0 0.56103515625 0.3193359375 0.01708984375 0.076171875
0 0.07373046875 0.3134765625 0.01904296875 0.0625
0 0.13720703125 0.556640625 0.01513671875 0.0615234375
0 0.50439453125 0.12646484375 0.02783203125 0.06689453125
0 0.3544921875 0.353515625 0.01416015625 0.06982421875
0 0.5263671875 0.240234375 0.02783203125 0.0615234375
0 0.12109375 0.6669921875 0.02001953125 0.0625
0 0.05029296875 0.53564453125 0.02880859375 0.06005859375
0 0.58056640625 0.38232421875 0.021484375 0.0654296875
0 0.0537109375 0.0556640625 0.01953125 0.0546875
0 0.7802734375 0.68017578125 0.01708984375 0.0654296875
0 0.38623046875 0.28369140625 0.0234375 0.05224609375
0 0.1865234375 0.81884765625 0.02001953125 0.06640625
0 0.689453125 0.6650390625 0.02001953125 0.06103515625
0 0.296875 0.7294921875 0.0166015625 0.06591796875
0 0.3056640625 0.50146484375 0.0244140625 0.0732421875
0 0.25244140625 0.41064453125 0.0302734375 0.05029296875
0 0.70556640625 0.48486328125 0.0244140625 0.07421875
0 0.65625 0.466796875 0.017578125 0.07470703125
0 0.353515625 0.513671875 0.0205078125 0.0625
0 0.41845703125 0.60595703125 0.02001953125 0.06689453125
0 0.42626953125 0.2392578125 0.02783203125 0.0546875
0 0.3896484375 0.47216796875 0.02197265625 0.0615234375
0 0.45068359375 0.81103515625 0.02587890625 0.0634765625
0 0.03564453125 0.38720703125 0.03173828125 0.04931640625
0 0.64697265625 0.69970703125 0.01708984375 0.0517578125
0 0.29931640625 0.826171875 0.02685546875 0.052734375
0 0.333984375 0.5751953125 0.01513671875 0.078125
0 0.15380859375 0.15771484375 0.03173828125 0.04638671875
0 0.3232421875 0.6455078125 0.01708984375 0.0703125
0 0.35009765625 0.02294921875 0.0283203125 0.0458984375
0 0.45263671875 0.1640625 0.02783203125 0.0673828125
0 0.44775390625 0.64794921875 0.02587890625 0.0654296875
0 0.40087890625 0.19580078125 0.017578125 0.0615234375
0 0.5400390625 0.619140625 0.03173828125 0.05419921875
0 0.3349609375 0.927734375 0.01904296875 0.068359375
0 0.18212890625 0.4482421875 0.02734375 0.0654296875
0 0.1162109375 0.11865234375 0.03564453125 0.0478515625
0 0.41943359375 0.14208984375 0.03271484375 0.05517578125
0 0.38916015625 0.7548828125 0.03271484375 0.05712890625
0 0.35302734375 0.6455078125 0.02490234375 0.06787109375
0 0.0166015625 0.1474609375 0.02685546875 0.04150390625
0 0.06640625 0.775390625 0.029296875 0.03662109375
0 0.54052734375 0.890625 0.0302734375 0.052734375
0 0.73486328125 0.74658203125 0.0390625 0.05078125
0 0.45849609375 0.5947265625 0.0380859375 0.05078125
0 0.78271484375 0.1474609375 0.02978515625 0.0654296875
0 0.1015625 0.013671875 0.015625 0.02734375
0 0.10595703125 0.24462890625 0.02001953125 0.0634765625
0 0.2490234375 0.2353515625 0.021484375 0.07177734375
0 0.61474609375 0.05224609375 0.0224609375 0.07568359375
0 0.58349609375 0.84912109375 0.025390625 0.0673828125
0 0.5107421875 0.72705078125 0.02392578125 0.06884765625
0 0.41748046875 0.01123046875 0.01806640625 0.02099609375
0 0.1552734375 0.96337890625 0.02783203125 0.05517578125
0 0.27685546875 0.37744140625 0.02294921875 0.07373046875
0 0.4736328125 0.8828125 0.025390625 0.06689453125
0 0.6259765625 0.5185546875 0.03076171875 0.0517578125