0 0.84375 0.74169921875 0.1416015625 0.16015625
0 0.3984375 0.45263671875 0.0830078125 0.087890625
0 0.23388671875 0.83544921875 0.0625 0.0771484375
0 0.73681640625 0.7529296875 0.10546875 0.1181640625
0 0.298828125 0.5048828125 0.0703125 0.080078125
0 0.55419921875 0.51513671875 0.076171875 0.099609375
0 0.17578125 0.21630859375 0.04296875 0.046875
0 0.5517578125 0.60400390625 0.05859375 0.0537109375
0 0.68701171875 0.701171875 0.0859375 0.0849609375
0 0.5595703125 0.18212890625 0.0537109375 0.056640625
0 0.25927734375 0.45166015625 0.0615234375 0.0810546875
0 0.0869140625 0.505859375 0.0673828125 0.072265625
0 0.14404296875 0.8759765625 0.1044921875 0.1201171875
0 0.15771484375 0.3359375 0.04296875 0.0576171875
0 0.57958984375 0.25537109375 0.0458984375 0.037109375
0 0.05810546875 0.31396484375 0.04296875 0.05078125
0 0.59521484375 0.865234375 0.12890625 0.140625
0 0.4931640625 0.306640625 0.0400390625 0.03125
0 0.0546875 0.18212890625 0.041015625 0.044921875
0 0.1337890625 0.7783203125 0.064453125 0.0859375
0 0.791015625 0.3544921875 0.1240234375 0.125
0 0.41943359375 0.27734375 0.0576171875 0.0625
0 0.3037109375 0.431640625 0.068359375 0.08984375
0 0.71240234375 0.224609375 0.0625 0.0673828125
0 0.216796875 0.44287109375 0.056640625 0.068359375
0 0.35498046875 0.3046875 0.0517578125 0.0576171875
0 0.87451171875 0.14892578125 0.0576171875 0.0546875
0 0.681640625 0.19873046875 0.060546875 0.05078125
0 0.767578125 0.36962890625 0.0556640625 0.080078125
0 0.2255859375 0.25830078125 0.05078125 0.0556640625
0 0.78076171875 0.20947265625 0.0673828125 0.064453125
0 0.62939453125 0.33447265625 0.060546875 0.0673828125
0 0.4287109375 0.33935546875 0.041015625 0.0302734375
0 0.33349609375 0.26416015625 0.05078125 0.05859375
0 0.7978515625 0.56884765625 0.0673828125 0.0791015625
0 0.00927734375 0.265625 0.0185546875 0.052734375
0 0.59033203125 0.125 0.052734375 0.052734375
0 0.826171875 0.05126953125 0.044921875 0.0478515625
0 0.07861328125 0.2578125 0.0361328125 0.0361328125
0 0.47265625 0.08447265625 0.0390625 0.0439453125
0 0.2900390625 0.2509765625 0.0341796875 0.04296875
0 0.400390625 0.322265625 0.05078125 0.05859375
0 0.4423828125 0.23193359375 0.0400390625 0.0517578125
0 0.802734375 0.01318359375 0.037109375 0.0263671875
0 0.63671875 0.2802734375 0.052734375 0.072265625
0 0.34521484375 0.17578125 0.048828125 0.0546875
0 0.11083984375 0.34375 0.044921875 0.0556640625
0 0.66357421875 0.23095703125 0.0439453125 0.0498046875
0 0.78173828125 0.1298828125 0.0537109375 0.0537109375
0 0.76611328125 0.072265625 0.044921875 0.0537109375
0 0.2529296875 0.095703125 0.037109375 0.0419921875
0 0.09375 0.11572265625 0.07421875 0.068359375
0 0.26025390625 0.28173828125 0.0390625 0.041015625
0 0.3037109375 0.15625 0.0244140625 0.0400390625
0 0.1845703125 0.29345703125 0.048828125 0.048828125
0 0.16259765625 0.1845703125 0.03515625 0.0302734375
0 0.64306640625 0.0419921875 0.033203125 0.0283203125
0 0.4609375 0.1865234375 0.0517578125 0.0546875
0 0.46142578125 0.15478515625 0.0419921875 0.0439453125
0 0.6083984375 0.09814453125 0.046875 0.0458984375
0 0.28857421875 0.12255859375 0.0341796875 0.0400390625
0 0.1875 0.12744140625 0.0302734375 0.041015625
0 0.3466796875 0.12255859375 0.0234375 0.0458984375
0 0.494140625 0.189453125 0.04296875 0.0322265625
0 0.76123046875 0.11767578125 0.0546875 0.052734375
0 0.5146484375 0.09375 0.0302734375 0.0380859375
0 0.43212890625 0.03173828125 0.041015625 0.046875
0 0.60205078125 0.04931640625 0.033203125 0.0263671875
0 0.5810546875 0.01171875 0.0390625 0.0234375
0 0.53564453125 0.05029296875 0.03515625 0.04296875
0 0.220703125 0.22021484375 0.0302734375 0.046875
0 0.74609375 0.16162109375 0.0498046875 0.0634765625
0 0.30908203125 0.09423828125 0.04296875 0.0439453125
0 0.21337890625 0.11181640625 0.0302734375 0.04296875
0 0.70458984375 0.05126953125 0.0478515625 0.0439453125
0 0.54736328125 0.11376953125 0.0263671875 0.0263671875
0 0.076171875 0.1083984375 0.0361328125 0.0400390625
0 0.18115234375 0.32763671875 0.0439453125 0.0537109375
0 0.609375 0.00927734375 0.025390625 0.0185546875
0 0.53662109375 0.869140625 0.0966796875 0.09765625
0 0.57861328125 0.076171875 0.03515625 0.02734375
0 0.8603515625 0.03466796875 0.0322265625 0.021484375
0 0.41796875 0.1015625 0.041015625 0.0458984375
0 0.40576171875 0.05517578125 0.033203125 0.033203125
0 0.724609375 0.1982421875 0.0390625 0.041015625
0 0.19775390625 0.11962890625 0.0302734375 0.0400390625
0 0.474609375 0.1357421875 0.0517578125 0.052734375
0 0.53369140625 0.0244140625 0.046875 0.0419921875
0 0.27392578125 0.08251953125 0.0390625 0.0380859375
0 0.3212890625 0.18701171875 0.0322265625 0.02734375
0 0.4169921875 0.08154296875 0.048828125 0.04296875
0 0.24951171875 0.0693359375 0.0263671875 0.029296875
0 0.390625 0.0361328125 0.041015625 0.0458984375
0 0.25830078125 0.05615234375 0.0322265625 0.02734375
0 0.408203125 0.0361328125 0.0361328125 0.0419921875
0 0.37939453125 0.02783203125 0.0205078125 0.0263671875
0 0.06591796875 0.11376953125 0.0185546875 0.021484375
0 0.296875 0.09228515625 0.01953125 0.03125
0 0.09765625 0.36279296875 0.029296875 0.029296875