0 0.84228515625 0.76953125 0.0322265625 0.03466796875
0 0.4052734375 0.70458984375 0.0234375 0.025390625
0 0.3984375 0.755859375 0.0263671875 0.02880859375
0 0.0712890625 0.82177734375 0.03173828125 0.033203125
0 0.77587890625 0.875 0.0458984375 0.04443359375
0 0.65234375 0.9462890625 0.05908203125 0.05078125
0 0.0341796875 0.79150390625 0.03076171875 0.02783203125
0 0.56298828125 0.68408203125 0.02783203125 0.0263671875
0 0.78125 0.787109375 0.0390625 0.03662109375
0 0.2060546875 0.8896484375 0.04443359375 0.04345703125
0 0.119140625 0.755859375 0.02783203125 0.025390625
0 0.693359375 0.732421875 0.03076171875 0.03466796875
0 0.26953125 0.65966796875 0.02001953125 0.02099609375
0 0.8349609375 0.98388671875 0.04931640625 0.03173828125
0 0.41796875 0.88037109375 0.0322265625 0.04052734375
0 0.51513671875 0.8408203125 0.041015625 0.0380859375
0 0.0341796875 0.8486328125 0.029296875 0.0302734375
0 0.04150390625 0.7421875 0.0234375 0.02587890625
0 0.7265625 0.8984375 0.0390625 0.0400390625
0 0.74169921875 0.72119140625 0.02734375 0.0322265625
0 0.21875 0.98046875 0.04541015625 0.0390625
0 0.2548828125 0.69189453125 0.02197265625 0.02392578125
0 0.4580078125 0.6591796875 0.02099609375 0.0224609375
0 0.01904296875 0.689453125 0.01953125 0.0205078125
0 0.990234375 0.794921875 0.01953125 0.037109375
0 0.16845703125 0.8017578125 0.03271484375 0.03125
0 0.0302734375 0.865234375 0.02099609375 0.02197265625
0 0.6650390625 0.71484375 0.0244140625 0.03466796875
0 0.01513671875 0.94287109375 0.0302734375 0.0478515625
0 0.52685546875 0.70751953125 0.0205078125 0.02490234375
0 0.306640625 0.671875 0.01904296875 0.0244140625
0 0.794921875 0.833984375 0.02587890625 0.0380859375
0 0.59326171875 0.75244140625 0.03076171875 0.029296875
0 0.1357421875 0.86572265625 0.04296875 0.0380859375
0 0.267578125 0.900390625 0.0419921875 0.04296875
0 0.6396484375 0.84130859375 0.0380859375 0.0380859375
0 0.07373046875 0.7314453125 0.0224609375 0.0244140625
0 0.3271484375 0.794921875 0.033203125 0.029296875
0 0.60400390625 0.72607421875 0.03173828125 0.029296875
0 0.6201171875 0.828125 0.03955078125 0.03955078125
0 0.11279296875 0.82373046875 0.03466796875 0.03271484375
0 0.03369140625 0.666015625 0.02001953125 0.0205078125
0 0.6396484375 0.75927734375 0.0341796875 0.03271484375
0 0.33935546875 0.8115234375 0.03125 0.02734375
0 0.330078125 0.8974609375 0.0419921875 0.0390625
0 0.2880859375 0.681640625 0.0146484375 0.021484375
0 0.462890625 0.701171875 0.02294921875 0.0205078125
0 0.03369140625 0.6201171875 0.0166015625 0.0166015625
0 0.81787109375 0.76416015625 0.015625 0.033203125
0 0.17626953125 0.970703125 0.04052734375 0.04541015625
0 0.72802734375 0.7705078125 0.03564453125 0.03515625
0 0.08349609375 0.9912109375 0.0302734375 0.01708984375
0 0.69189453125 0.767578125 0.0341796875 0.02685546875
0 0.30078125 0.72900390625 0.025390625 0.02685546875
0 0.14208984375 0.658203125 0.0166015625 0.01220703125
0 0.40185546875 0.97216796875 0.04296875 0.05029296875
0 0.23046875 0.77587890625 0.01953125 0.02734375
0 0.12158203125 0.619140625 0.01806640625 0.017578125
0 0.09521484375 0.681640625 0.017578125 0.02294921875
0 0.158203125 0.78076171875 0.02783203125 0.02294921875
0 0.1875 0.8115234375 0.02685546875 0.015625
0 0.716796875 0.7958984375 0.03369140625 0.0361328125
0 0.15625 0.98681640625 0.0400390625 0.0263671875
0 0.68994140625 0.79541015625 0.0322265625 0.0341796875
0 0.060546875 0.669921875 0.01904296875 0.01806640625
0 0.07861328125 0.6474609375 0.01416015625 0.01025390625
0 0.10888671875 0.716796875 0.01513671875 0.02685546875
0 0.1875 0.64501953125 0.01416015625 0.01904296875
0 0.2724609375 0.8681640625 0.03564453125 0.02783203125
0 0.482421875 0.80126953125 0.02490234375 0.03125
0 0.16748046875 0.634765625 0.017578125 0.0166015625
0 0.03857421875 0.638671875 0.02001953125 0.0205078125
0 0.1669921875 0.64794921875 0.0185546875 0.02099609375
0 0.501953125 0.78564453125 0.03076171875 0.03466796875
0 0.8251953125 0.87353515625 0.02197265625 0.0380859375
0 0.1103515625 0.6845703125 0.015625 0.01953125
0 0.32568359375 0.98974609375 0.0302734375 0.01953125
0 0.2998046875 0.8896484375 0.03076171875 0.0380859375
0 0.44775390625 0.7138671875 0.01611328125 0.0224609375
0 0.2978515625 0.80615234375 0.02685546875 0.02099609375
0 0.55517578125 0.81640625 0.0234375 0.03955078125
0 0.57275390625 0.990234375 0.0361328125 0.01904296875
0 0.59130859375 0.705078125 0.0185546875 0.0234375
0 0.28759765625 0.72265625 0.0283203125 0.02587890625
0 0.7626953125 0.7802734375 0.01416015625 0.03466796875
0 0.42578125 0.98828125 0.04296875 0.02294921875
0 0.1513671875 0.970703125 0.02587890625 0.0244140625
0 0.1162109375 0.650390625 0.01171875 0.02001953125
0 0.4638671875 0.96533203125 0.04736328125 0.05615234375
0 0.53857421875 0.76416015625 0.025390625 0.02587890625
0 0.55517578125 0.7919921875 0.0380859375 0.03466796875
0 0.05224609375 0.62841796875 0.01416015625 0.0185546875
0 0.5146484375 0.6728515625 0.01318359375 0.021484375
0 0.10546875 0.646484375 0.015625 0.0205078125
0 0.10009765625 0.6357421875 0.01904296875 0.017578125
0 0.5009765625 0.7587890625 0.02392578125 0.02197265625
0 0.6220703125 0.89306640625 0.02294921875 0.048828125
0 0.54052734375 0.7861328125 0.02734375 0.033203125
0 0.1484375 0.63134765625 0.0107421875 0.0078125
0 0.00537109375 0.8017578125 0.0107421875 0.02490234375
0 0.5068359375 0.76806640625 0.03125 0.0244140625
0 0.29638671875 0.71337890625 0.02001953125 0.0146484375
0 0.7587890625 0.876953125 0.01416015625 0.04052734375
0 0.0341796875 0.748046875 0.0107421875 0.01611328125
0 0.1005859375 0.81982421875 0.0166015625 0.0322265625
0 0.06005859375 0.8203125 0.0126953125 0.02880859375