0 0.8720703125 0.28125 0.01123046875 0.0400390625
0 0.1279296875 0.17626953125 0.01171875 0.04052734375
0 0.275390625 0.4296875 0.01171875 0.03662109375
0 0.06005859375 0.5361328125 0.01416015625 0.02880859375
0 0.35009765625 0.22412109375 0.01123046875 0.0302734375
0 0.31787109375 0.26611328125 0.01025390625 0.037109375
0 0.37060546875 0.2275390625 0.013671875 0.037109375
0 0.2763671875 0.142578125 0.01220703125 0.037109375
0 0.0625 0.1435546875 0.01123046875 0.0341796875
0 0.31982421875 0.21484375 0.01416015625 0.0341796875
0 0.33154296875 0.01806640625 0.01416015625 0.0283203125
0 0.09619140625 0.1162109375 0.01171875 0.0341796875
0 0.09765625 0.2265625 0.00927734375 0.04052734375
0 0.10595703125 0.18603515625 0.00830078125 0.0361328125
0 0.09423828125 0.2958984375 0.01171875 0.03515625
0 0.0869140625 0.04833984375 0.0146484375 0.0341796875
0 0.1015625 0.47802734375 0.0126953125 0.021484375
0 0.19580078125 0.08251953125 0.013671875 0.0341796875
0 0.85400390625 0.45751953125 0.0185546875 0.03466796875
0 0.63037109375 0.59228515625 0.01220703125 0.02734375
0 0.18896484375 0.14453125 0.009765625 0.0361328125
0 0.0185546875 0.50341796875 0.0087890625 0.037109375
0 0.14794921875 0.1328125 0.01708984375 0.03125
0 0.5126953125 0.13818359375 0.01416015625 0.03466796875
0 0.12890625 0.14306640625 0.01708984375 0.02734375
0 0.11279296875 0.24267578125 0.0107421875 0.03857421875
0 0.36767578125 0.1884765625 0.0126953125 0.03125
0 0.67041015625 0.33935546875 0.01220703125 0.03173828125
0 0.4775390625 0.216796875 0.01220703125 0.03662109375
0 0.8798828125 0.017578125 0.0166015625 0.03125
0 0.837890625 0.1611328125 0.0107421875 0.03369140625
0 0.74072265625 0.23388671875 0.01318359375 0.03515625
0 0.5771484375 0.36181640625 0.00927734375 0.03564453125
0 0.04833984375 0.04052734375 0.00830078125 0.0341796875
0 0.4287109375 0.22802734375 0.01171875 0.03125
0 0.00537109375 0.1494140625 0.01025390625 0.04052734375
0 0.98828125 0.40234375 0.01953125 0.03271484375
0 0.66259765625 0.47021484375 0.02099609375 0.0390625
0 0.56884765625 0.1533203125 0.009765625 0.0361328125
0 0.16845703125 0.33837890625 0.01220703125 0.04833984375
0 0.01953125 0.10205078125 0.013671875 0.0341796875
0 0.703125 0.365234375 0.01220703125 0.03173828125
0 0.74462890625 0.43017578125 0.0166015625 0.02001953125
0 0.0625 0.01513671875 0.01171875 0.02978515625
0 0.57666015625 0.50390625 0.0107421875 0.02783203125
0 0.544921875 0.4306640625 0.0107421875 0.037109375
0 0.767578125 0.5029296875 0.013671875 0.03076171875
0 0.01513671875 0.06787109375 0.01806640625 0.0224609375
0 0.4970703125 0.21337890625 0.0107421875 0.03466796875
0 0.58642578125 0.1083984375 0.013671875 0.0302734375
0 0.03955078125 0.01220703125 0.015625 0.02392578125
0 0.466796875 0.00634765625 0.00927734375 0.0126953125
0 0.99755859375 0.61767578125 0.0048828125 0.0244140625