0 0.220703125 0.888671875 0.04296875 0.0478515625
0 0.2001953125 0.84130859375 0.0263671875 0.0322265625
0 0.31640625 0.99267578125 0.03515625 0.0146484375
0 0.1923828125 0.8095703125 0.0234375 0.0263671875
0 0.42529296875 0.97705078125 0.033203125 0.0439453125
0 0.126953125 0.798828125 0.0166015625 0.0283203125
0 0.24462890625 0.74072265625 0.0234375 0.025390625
0 0.13330078125 0.73876953125 0.021484375 0.0341796875
0 0.04833984375 0.74462890625 0.0126953125 0.017578125
0 0.23388671875 0.7783203125 0.01953125 0.0244140625
0 0.10888671875 0.71484375 0.013671875 0.021484375
0 0.1533203125 0.8212890625 0.017578125 0.01953125
0 0.41943359375 0.92138671875 0.0234375 0.0361328125
0 0.0615234375 0.76025390625 0.0107421875 0.0205078125
0 0.07373046875 0.77392578125 0.01953125 0.02734375
0 0.41796875 0.8408203125 0.017578125 0.033203125
0 0.0751953125 0.7373046875 0.01953125 0.0224609375
0 0.15576171875 0.78515625 0.021484375 0.0244140625
0 0.18994140625 0.79345703125 0.009765625 0.015625
0 0.22412109375 0.78759765625 0.01171875 0.0185546875
0 0.23974609375 0.79541015625 0.0107421875 0.0166015625
0 0.240234375 0.7646484375 0.0107421875 0.01171875
0 0.05810546875 0.875 0.0107421875 0.025390625
0 0.0595703125 0.72900390625 0.01953125 0.0283203125
0 0.123046875 0.7880859375 0.0126953125 0.017578125
0 0.0625 0.71630859375 0.0126953125 0.0146484375
0 0.2255859375 0.77978515625 0.009765625 0.0146484375
0 0.33447265625 0.638671875 0.0146484375 0.01953125
0 0.236328125 0.7412109375 0.0087890625 0.0185546875
0 0.42822265625 0.841796875 0.0126953125 0.025390625
0 0.18505859375 0.80712890625 0.009765625 0.0146484375
0 0.06591796875 0.88525390625 0.0087890625 0.013671875
0 0.07666015625 0.72900390625 0.0107421875 0.0146484375