0 0.31005859375 0.8486328125 0.0185546875 0.0205078125
0 0.2744140625 0.72265625 0.021484375 0.0322265625
0 0.2509765625 0.71337890625 0.0146484375 0.025390625
0 0.22119140625 0.978515625 0.0166015625 0.0263671875
0 0.15185546875 0.994140625 0.0185546875 0.01171875
0 0.22265625 0.90283203125 0.0185546875 0.0244140625
0 0.2666015625 0.88623046875 0.0185546875 0.0234375
0 0.201171875 0.9501953125 0.0166015625 0.021484375
0 0.21484375 0.7470703125 0.0146484375 0.0205078125
0 0.2294921875 0.45166015625 0.01171875 0.0146484375
0 0.16015625 0.8876953125 0.0166015625 0.0244140625
0 0.197265625 0.62841796875 0.015625 0.0205078125
0 0.1337890625 0.9013671875 0.0166015625 0.021484375
0 0.201171875 0.7529296875 0.015625 0.0244140625
0 0.07666015625 0.9853515625 0.01953125 0.0234375
0 0.16796875 0.4072265625 0.0146484375 0.0146484375
0 0.25048828125 0.90673828125 0.0146484375 0.0205078125
0 0.13525390625 0.85498046875 0.017578125 0.021484375
0 0.18115234375 0.90673828125 0.01953125 0.021484375
0 0.07373046875 0.91943359375 0.017578125 0.025390625
0 0.0048828125 0.40625 0.009765625 0.021484375
0 0.1015625 0.9013671875 0.0166015625 0.0224609375
0 0.18115234375 0.65478515625 0.015625 0.01953125
0 0.16552734375 0.91357421875 0.0185546875 0.0263671875
0 0.236328125 0.921875 0.0205078125 0.0234375
0 0.01611328125 0.4951171875 0.013671875 0.017578125
0 0.0888671875 0.76123046875 0.0146484375 0.0224609375
0 0.1923828125 0.82470703125 0.0185546875 0.0234375
0 0.0517578125 0.431640625 0.015625 0.017578125
0 0.05615234375 0.8837890625 0.015625 0.021484375
0 0.07861328125 0.81787109375 0.01953125 0.021484375
0 0.16455078125 0.51904296875 0.015625 0.0185546875
0 0.1171875 0.43701171875 0.0166015625 0.0166015625
0 0.09033203125 0.94287109375 0.01953125 0.0224609375
0 0.107421875 0.94091796875 0.015625 0.0244140625
0 0.04345703125 0.779296875 0.015625 0.0244140625
0 0.00537109375 0.4609375 0.0107421875 0.021484375
0 0.17822265625 0.5283203125 0.0146484375 0.01953125
0 0.11572265625 0.84765625 0.0107421875 0.025390625
0 0.17333984375 0.61669921875 0.0107421875 0.0205078125
0 0.08642578125 0.720703125 0.0166015625 0.0244140625
0 0.17822265625 0.541015625 0.0166015625 0.025390625
0 0.111328125 0.87451171875 0.017578125 0.0244140625
0 0.08740234375 0.45751953125 0.015625 0.017578125
0 0.1337890625 0.7744140625 0.0185546875 0.0263671875
0 0.12646484375 0.76416015625 0.0185546875 0.021484375
0 0.18359375 0.59423828125 0.0205078125 0.0224609375
0 0.17578125 0.80322265625 0.01953125 0.0205078125
0 0.2080078125 0.810546875 0.021484375 0.0244140625
0 0.1611328125 0.82177734375 0.017578125 0.0244140625
0 0.03125 0.50146484375 0.009765625 0.0205078125
0 0.14501953125 0.57958984375 0.0146484375 0.0234375
0 0.1318359375 0.45654296875 0.017578125 0.017578125
0 0.12890625 0.69921875 0.0166015625 0.02734375
0 0.07666015625 0.6806640625 0.0166015625 0.021484375
0 0.09765625 0.830078125 0.01953125 0.0234375
0 0.1025390625 0.841796875 0.0166015625 0.025390625
0 0.04150390625 0.44970703125 0.017578125 0.01953125
0 0.1640625 0.44921875 0.013671875 0.0185546875
0 0.03271484375 0.55029296875 0.015625 0.0244140625
0 0.10009765625 0.51953125 0.0107421875 0.017578125
0 0.22412109375 0.9296875 0.0146484375 0.017578125
0 0.06494140625 0.4736328125 0.0107421875 0.0185546875
0 0.091796875 0.4716796875 0.013671875 0.017578125
0 0.05615234375 0.71435546875 0.0166015625 0.021484375
0 0.11962890625 0.67919921875 0.015625 0.0224609375
0 0.09521484375 0.6806640625 0.0166015625 0.0224609375
0 0.0859375 0.56884765625 0.0166015625 0.01953125
0 0.1455078125 0.6025390625 0.0185546875 0.0244140625
0 0.1162109375 0.76416015625 0.0146484375 0.0224609375
0 0.0703125 0.865234375 0.015625 0.0205078125
0 0.16943359375 0.64892578125 0.017578125 0.0234375
0 0.1533203125 0.6416015625 0.0146484375 0.021484375
0 0.10400390625 0.5029296875 0.0146484375 0.0166015625
0 0.14306640625 0.5166015625 0.013671875 0.021484375
0 0.13916015625 0.66357421875 0.0185546875 0.0205078125
0 0.10205078125 0.45361328125 0.015625 0.0224609375
0 0.1396484375 0.53857421875 0.0166015625 0.021484375
0 0.0625 0.51708984375 0.015625 0.01953125
0 0.04833984375 0.54931640625 0.013671875 0.0234375
0 0.015625 0.59619140625 0.0146484375 0.0224609375
0 0.13525390625 0.48095703125 0.017578125 0.017578125
0 0.12451171875 0.53515625 0.015625 0.01953125
0 0.0322265625 0.728515625 0.013671875 0.0263671875
0 0.0380859375 0.47021484375 0.017578125 0.0234375
0 0.11376953125 0.5576171875 0.015625 0.0224609375
0 0.04150390625 0.64111328125 0.017578125 0.0185546875
0 0.12646484375 0.63720703125 0.0166015625 0.0224609375
0 0.05908203125 0.501953125 0.015625 0.021484375
0 0.0703125 0.4794921875 0.017578125 0.0224609375
0 0.080078125 0.85400390625 0.0126953125 0.0205078125
0 0.02392578125 0.66357421875 0.015625 0.0302734375
0 0.0380859375 0.498046875 0.013671875 0.0224609375
0 0.07763671875 0.64892578125 0.015625 0.0234375
0 0.03515625 0.67431640625 0.0224609375 0.0263671875
0 0.07568359375 0.509765625 0.0166015625 0.0224609375
0 0.19091796875 0.58203125 0.0146484375 0.01953125
0 0.06005859375 0.640625 0.0107421875 0.0244140625
0 0.05029296875 0.7333984375 0.0146484375 0.0244140625
0 0.087890625 0.515625 0.015625 0.0224609375
0 0.16748046875 0.42724609375 0.013671875 0.01953125
0 0.07861328125 0.841796875 0.01171875 0.0244140625
0 0.1005859375 0.5556640625 0.0146484375 0.021484375
0 0.15283203125 0.4375 0.0166015625 0.0185546875
0 0.11767578125 0.50537109375 0.0166015625 0.01953125
0 0.04443359375 0.58984375 0.0185546875 0.0244140625
0 0.1318359375 0.4921875 0.0166015625 0.013671875
0 0.11474609375 0.6220703125 0.0146484375 0.0234375
0 0.0322265625 0.61962890625 0.009765625 0.0185546875
0 0.00146484375 0.49755859375 0.0029296875 0.0146484375
0 0.087890625 0.6103515625 0.017578125 0.0224609375
0 0.14306640625 0.4560546875 0.0146484375 0.0185546875
0 0.06689453125 0.58642578125 0.013671875 0.0166015625
0 0.09375 0.599609375 0.0205078125 0.0263671875
0 0.09375 0.62939453125 0.0205078125 0.0263671875
0 0.03564453125 0.75439453125 0.01171875 0.021484375
0 0.16650390625 0.6171875 0.015625 0.0185546875
0 0.15673828125 0.421875 0.0185546875 0.013671875
0 0.1533203125 0.45849609375 0.0126953125 0.0185546875
0 0.13427734375 0.5 0.015625 0.015625
0 0.12548828125 0.5166015625 0.015625 0.015625
0 0.0693359375 0.61279296875 0.0166015625 0.0205078125
0 0.064453125 0.6025390625 0.015625 0.0126953125
0 0.06005859375 0.59814453125 0.0107421875 0.0107421875
0 0.103515625 0.6162109375 0.013671875 0.0205078125
0 0.1123046875 0.61376953125 0.017578125 0.0166015625
0 0.04345703125 0.66259765625 0.01171875 0.0205078125
0 0.16650390625 0.80029296875 0.0185546875 0.0224609375