0 0.52880859375 0.208984375 0.06005859375 0.16552734375
0 0.3212890625 0.611328125 0.0439453125 0.064453125
0 0.318359375 0.27587890625 0.0361328125 0.0888671875
0 0.92431640625 0.17919921875 0.04443359375 0.0703125
0 0.24560546875 0.6162109375 0.02978515625 0.068359375
0 0.8837890625 0.03515625 0.04296875 0.068359375
0 0.50439453125 0.080078125 0.0478515625 0.05224609375
0 0.98095703125 0.8583984375 0.03759765625 0.06396484375
0 0.50390625 0.5029296875 0.02978515625 0.05029296875
0 0.3017578125 0.5888671875 0.037109375 0.05078125
0 0.92236328125 0.7431640625 0.0322265625 0.10205078125
0 0.484375 0.16455078125 0.0498046875 0.06298828125
0 0.85595703125 0.3642578125 0.04150390625 0.07421875
0 0.4853515625 0.2353515625 0.06005859375 0.16552734375
0 0.91845703125 0.419921875 0.04931640625 0.0712890625
0 0.9814453125 0.646484375 0.0302734375 0.08642578125
0 0.47119140625 0.95849609375 0.05810546875 0.06396484375
0 0.7080078125 0.09130859375 0.064453125 0.13427734375
0 0.87646484375 0.923828125 0.029296875 0.0810546875
0 0.814453125 0.34765625 0.03955078125 0.0498046875
0 0.3544921875 0.443359375 0.02197265625 0.06005859375
0 0.22314453125 0.5947265625 0.0224609375 0.05322265625
0 0.3984375 0.4248046875 0.04052734375 0.04296875
0 0.720703125 0.88232421875 0.04345703125 0.07080078125
0 0.92626953125 0.89599609375 0.1298828125 0.1435546875
0 0.4580078125 0.5771484375 0.0419921875 0.0419921875
0 0.42431640625 0.77197265625 0.03076171875 0.06640625
0 0.5810546875 0.07666015625 0.0302734375 0.06494140625
0 0.37939453125 0.44287109375 0.07568359375 0.07568359375
0 0.88037109375 0.212890625 0.02978515625 0.0791015625
0 0.4736328125 0.275390625 0.02392578125 0.0732421875
0 0.37109375 0.6044921875 0.0361328125 0.06396484375
0 0.69189453125 0.05712890625 0.0322265625 0.0615234375
0 0.9501953125 0.69580078125 0.0927734375 0.1455078125