0 0.96728515625 0.583984375 0.0146484375 0.0244140625
0 0.7060546875 0.474609375 0.01171875 0.021484375
0 0.93408203125 0.625 0.0185546875 0.0244140625
0 0.63232421875 0.75048828125 0.015625 0.0263671875
0 0.724609375 0.5556640625 0.009765625 0.0205078125
0 0.744140625 0.79150390625 0.01953125 0.029296875
0 0.44677734375 0.79443359375 0.0107421875 0.0234375
0 0.42919921875 0.943359375 0.0146484375 0.0361328125
0 0.8037109375 0.63916015625 0.0126953125 0.0205078125
0 0.62646484375 0.63232421875 0.0107421875 0.0234375
0 0.458984375 0.9765625 0.0126953125 0.029296875
0 0.55322265625 0.97900390625 0.015625 0.03125
0 0.69775390625 0.595703125 0.0107421875 0.0185546875
0 0.79541015625 0.611328125 0.0107421875 0.017578125
0 0.55078125 0.697265625 0.0126953125 0.0166015625
0 0.90869140625 0.93017578125 0.015625 0.0263671875
0 0.57470703125 0.75732421875 0.009765625 0.0185546875
0 0.7783203125 0.9248046875 0.0146484375 0.041015625
0 0.8984375 0.62890625 0.0166015625 0.0322265625
0 0.4716796875 0.8837890625 0.0146484375 0.0234375
0 0.751953125 0.63037109375 0.0107421875 0.01953125
0 0.59716796875 0.513671875 0.013671875 0.021484375
0 0.65185546875 0.95361328125 0.015625 0.033203125
0 0.4541015625 0.87744140625 0.013671875 0.0185546875
0 0.564453125 0.775390625 0.0166015625 0.015625
0 0.5146484375 0.91552734375 0.0146484375 0.0263671875
0 0.56494140625 0.6748046875 0.0126953125 0.0185546875
0 0.53369140625 0.8046875 0.0185546875 0.0224609375
0 0.51708984375 0.8916015625 0.013671875 0.0224609375
0 0.78076171875 0.685546875 0.0126953125 0.01171875
0 0.822265625 0.61328125 0.0078125 0.01953125
0 0.6123046875 0.908203125 0.0146484375 0.0322265625
0 0.5576171875 0.65771484375 0.0126953125 0.015625
0 0.54541015625 0.88037109375 0.01953125 0.025390625
0 0.47607421875 0.93896484375 0.009765625 0.021484375
0 0.89990234375 0.7900390625 0.0078125 0.013671875