0 0.6953125 0.4150390625 0.017578125 0.0400390625
0 0.603515625 0.2353515625 0.01611328125 0.025390625
0 0.44775390625 0.2314453125 0.021484375 0.0439453125
0 0.54736328125 0.2646484375 0.01708984375 0.02783203125
0 0.53515625 0.0966796875 0.01904296875 0.03076171875
0 0.552734375 0.07421875 0.01611328125 0.03271484375
0 0.537109375 0.427734375 0.01806640625 0.02978515625
0 0.826171875 0.357421875 0.01123046875 0.03271484375
0 0.77001953125 0.13330078125 0.013671875 0.02880859375
0 0.53759765625 0.3583984375 0.01611328125 0.03515625
0 0.3974609375 0.35791015625 0.0107421875 0.0302734375
0 0.6533203125 0.47509765625 0.017578125 0.033203125
0 0.3974609375 0.51416015625 0.0185546875 0.02880859375
0 0.40087890625 0.55078125 0.0185546875 0.02197265625
0 0.619140625 0.4208984375 0.009765625 0.029296875
0 0.435546875 0.431640625 0.01220703125 0.0380859375
0 0.79931640625 0.22021484375 0.009765625 0.0322265625
0 0.6162109375 0.5322265625 0.02490234375 0.02734375
0 0.458984375 0.291015625 0.01611328125 0.0263671875
0 0.50927734375 0.44921875 0.01416015625 0.03369140625
0 0.58056640625 0.021484375 0.009765625 0.03466796875
0 0.39892578125 0.17822265625 0.013671875 0.03125
0 0.42724609375 0.46875 0.017578125 0.03125
0 0.47509765625 0.103515625 0.01220703125 0.033203125
0 0.36962890625 0.10546875 0.01513671875 0.03515625
0 0.24951171875 0.3095703125 0.00927734375 0.03271484375
0 0.283203125 0.4658203125 0.013671875 0.03466796875
0 0.232421875 0.4814453125 0.013671875 0.02880859375
0 0.04541015625 0.4248046875 0.01171875 0.03662109375
0 0.58447265625 0.4248046875 0.01708984375 0.02978515625
0 0.265625 0.20263671875 0.01025390625 0.03662109375
0 0.28662109375 0.27880859375 0.0126953125 0.0322265625
0 0.05078125 0.130859375 0.01123046875 0.02978515625
0 0.35400390625 0.48095703125 0.01025390625 0.03271484375
0 0.11474609375 0.5439453125 0.01318359375 0.03759765625
0 0.4609375 0.44580078125 0.01123046875 0.037109375
0 0.16845703125 0.53955078125 0.0126953125 0.02880859375
0 0.3037109375 0.34765625 0.0185546875 0.0205078125
0 0.37548828125 0.0693359375 0.0146484375 0.03076171875
0 0.43896484375 0.55078125 0.01708984375 0.02587890625
0 0.13037109375 0.51171875 0.017578125 0.02197265625
0 0.33154296875 0.15087890625 0.0205078125 0.0244140625
0 0.64599609375 0.083984375 0.01513671875 0.02880859375
0 0.01123046875 0.5595703125 0.01806640625 0.0283203125
0 0.32568359375 0.01318359375 0.0126953125 0.0263671875
0 0.26513671875 0.39404296875 0.01611328125 0.0205078125
0 0.0751953125 0.21240234375 0.01708984375 0.0390625
0 0.3125 0.4365234375 0.0146484375 0.03759765625
0 0.154296875 0.17724609375 0.0107421875 0.02880859375
0 0.6630859375 0.451171875 0.01611328125 0.02978515625
0 0.251953125 0.421875 0.01611328125 0.03369140625
0 0.08740234375 0.064453125 0.01318359375 0.0302734375
0 0.1171875 0.173828125 0.017578125 0.01953125
0 0.15673828125 0.40283203125 0.01025390625 0.03466796875
0 0.201171875 0.40234375 0.013671875 0.0322265625
0 0.09912109375 0.326171875 0.0146484375 0.0322265625
0 0.2314453125 0.4248046875 0.01416015625 0.033203125
0 0.01904296875 0.4443359375 0.01416015625 0.03857421875
0 0.04052734375 0.0888671875 0.01513671875 0.03076171875
0 0.2568359375 0.0634765625 0.009765625 0.033203125
0 0.2060546875 0.10107421875 0.0087890625 0.03759765625
0 0.06201171875 0.0908203125 0.01220703125 0.03173828125
0 0.25390625 0.09619140625 0.01123046875 0.03369140625
0 0.1787109375 0.34619140625 0.01318359375 0.03515625
0 0.38525390625 0.03173828125 0.0087890625 0.02783203125
0 0.380859375 0.1357421875 0.01025390625 0.03076171875
0 0.0927734375 0.427734375 0.0146484375 0.03125
0 0.10791015625 0.43603515625 0.013671875 0.03125
0 0.1728515625 0.013671875 0.009765625 0.0263671875
0 0.16845703125 0.10205078125 0.009765625 0.025390625
0 0.15234375 0.232421875 0.0107421875 0.03173828125
0 0.09228515625 0.2734375 0.01123046875 0.02685546875
0 0.08642578125 0.0263671875 0.00830078125 0.0302734375
0 0.18701171875 0.23388671875 0.01611328125 0.03173828125
0 0.16064453125 0.27978515625 0.01025390625 0.03759765625
0 0.318359375 0.1298828125 0.00927734375 0.0361328125
0 0.1181640625 0.28759765625 0.01220703125 0.03466796875
0 0.0693359375 0.3583984375 0.01513671875 0.03662109375
0 0.220703125 0.0595703125 0.01171875 0.03466796875
0 0.013671875 0.24755859375 0.00927734375 0.0361328125
0 0.208984375 0.224609375 0.0185546875 0.02880859375
0 0.22998046875 0.0361328125 0.01171875 0.029296875
0 0.1044921875 0.00927734375 0.0078125 0.01806640625
0 0.1396484375 0.333984375 0.01513671875 0.03466796875
0 0.2333984375 0.01123046875 0.01123046875 0.02197265625
0 0.00390625 0.12060546875 0.0068359375 0.02880859375
0 0.12158203125 0.00732421875 0.00830078125 0.01416015625
0 0.19873046875 0.01025390625 0.0107421875 0.0205078125
0 0.0556640625 0.1171875 0.00830078125 0.02734375