0 0.90283203125 0.3759765625 0.02734375 0.0234375
0 0.76220703125 0.419921875 0.0185546875 0.0224609375
0 0.5947265625 0.373046875 0.021484375 0.0244140625
0 0.5888671875 0.55224609375 0.03125 0.025390625
0 0.61474609375 0.16943359375 0.0234375 0.0234375
0 0.962890625 0.28271484375 0.02734375 0.0244140625
0 0.84326171875 0.36962890625 0.0205078125 0.017578125
0 0.5869140625 0.4140625 0.0283203125 0.0244140625
0 0.9287109375 0.193359375 0.0234375 0.021484375
0 0.755859375 0.46142578125 0.0234375 0.0234375
0 0.7646484375 0.32177734375 0.0283203125 0.0244140625
0 0.798828125 0.4951171875 0.0244140625 0.0283203125
0 0.51318359375 0.55712890625 0.0322265625 0.0263671875
0 0.53857421875 0.26123046875 0.0234375 0.025390625
0 0.50830078125 0.455078125 0.025390625 0.0302734375
0 0.65234375 0.498046875 0.0283203125 0.0234375
0 0.7470703125 0.49658203125 0.0244140625 0.0263671875
0 0.7451171875 0.39794921875 0.01953125 0.01953125
0 0.4833984375 0.47265625 0.021484375 0.021484375
0 0.53173828125 0.3203125 0.0283203125 0.0322265625
0 0.67919921875 0.4443359375 0.029296875 0.0234375
0 0.76513671875 0.10791015625 0.0234375 0.0224609375
0 0.962890625 0.19970703125 0.021484375 0.021484375
0 0.8330078125 0.5068359375 0.0263671875 0.0263671875
0 0.7275390625 0.3330078125 0.02734375 0.025390625
0 0.45751953125 0.21337890625 0.0263671875 0.0302734375
0 0.54150390625 0.23583984375 0.017578125 0.01953125
0 0.83837890625 0.43505859375 0.025390625 0.0244140625
0 0.61376953125 0.70751953125 0.033203125 0.037109375
0 0.59228515625 0.43505859375 0.0244140625 0.0224609375
0 0.7431640625 0.5556640625 0.0166015625 0.0185546875
0 0.9921875 0.4892578125 0.015625 0.025390625
0 0.98486328125 0.078125 0.0283203125 0.0224609375
0 0.83251953125 0.48828125 0.0224609375 0.0263671875
0 0.37255859375 0.97119140625 0.03515625 0.037109375
0 0.5185546875 0.072265625 0.025390625 0.0205078125
0 0.44482421875 0.16064453125 0.0205078125 0.0244140625
0 0.69873046875 0.6455078125 0.0263671875 0.025390625
0 0.4140625 0.40966796875 0.017578125 0.021484375