0 0.22119140625 0.20263671875 0.02001953125 0.01025390625
0 0.63232421875 0.2138671875 0.01904296875 0.0107421875
0 0.63232421875 0.1962890625 0.01708984375 0.00927734375
0 0.41162109375 0.21044921875 0.02392578125 0.009765625
0 0.64501953125 0.22412109375 0.02392578125 0.01025390625
0 0.623046875 0.18212890625 0.0224609375 0.00830078125
0 0.4814453125 0.20068359375 0.01708984375 0.009765625
0 0.24609375 0.208984375 0.015625 0.0087890625
0 0.056640625 0.353515625 0.015625 0.01025390625
0 0.173828125 0.22021484375 0.02392578125 0.00830078125
0 0.05712890625 0.216796875 0.025390625 0.0107421875
0 0.00830078125 0.36376953125 0.0166015625 0.00830078125
0 0.21728515625 0.1826171875 0.0234375 0.0087890625
0 0.1416015625 0.1796875 0.0146484375 0.01123046875
0 0.087890625 0.3388671875 0.01806640625 0.01220703125
0 0.04736328125 0.375 0.01904296875 0.0087890625
0 0.05615234375 0.27099609375 0.0126953125 0.01025390625
0 0.27001953125 0.2294921875 0.01904296875 0.00830078125
0 0.0078125 0.24365234375 0.01318359375 0.00927734375
0 0.00634765625 0.41064453125 0.01220703125 0.00732421875
0 0.0048828125 0.45166015625 0.009765625 0.0087890625
0 0.23681640625 0.2001953125 0.01513671875 0.015625