0 0.93212890625 0.39990234375 0.009765625 0.0185546875
0 0.9853515625 0.4677734375 0.0107421875 0.0185546875
0 0.994140625 0.4013671875 0.01171875 0.017578125
0 0.72412109375 0.83203125 0.017578125 0.0185546875
0 0.99560546875 0.46923828125 0.0087890625 0.0205078125
0 0.75341796875 0.83984375 0.01953125 0.0205078125
0 0.818359375 0.85595703125 0.017578125 0.0244140625
0 0.81298828125 0.732421875 0.017578125 0.017578125
0 0.87353515625 0.6982421875 0.013671875 0.0224609375
0 0.97314453125 0.6767578125 0.015625 0.017578125
0 0.85400390625 0.98046875 0.01953125 0.01953125
0 0.8818359375 0.99365234375 0.01953125 0.0126953125
0 0.7939453125 0.77587890625 0.015625 0.0185546875
0 0.97265625 0.59912109375 0.015625 0.0146484375
0 0.85546875 0.96435546875 0.0205078125 0.01953125
0 0.90673828125 0.9677734375 0.0166015625 0.0224609375
0 0.88916015625 0.9306640625 0.01953125 0.01953125
0 0.98388671875 0.55224609375 0.017578125 0.0166015625
0 0.82080078125 0.74658203125 0.0205078125 0.01953125
0 0.935546875 0.62060546875 0.017578125 0.0185546875
0 0.89697265625 0.638671875 0.015625 0.021484375
0 0.96044921875 0.7236328125 0.015625 0.01953125
0 0.86474609375 0.8408203125 0.0146484375 0.0224609375
0 0.72998046875 0.91748046875 0.021484375 0.0244140625
0 0.94775390625 0.6650390625 0.0146484375 0.0205078125
0 0.88623046875 0.880859375 0.0185546875 0.017578125
0 0.89208984375 0.67529296875 0.017578125 0.021484375
0 0.9794921875 0.64013671875 0.01953125 0.01953125
0 0.92333984375 0.6884765625 0.017578125 0.017578125
0 0.94970703125 0.64892578125 0.0166015625 0.01953125
0 0.97119140625 0.74658203125 0.0205078125 0.0244140625
0 0.9072265625 0.86328125 0.0185546875 0.01953125
0 0.89404296875 0.77001953125 0.017578125 0.0185546875
0 0.84716796875 0.77978515625 0.01953125 0.01953125
0 0.93994140625 0.92333984375 0.01953125 0.021484375
0 0.95654296875 0.794921875 0.0205078125 0.021484375
0 0.84912109375 0.7998046875 0.0185546875 0.01953125
0 0.93701171875 0.798828125 0.01953125 0.0205078125
0 0.92333984375 0.8359375 0.01953125 0.0224609375
0 0.8427734375 0.8251953125 0.0185546875 0.021484375
0 0.87109375 0.79052734375 0.017578125 0.0205078125
0 0.89453125 0.83642578125 0.01953125 0.021484375
0 0.93994140625 0.830078125 0.017578125 0.02734375
0 0.86376953125 0.76416015625 0.01953125 0.0205078125
0 0.8671875 0.81884765625 0.017578125 0.01953125
0 0.90576171875 0.80810546875 0.0185546875 0.0224609375
0 0.916015625 0.66259765625 0.0234375 0.0146484375
0 0.8857421875 0.79345703125 0.01953125 0.0205078125
0 0.8779296875 0.8310546875 0.0185546875 0.0205078125
0 0.9208984375 0.90869140625 0.013671875 0.0234375
0 0.86767578125 0.77734375 0.01953125 0.01953125
0 0.931640625 0.70654296875 0.015625 0.0234375
0 0.90576171875 0.740234375 0.01953125 0.0234375
0 0.916015625 0.728515625 0.0185546875 0.0205078125
0 0.96484375 0.8837890625 0.0087890625 0.0224609375
0 0.9306640625 0.8974609375 0.01953125 0.0185546875
0 0.962890625 0.90380859375 0.0087890625 0.015625
0 0.958984375 0.9208984375 0.013671875 0.021484375
0 0.9560546875 0.91259765625 0.015625 0.0166015625
0 0.8427734375 0.83544921875 0.021484375 0.0224609375
0 0.9228515625 0.650390625 0.017578125 0.0185546875
0 0.9130859375 0.65576171875 0.0205078125 0.017578125
0 0.919921875 0.72021484375 0.0205078125 0.0205078125