0 0.16064453125 0.17578125 0.021484375 0.02587890625
0 0.58447265625 0.060546875 0.02587890625 0.02685546875
0 0.11572265625 0.3916015625 0.021484375 0.0224609375
0 0.2822265625 0.1953125 0.01708984375 0.03515625
0 0.1513671875 0.12060546875 0.02197265625 0.03369140625
0 0.1162109375 0.341796875 0.01904296875 0.0322265625
0 0.56689453125 0.25439453125 0.02197265625 0.02734375
0 0.29296875 0.09326171875 0.021484375 0.03759765625
0 0.01904296875 0.2451171875 0.01708984375 0.02783203125
0 0.02490234375 0.203125 0.02099609375 0.03369140625
0 0.05859375 0.0673828125 0.0205078125 0.02783203125
0 0.84814453125 0.26708984375 0.02490234375 0.03076171875
0 0.6845703125 0.2763671875 0.0234375 0.03173828125
0 0.5361328125 0.349609375 0.017578125 0.03173828125
0 0.07861328125 0.50244140625 0.01953125 0.02392578125
0 0.79736328125 0.21875 0.01953125 0.01806640625
0 0.54931640625 0.22265625 0.01611328125 0.0361328125
0 0.09521484375 0.4541015625 0.02490234375 0.0283203125
0 0.794921875 0.3203125 0.02099609375 0.0244140625
0 0.6474609375 0.185546875 0.0224609375 0.03564453125
0 0.58984375 0.36376953125 0.015625 0.0234375
0 0.74169921875 0.2060546875 0.0205078125 0.0263671875
0 0.0986328125 0.537109375 0.01708984375 0.0283203125
0 0.04150390625 0.76416015625 0.0205078125 0.02490234375
0 0.3076171875 0.044921875 0.02099609375 0.03125
0 0.63818359375 0.470703125 0.02294921875 0.0244140625
0 0.259765625 0.01318359375 0.0224609375 0.02587890625
0 0.0576171875 0.76611328125 0.01953125 0.02734375
0 0.08740234375 0.41015625 0.02099609375 0.03515625
0 0.60205078125 0.17919921875 0.01904296875 0.0361328125
0 0.43310546875 0.56689453125 0.021484375 0.02490234375
0 0.63623046875 0.53369140625 0.0126953125 0.02001953125
0 0.6357421875 0.3681640625 0.01904296875 0.0341796875
0 0.703125 0.00927734375 0.0205078125 0.0185546875
0 0.74072265625 0.15966796875 0.0185546875 0.03662109375
0 0.93505859375 0.701171875 0.0263671875 0.029296875
0 0.3486328125 0.18505859375 0.01806640625 0.0322265625
0 0.76318359375 0.22900390625 0.01953125 0.037109375
0 0.5078125 0.423828125 0.0146484375 0.0263671875
0 0.59814453125 0.470703125 0.01513671875 0.02197265625
0 0.87841796875 0.1904296875 0.02880859375 0.03369140625
0 0.484375 0.498046875 0.01953125 0.0390625
0 0.1796875 0.69677734375 0.0107421875 0.0498046875
0 0.81201171875 0.25830078125 0.0146484375 0.03271484375
0 0.0859375 0.689453125 0.0166015625 0.03857421875
0 0.03515625 0.3623046875 0.01416015625 0.02734375
0 0.5830078125 0.40869140625 0.01806640625 0.0224609375
0 0.5185546875 0.55078125 0.01904296875 0.029296875
0 0.57763671875 0.513671875 0.01953125 0.0185546875
0 0.8388671875 0.1201171875 0.0224609375 0.02099609375
0 0.3876953125 0.712890625 0.01171875 0.03125
0 0.50439453125 0.79150390625 0.01953125 0.03076171875
0 0.2919921875 0.2734375 0.0185546875 0.02587890625
0 0.3251953125 0.60400390625 0.01220703125 0.0302734375
0 0.16357421875 0.81591796875 0.0185546875 0.02294921875
0 0.53857421875 0.46533203125 0.01171875 0.0283203125
0 0.2373046875 0.64501953125 0.0185546875 0.0205078125
0 0.5615234375 0.47998046875 0.01611328125 0.04296875
0 0.61376953125 0.83740234375 0.01611328125 0.02978515625
0 0.35009765625 0.7734375 0.02685546875 0.03662109375
0 0.53125 0.47509765625 0.015625 0.0322265625
0 0.759765625 0.8466796875 0.02392578125 0.03466796875
0 0.986328125 0.57373046875 0.01220703125 0.017578125
0 0.693359375 0.84765625 0.021484375 0.04931640625
0 0.818359375 0.578125 0.021484375 0.02587890625
0 0.54736328125 0.677734375 0.01611328125 0.0234375
0 0.20166015625 0.59814453125 0.01708984375 0.03759765625
0 0.8623046875 0.8427734375 0.0205078125 0.0322265625
0 0.47265625 0.7431640625 0.02099609375 0.03076171875
0 0.03076171875 0.3857421875 0.009765625 0.0322265625
0 0.51171875 0.697265625 0.02490234375 0.02734375
0 0.3486328125 0.49658203125 0.01025390625 0.03076171875
0 0.2236328125 0.48388671875 0.00927734375 0.01708984375
0 0.23193359375 0.791015625 0.01611328125 0.02587890625
0 0.1982421875 0.54833984375 0.01171875 0.03857421875
0 0.2529296875 0.3515625 0.01171875 0.03271484375
0 0.615234375 0.21728515625 0.0087890625 0.0146484375
0 0.16259765625 0.64892578125 0.00732421875 0.015625