0 0.42236328125 0.41162109375 0.0244140625 0.0419921875
0 0.40771484375 0.41650390625 0.0302734375 0.0478515625
0 0.62646484375 0.81689453125 0.029296875 0.03515625
0 0.58935546875 0.64453125 0.0224609375 0.0380859375
0 0.46337890625 0.71240234375 0.0205078125 0.03515625
0 0.53564453125 0.53759765625 0.015625 0.029296875
0 0.46142578125 0.69189453125 0.021484375 0.03515625
0 0.35498046875 0.24462890625 0.015625 0.021484375
0 0.4169921875 0.20849609375 0.02734375 0.0400390625
0 0.3994140625 0.2333984375 0.0166015625 0.029296875
0 0.41650390625 0.15185546875 0.0234375 0.0361328125
0 0.47265625 0.10595703125 0.0390625 0.0439453125
0 0.3603515625 0.30322265625 0.01953125 0.0302734375
0 0.4443359375 0.7373046875 0.0166015625 0.03125
0 0.36083984375 0.3623046875 0.021484375 0.0380859375
0 0.5205078125 0.98779296875 0.03125 0.0244140625
0 0.4736328125 0.00341796875 0.015625 0.0068359375