0 0.09814453125 0.31201171875 0.041015625 0.03857421875
0 0.63623046875 0.43017578125 0.037109375 0.0576171875
0 0.232421875 0.87939453125 0.04541015625 0.05908203125
0 0.28857421875 0.72509765625 0.046875 0.0400390625
0 0.55224609375 0.3291015625 0.0458984375 0.03076171875
0 0.2734375 0.58203125 0.0380859375 0.02978515625
0 0.40625 0.18359375 0.04296875 0.02880859375
0 0.09814453125 0.60009765625 0.03369140625 0.03759765625
0 0.27880859375 0.033203125 0.0458984375 0.05126953125
0 0.1259765625 0.12158203125 0.041015625 0.046875
0 0.28662109375 0.14990234375 0.03515625 0.046875
0 0.25048828125 0.255859375 0.04443359375 0.03369140625
0 0.216796875 0.544921875 0.03515625 0.05859375
0 0.57666015625 0.97021484375 0.0634765625 0.0595703125
0 0.1904296875 0.22119140625 0.0390625 0.04833984375
0 0.1728515625 0.07177734375 0.03466796875 0.037109375
0 0.3583984375 0.02099609375 0.04638671875 0.0419921875
0 0.1552734375 0.0107421875 0.03662109375 0.021484375
0 0.5576171875 0.990234375 0.02099609375 0.01904296875
0 0.0986328125 0.15380859375 0.03173828125 0.048828125