0 0.4736328125 0.09765625 0.05859375 0.072265625
0 0.236328125 0.06884765625 0.052734375 0.0546875
0 0.4287109375 0.1689453125 0.0703125 0.072265625
0 0.08056640625 0.08447265625 0.037109375 0.0380859375
0 0.03076171875 0.248046875 0.0615234375 0.08203125
0 0.5830078125 0.2861328125 0.076171875 0.0869140625
0 0.76611328125 0.26220703125 0.052734375 0.0576171875
0 0.31982421875 0.462890625 0.041015625 0.12109375
0 0.962890625 0.076171875 0.0546875 0.0556640625
0 0.2265625 0.33447265625 0.0771484375 0.0947265625
0 0.46240234375 0.2548828125 0.041015625 0.08203125
0 0.3623046875 0.10107421875 0.0400390625 0.0615234375
0 0.35546875 0.13525390625 0.0439453125 0.046875
0 0.44775390625 0.05517578125 0.05078125 0.0654296875
0 0.15869140625 0.0517578125 0.033203125 0.033203125
0 0.2734375 0.39306640625 0.0615234375 0.048828125
0 0.52197265625 0.04541015625 0.0546875 0.0703125
0 0.01904296875 0.34521484375 0.0380859375 0.0947265625
0 0.9072265625 0.20458984375 0.08203125 0.0849609375
0 0.08984375 0.16552734375 0.0498046875 0.0673828125
0 0.654296875 0.09765625 0.0419921875 0.056640625
0 0.7373046875 0.5185546875 0.0966796875 0.080078125
0 0.73828125 0.02392578125 0.072265625 0.0478515625
0 0.3779296875 0.740234375 0.05859375 0.13671875
0 0.1875 0.623046875 0.0654296875 0.1796875
0 0.1630859375 0.09375 0.05078125 0.0673828125
0 0.18603515625 0.05078125 0.044921875 0.0546875
0 0.00830078125 0.02392578125 0.0166015625 0.0302734375
0 0.3330078125 0.212890625 0.0400390625 0.044921875
0 0.02587890625 0.73681640625 0.0458984375 0.119140625
0 0.05419921875 0.822265625 0.1005859375 0.2041015625
0 0.48828125 0.05029296875 0.05078125 0.0625
0 0.91943359375 0.86279296875 0.150390625 0.162109375
0 0.8203125 0.9580078125 0.0673828125 0.0732421875