0 0.5927734375 0.23779296875 0.02587890625 0.0166015625
0 0.59423828125 0.25537109375 0.02294921875 0.02392578125
0 0.66796875 0.18505859375 0.0205078125 0.02392578125
0 0.67236328125 0.1552734375 0.01904296875 0.021484375
0 0.6826171875 0.20849609375 0.0107421875 0.03125
0 0.916015625 0.01904296875 0.01416015625 0.01904296875
0 0.5458984375 0.287109375 0.01123046875 0.03564453125
0 0.5625 0.26171875 0.0126953125 0.03515625
0 0.78369140625 0.41064453125 0.013671875 0.04541015625
0 0.94921875 0.048828125 0.01123046875 0.02099609375
0 0.52783203125 0.1796875 0.0126953125 0.037109375
0 0.9169921875 0.30517578125 0.02392578125 0.0400390625
0 0.4990234375 0.27197265625 0.01513671875 0.0341796875
0 0.59765625 0.32666015625 0.021484375 0.0341796875
0 0.85009765625 0.04296875 0.01611328125 0.02978515625
0 0.87841796875 0.01416015625 0.0126953125 0.01904296875
0 0.81689453125 0.447265625 0.02001953125 0.0439453125
0 0.60107421875 0.29345703125 0.0234375 0.0263671875
0 0.5869140625 0.37939453125 0.0234375 0.0390625
0 0.603515625 0.140625 0.009765625 0.029296875
0 0.94384765625 0.17236328125 0.0126953125 0.02294921875
0 0.56005859375 0.32861328125 0.0244140625 0.03271484375
0 0.8310546875 0.2373046875 0.01220703125 0.0185546875
0 0.63427734375 0.30029296875 0.02294921875 0.03369140625
0 0.8935546875 0.51708984375 0.0302734375 0.04052734375
0 0.84765625 0.3974609375 0.01708984375 0.03076171875
0 0.9013671875 0.15087890625 0.0166015625 0.01806640625
0 0.81298828125 0.16064453125 0.0263671875 0.02685546875
0 0.6376953125 0.3349609375 0.0107421875 0.02587890625
0 0.478515625 0.396484375 0.03271484375 0.03857421875