0 0.568359375 0.01611328125 0.029296875 0.0322265625
0 0.61865234375 0.34619140625 0.02685546875 0.0654296875
0 0.587890625 0.48486328125 0.02099609375 0.08203125
0 0.61328125 0.20703125 0.03125 0.0751953125
0 0.8154296875 0.419921875 0.02197265625 0.064453125
0 0.7783203125 0.326171875 0.046875 0.06494140625
0 0.93603515625 0.501953125 0.0341796875 0.06494140625
0 0.83203125 0.42578125 0.02783203125 0.05419921875
0 0.66748046875 0.01318359375 0.04638671875 0.02490234375
0 0.435546875 0.01171875 0.0205078125 0.02197265625
0 0.8681640625 0.33544921875 0.03759765625 0.06396484375
0 0.81396484375 0.06884765625 0.029296875 0.07373046875
0 0.5146484375 0.08544921875 0.0263671875 0.02880859375
0 0.603515625 0.51416015625 0.0283203125 0.09619140625
0 0.88427734375 0.376953125 0.03125 0.05419921875