0 0.45654296875 0.64453125 0.01025390625 0.02587890625
0 0.466796875 0.646484375 0.0126953125 0.0205078125
0 0.3818359375 0.640625 0.0107421875 0.0234375
0 0.546875 0.95849609375 0.01513671875 0.0224609375
0 0.5322265625 0.736328125 0.01708984375 0.02392578125
0 0.89404296875 0.94970703125 0.01708984375 0.01904296875
0 0.4609375 0.5244140625 0.0166015625 0.0283203125
0 0.75146484375 0.853515625 0.015625 0.0185546875
0 0.54638671875 0.419921875 0.013671875 0.02099609375
0 0.857421875 0.89306640625 0.01220703125 0.0302734375
0 0.44970703125 0.84716796875 0.0087890625 0.01513671875
0 0.64697265625 0.33984375 0.01123046875 0.02392578125
0 0.7353515625 0.896484375 0.00927734375 0.0263671875
0 0.71728515625 0.7177734375 0.01513671875 0.01318359375
0 0.5712890625 0.369140625 0.0146484375 0.02099609375
0 0.38916015625 0.56201171875 0.0185546875 0.01513671875
0 0.4072265625 0.228515625 0.01025390625 0.03466796875
0 0.8408203125 0.7841796875 0.01220703125 0.03857421875
0 0.28125 0.01904296875 0.013671875 0.02978515625