0 0.60693359375 0.92578125 0.02294921875 0.01025390625
0 0.404296875 0.55224609375 0.01611328125 0.01171875
0 0.39013671875 0.54541015625 0.0126953125 0.0107421875
0 0.3798828125 0.5478515625 0.01025390625 0.01123046875
0 0.41845703125 0.646484375 0.017578125 0.01220703125
0 0.908203125 0.4677734375 0.015625 0.00927734375
0 0.5458984375 0.7685546875 0.0205078125 0.0107421875
0 0.2880859375 0.619140625 0.0146484375 0.01123046875
0 0.41064453125 0.6806640625 0.01611328125 0.01123046875
0 0.4326171875 0.69189453125 0.0185546875 0.0107421875
0 0.880859375 0.51611328125 0.0234375 0.009765625
0 0.4140625 0.60400390625 0.025390625 0.009765625
0 0.41357421875 0.630859375 0.021484375 0.01220703125
0 0.8564453125 0.3115234375 0.01708984375 0.0087890625
0 0.34375 0.6826171875 0.01611328125 0.01318359375
0 0.587890625 0.75244140625 0.0146484375 0.01220703125
0 0.40771484375 0.65625 0.01708984375 0.01025390625
0 0.83544921875 0.544921875 0.021484375 0.00927734375
0 0.50830078125 0.70703125 0.0234375 0.01025390625
0 0.35791015625 0.58642578125 0.02392578125 0.01123046875
0 0.3408203125 0.63916015625 0.0263671875 0.009765625
0 0.310546875 0.7509765625 0.01416015625 0.01318359375
0 0.37939453125 0.56591796875 0.0166015625 0.0078125
0 0.9150390625 0.330078125 0.0146484375 0.01025390625
0 0.87939453125 0.3125 0.01123046875 0.01171875
0 0.78271484375 0.35791015625 0.015625 0.0078125
0 0.61279296875 0.46875 0.02294921875 0.00927734375
0 0.8974609375 0.30859375 0.0185546875 0.0107421875
0 0.5771484375 0.88818359375 0.015625 0.01171875
0 0.8017578125 0.3173828125 0.02099609375 0.0087890625
0 0.90380859375 0.478515625 0.01904296875 0.00927734375
0 0.91650390625 0.5009765625 0.0205078125 0.009765625
0 0.8837890625 0.28125 0.02197265625 0.00830078125
0 0.669921875 0.46044921875 0.021484375 0.009765625
0 0.51611328125 0.79052734375 0.0166015625 0.01171875
0 0.57763671875 0.4052734375 0.0322265625 0.0126953125
0 0.99560546875 0.41259765625 0.0087890625 0.01025390625
0 0.65478515625 0.3759765625 0.02099609375 0.00927734375
0 0.708984375 0.349609375 0.01806640625 0.01025390625
0 0.42578125 0.4609375 0.0126953125 0.00927734375
0 0.994140625 0.36328125 0.0107421875 0.0087890625