0 0.93603515625 0.19140625 0.01953125 0.029296875
0 0.6484375 0.86767578125 0.0205078125 0.03173828125
0 0.75 0.51953125 0.0166015625 0.03466796875
0 0.912109375 0.39208984375 0.02099609375 0.0361328125
0 0.4140625 0.24951171875 0.02294921875 0.0244140625
0 0.4736328125 0.7216796875 0.013671875 0.02392578125
0 0.947265625 0.04541015625 0.01806640625 0.03662109375
0 0.5966796875 0.576171875 0.02734375 0.03564453125
0 0.96337890625 0.892578125 0.01171875 0.02880859375
0 0.74853515625 0.6103515625 0.0185546875 0.02978515625
0 0.39697265625 0.8037109375 0.021484375 0.02783203125
0 0.3154296875 0.49951171875 0.0224609375 0.03173828125
0 0.87255859375 0.5478515625 0.02099609375 0.02490234375
0 0.9140625 0.34521484375 0.01806640625 0.0244140625
0 0.5546875 0.1357421875 0.017578125 0.03515625
0 0.142578125 0.01806640625 0.0263671875 0.02587890625
0 0.548828125 0.439453125 0.0224609375 0.02978515625
0 0.404296875 0.51953125 0.02587890625 0.03662109375
0 0.875 0.607421875 0.0244140625 0.03369140625
0 0.99560546875 0.36767578125 0.00830078125 0.03271484375
0 0.4150390625 0.189453125 0.01416015625 0.0205078125
0 0.93896484375 0.32373046875 0.02099609375 0.0341796875
0 0.76318359375 0.4248046875 0.01611328125 0.0361328125
0 0.728515625 0.6708984375 0.021484375 0.0322265625
0 0.9111328125 0.95556640625 0.0224609375 0.03564453125
0 0.9873046875 0.626953125 0.02294921875 0.03369140625
0 0.7275390625 0.14306640625 0.0234375 0.02685546875
0 0.2939453125 0.47509765625 0.0205078125 0.03564453125
0 0.2724609375 0.41064453125 0.0224609375 0.0302734375
0 0.45068359375 0.25048828125 0.015625 0.02294921875
0 0.94140625 0.958984375 0.01708984375 0.029296875
0 0.53515625 0.30029296875 0.0146484375 0.02734375
0 0.498046875 0.515625 0.025390625 0.02880859375
0 0.85693359375 0.04736328125 0.0166015625 0.05517578125
0 0.8330078125 0.1376953125 0.017578125 0.037109375
0 0.728515625 0.11181640625 0.0234375 0.025390625
0 0.509765625 0.26513671875 0.015625 0.0380859375
0 0.578125 0.1240234375 0.0263671875 0.02783203125
0 0.263671875 0.546875 0.02197265625 0.0263671875
0 0.9169921875 0.1083984375 0.02099609375 0.02783203125
0 0.96533203125 0.68896484375 0.0166015625 0.02197265625
0 0.240234375 0.798828125 0.01953125 0.03125
0 0.369140625 0.43359375 0.0263671875 0.0322265625
0 0.23046875 0.41357421875 0.02197265625 0.02880859375
0 0.2607421875 0.38623046875 0.0263671875 0.02880859375
0 0.6875 0.2529296875 0.009765625 0.03466796875
0 0.552734375 0.23974609375 0.021484375 0.03857421875
0 0.6962890625 0.53076171875 0.02099609375 0.0205078125
0 0.263671875 0.7275390625 0.02001953125 0.029296875
0 0.4580078125 0.3544921875 0.01416015625 0.02294921875
0 0.3544921875 0.72119140625 0.009765625 0.02490234375
0 0.509765625 0.365234375 0.0205078125 0.025390625
0 0.96142578125 0.740234375 0.01171875 0.0224609375
0 0.5126953125 0.22412109375 0.02099609375 0.04052734375
0 0.73779296875 0.18701171875 0.01513671875 0.04345703125
0 0.4990234375 0.48291015625 0.0234375 0.033203125
0 0.7685546875 0.87646484375 0.01708984375 0.02734375
0 0.24755859375 0.1396484375 0.01953125 0.017578125
0 0.494140625 0.18505859375 0.0166015625 0.02001953125
0 0.6953125 0.01416015625 0.021484375 0.02490234375
0 0.2236328125 0.72802734375 0.01416015625 0.02685546875
0 0.255859375 0.45263671875 0.0263671875 0.02490234375
0 0.5673828125 0.916015625 0.01708984375 0.021484375
0 0.47119140625 0.2109375 0.017578125 0.01953125
0 0.46484375 0.31201171875 0.01806640625 0.0224609375
0 0.34765625 0.693359375 0.01953125 0.021484375
0 0.41015625 0.34765625 0.01123046875 0.029296875
0 0.296875 0.98974609375 0.01806640625 0.02001953125
0 0.3232421875 0.76123046875 0.01806640625 0.0380859375
0 0.31494140625 0.541015625 0.017578125 0.0380859375
0 0.2587890625 0.486328125 0.021484375 0.0185546875
0 0.19580078125 0.65185546875 0.01416015625 0.02001953125
0 0.7197265625 0.767578125 0.00927734375 0.0244140625
0 0.52392578125 0.91943359375 0.00732421875 0.017578125
0 0.30517578125 0.92724609375 0.02001953125 0.0341796875
0 0.3193359375 0.7705078125 0.009765625 0.021484375
0 0.25537109375 0.1318359375 0.013671875 0.0185546875
0 0.83056640625 0.2099609375 0.0166015625 0.03515625
0 0.81396484375 0.3662109375 0.009765625 0.01708984375
0 0.779296875 0.7138671875 0.021484375 0.02294921875
0 0.3095703125 0.5078125 0.01123046875 0.01904296875
0 0.87158203125 0.09033203125 0.0078125 0.0146484375
0 0.13427734375 0.0234375 0.01171875 0.0146484375
0 0.234375 0.8046875 0.0107421875 0.01953125
0 0.0859375 0.1357421875 0.01513671875 0.01953125
0 0.94580078125 0.994140625 0.01171875 0.009765625
0 0.68701171875 0.8974609375 0.0068359375 0.01220703125
0 0.80859375 0.25 0.01025390625 0.01708984375