0 0.93896484375 0.693359375 0.02099609375 0.02392578125
0 0.6728515625 0.75244140625 0.02685546875 0.03369140625
0 0.953125 0.646484375 0.02587890625 0.021484375
0 0.23876953125 0.90087890625 0.0263671875 0.02099609375
0 0.0810546875 0.59326171875 0.01708984375 0.0224609375
0 0.630859375 0.96337890625 0.0322265625 0.04638671875
0 0.61767578125 0.67724609375 0.02392578125 0.02783203125
0 0.45849609375 0.68310546875 0.01513671875 0.02392578125
0 0.3193359375 0.859375 0.02392578125 0.03759765625
0 0.53564453125 0.57470703125 0.01904296875 0.02099609375
0 0.3974609375 0.74658203125 0.01611328125 0.03173828125
0 0.54150390625 0.798828125 0.03173828125 0.03515625
0 0.41064453125 0.884765625 0.01513671875 0.04296875
0 0.419921875 0.814453125 0.02392578125 0.03857421875
0 0.9072265625 0.658203125 0.0224609375 0.0322265625
0 0.30615234375 0.97412109375 0.01806640625 0.0419921875
0 0.72216796875 0.697265625 0.0263671875 0.02587890625
0 0.68994140625 0.54248046875 0.02099609375 0.0224609375
0 0.37158203125 0.6279296875 0.02001953125 0.02294921875
0 0.4296875 0.72119140625 0.0185546875 0.03369140625
0 0.4521484375 0.5615234375 0.013671875 0.01904296875
0 0.01220703125 0.57958984375 0.01416015625 0.02294921875
0 0.36865234375 0.71240234375 0.015625 0.029296875
0 0.70947265625 0.52783203125 0.01904296875 0.0185546875
0 0.4775390625 0.9521484375 0.01416015625 0.03955078125
0 0.1357421875 0.68212890625 0.01318359375 0.029296875
0 0.453125 0.748046875 0.01171875 0.0341796875
0 0.2216796875 0.81201171875 0.01513671875 0.0380859375
0 0.38916015625 0.6181640625 0.00830078125 0.01953125
0 0.9296875 0.5947265625 0.03076171875 0.041015625
0 0.49560546875 0.728515625 0.01806640625 0.03076171875
0 0.189453125 0.5693359375 0.009765625 0.02001953125
0 0.76513671875 0.66845703125 0.02001953125 0.02490234375
0 0.4775390625 0.58056640625 0.009765625 0.01904296875
0 0.40087890625 0.6748046875 0.01708984375 0.029296875
0 0.52734375 0.697265625 0.01123046875 0.025390625
0 0.3525390625 0.90869140625 0.01416015625 0.03857421875
0 0.474609375 0.63916015625 0.01025390625 0.0224609375
0 0.693359375 0.7294921875 0.01953125 0.0302734375
0 0.66455078125 0.619140625 0.02734375 0.04736328125
0 0.34912109375 0.65625 0.009765625 0.02490234375
0 0.7587890625 0.71240234375 0.01318359375 0.029296875
0 0.43408203125 0.63134765625 0.01953125 0.025390625
0 0.99072265625 0.69287109375 0.01806640625 0.0341796875
0 0.9375 0.5849609375 0.0146484375 0.017578125
0 0.6123046875 0.64453125 0.015625 0.02587890625
0 0.1064453125 0.70654296875 0.01171875 0.03173828125
0 0.79443359375 0.7275390625 0.01220703125 0.03076171875
0 0.18310546875 0.80029296875 0.01123046875 0.03125
0 0.0498046875 0.91748046875 0.0126953125 0.021484375
0 0.3095703125 0.935546875 0.01611328125 0.0380859375
0 0.6728515625 0.572265625 0.01220703125 0.01513671875
0 0.73095703125 0.6083984375 0.02001953125 0.02294921875
0 0.29345703125 0.62890625 0.0146484375 0.02392578125
0 0.705078125 0.607421875 0.021484375 0.02197265625
0 0.00439453125 0.7880859375 0.0087890625 0.0322265625
0 0.24169921875 0.87646484375 0.015625 0.041015625
0 0.853515625 0.57421875 0.02197265625 0.02490234375
0 0.22119140625 0.78173828125 0.01123046875 0.0302734375
0 0.7255859375 0.71337890625 0.01611328125 0.03076171875
0 0.6474609375 0.5703125 0.01416015625 0.0107421875
0 0.9052734375 0.55517578125 0.01611328125 0.02490234375
0 0.13232421875 0.85302734375 0.0126953125 0.041015625
0 0.126953125 0.87451171875 0.01220703125 0.041015625
0 0.83056640625 0.5947265625 0.013671875 0.02294921875
0 0.6650390625 0.53076171875 0.0078125 0.01953125
0 0.4912109375 0.5419921875 0.00732421875 0.0205078125
0 0.43994140625 0.53076171875 0.0087890625 0.0185546875
0 0.671875 0.603515625 0.01416015625 0.0244140625
0 0.63671875 0.548828125 0.01318359375 0.02099609375
0 0.9921875 0.728515625 0.015625 0.029296875
0 0.994140625 0.97802734375 0.01171875 0.0400390625
0 0.4111328125 0.6220703125 0.01171875 0.01611328125
0 0.84228515625 0.62158203125 0.02001953125 0.0244140625
0 0.94775390625 0.65771484375 0.01611328125 0.017578125
0 0.4248046875 0.53076171875 0.00732421875 0.01708984375
0 0.30712890625 0.60986328125 0.01220703125 0.01611328125
0 0.81591796875 0.57275390625 0.0146484375 0.0185546875
0 0.9072265625 0.64306640625 0.01904296875 0.01416015625
0 0.65966796875 0.615234375 0.0126953125 0.01904296875
0 0.9951171875 0.67138671875 0.009765625 0.0205078125
0 0.53173828125 0.513671875 0.01611328125 0.02197265625
0 0.83349609375 0.55517578125 0.02392578125 0.03759765625
0 0.29931640625 0.6142578125 0.009765625 0.017578125
0 0.84326171875 0.60791015625 0.02197265625 0.02099609375
0 0.85693359375 0.55908203125 0.01123046875 0.01171875
0 0.0029296875 0.87744140625 0.005859375 0.0205078125
0 0.154296875 0.865234375 0.015625 0.0390625
0 0.6318359375 0.662109375 0.017578125 0.02880859375