0 0.75244140625 0.43212890625 0.01513671875 0.02587890625
0 0.05615234375 0.486328125 0.0166015625 0.0244140625
0 0.7216796875 0.41455078125 0.01318359375 0.02392578125
0 0.57763671875 0.34130859375 0.01171875 0.01416015625
0 0.6533203125 0.521484375 0.01318359375 0.0166015625
0 0.35107421875 0.2431640625 0.0078125 0.01953125
0 0.158203125 0.70166015625 0.0126953125 0.02734375
0 0.31103515625 0.560546875 0.00830078125 0.02685546875
0 0.09716796875 0.7939453125 0.01611328125 0.029296875
0 0.4677734375 0.2685546875 0.009765625 0.0205078125
0 0.61865234375 0.34814453125 0.01318359375 0.02392578125
0 0.22265625 0.681640625 0.0166015625 0.02294921875
0 0.60205078125 0.44189453125 0.0087890625 0.02880859375
0 0.69677734375 0.3828125 0.00927734375 0.02685546875
0 0.05078125 0.44091796875 0.0068359375 0.025390625
0 0.578125 0.697265625 0.009765625 0.033203125
0 0.5625 0.333984375 0.0087890625 0.0146484375
0 0.61083984375 0.56201171875 0.00732421875 0.02197265625
0 0.640625 0.50146484375 0.0087890625 0.01953125
0 0.08984375 0.65869140625 0.009765625 0.01953125
0 0.6806640625 0.4638671875 0.0078125 0.02734375
0 0.099609375 0.9287109375 0.01025390625 0.0390625
0 0.3505859375 0.97216796875 0.0185546875 0.0302734375
0 0.2587890625 0.92724609375 0.01708984375 0.03466796875
0 0.6484375 0.39990234375 0.015625 0.021484375
0 0.27734375 0.65625 0.01025390625 0.02490234375
0 0.13916015625 0.79638671875 0.013671875 0.0322265625
0 0.404296875 0.52978515625 0.0107421875 0.02490234375
0 0.7568359375 0.39892578125 0.0087890625 0.029296875
0 0.09814453125 0.64306640625 0.00830078125 0.02978515625
0 0.45849609375 0.869140625 0.009765625 0.03125
0 0.591796875 0.48828125 0.00732421875 0.02685546875
0 0.3974609375 0.6953125 0.0078125 0.029296875
0 0.1572265625 0.3505859375 0.00634765625 0.02197265625
0 0.3896484375 0.94970703125 0.00927734375 0.0302734375
0 0.1064453125 0.9521484375 0.01318359375 0.029296875
0 0.4462890625 0.41259765625 0.0087890625 0.02685546875
0 0.265625 0.96875 0.017578125 0.02978515625
0 0.22802734375 0.6083984375 0.00927734375 0.029296875
0 0.14794921875 0.63818359375 0.0078125 0.02587890625
0 0.4248046875 0.9541015625 0.01220703125 0.03173828125
0 0.52734375 0.26708984375 0.01123046875 0.02392578125
0 0.66064453125 0.572265625 0.00927734375 0.0234375
0 0.478515625 0.521484375 0.00732421875 0.0263671875
0 0.8232421875 0.51025390625 0.00830078125 0.02197265625
0 0.0966796875 0.3603515625 0.0068359375 0.02587890625
0 0.5537109375 0.2890625 0.0107421875 0.0185546875
0 0.20654296875 0.36962890625 0.0078125 0.0244140625
0 0.11181640625 0.65673828125 0.0087890625 0.02978515625
0 0.6845703125 0.51904296875 0.00830078125 0.03271484375
0 0.70849609375 0.3681640625 0.01025390625 0.01611328125
0 0.2958984375 0.3232421875 0.00634765625 0.02294921875
0 0.5185546875 0.330078125 0.0068359375 0.02587890625
0 0.0771484375 0.93408203125 0.00830078125 0.041015625
0 0.69384765625 0.56640625 0.01123046875 0.01904296875
0 0.12548828125 0.9833984375 0.02197265625 0.0283203125
0 0.54296875 0.5439453125 0.00732421875 0.0302734375
0 0.63916015625 0.6796875 0.009765625 0.02783203125
0 0.248046875 0.978515625 0.01416015625 0.0380859375
0 0.0634765625 0.61181640625 0.00732421875 0.0283203125
0 0.55859375 0.71142578125 0.00732421875 0.02490234375
0 0.69873046875 0.5361328125 0.009765625 0.0283203125
0 0.4375 0.1748046875 0.0078125 0.0146484375
0 0.36376953125 0.359375 0.01025390625 0.01318359375
0 0.55078125 0.5810546875 0.00732421875 0.029296875
0 0.046875 0.619140625 0.0078125 0.0263671875
0 0.6787109375 0.31103515625 0.00830078125 0.021484375
0 0.314453125 0.3125 0.00732421875 0.0185546875
0 0.16748046875 0.8251953125 0.0126953125 0.033203125
0 0.3271484375 0.18017578125 0.0048828125 0.01953125
0 0.4423828125 0.71240234375 0.00830078125 0.033203125
0 0.015625 0.64013671875 0.00732421875 0.0263671875
0 0.51123046875 0.8681640625 0.0087890625 0.02734375
0 0.6845703125 0.6962890625 0.009765625 0.02197265625
0 0.6806640625 0.41015625 0.00634765625 0.02294921875
0 0.0048828125 0.8134765625 0.0087890625 0.0322265625
0 0.24365234375 0.80029296875 0.0078125 0.033203125
0 0.30322265625 0.322265625 0.0078125 0.0166015625
0 0.13671875 0.77001953125 0.00830078125 0.03759765625
0 0.61279296875 0.5986328125 0.00732421875 0.0322265625
0 0.2373046875 0.353515625 0.005859375 0.01806640625
0 0.13037109375 0.634765625 0.00830078125 0.02392578125
0 0.3828125 0.7509765625 0.0078125 0.02099609375
0 0.68994140625 0.53759765625 0.0087890625 0.0234375
0 0.14208984375 0.93994140625 0.01171875 0.0390625
0 0.22802734375 0.771484375 0.00732421875 0.0361328125
0 0.12158203125 0.57275390625 0.0068359375 0.02734375
0 0.59033203125 0.833984375 0.01171875 0.03759765625
0 0.1279296875 0.62646484375 0.00830078125 0.0283203125
0 0.3251953125 0.72119140625 0.0078125 0.0322265625
0 0.1943359375 0.982421875 0.01123046875 0.03125
0 0.25390625 0.8017578125 0.009765625 0.03125
0 0.466796875 0.4833984375 0.0068359375 0.02490234375
0 0.00634765625 0.44140625 0.00634765625 0.02685546875
0 0.53125 0.27783203125 0.00830078125 0.0205078125
0 0.73974609375 0.54541015625 0.00732421875 0.0166015625
0 0.1796875 0.9208984375 0.01025390625 0.02734375
0 0.8935546875 0.49951171875 0.021484375 0.0224609375
0 0.689453125 0.58837890625 0.01220703125 0.01708984375
0 0.20654296875 0.912109375 0.017578125 0.03466796875
0 0.36767578125 0.30029296875 0.00732421875 0.0185546875
0 0.3818359375 0.7646484375 0.0068359375 0.02587890625
0 0.6689453125 0.404296875 0.0068359375 0.02734375
0 0.248046875 0.642578125 0.0068359375 0.0283203125
0 0.1748046875 0.607421875 0.0078125 0.0205078125
0 0.44482421875 0.779296875 0.01123046875 0.0341796875
0 0.734375 0.486328125 0.00732421875 0.029296875
0 0.24658203125 0.6015625 0.0078125 0.02978515625
0 0.17333984375 0.953125 0.01318359375 0.0390625
0 0.3154296875 0.91162109375 0.0087890625 0.0244140625
0 0.96044921875 0.42578125 0.00830078125 0.02685546875
0 0.44580078125 0.6748046875 0.00830078125 0.03125
0 0.00634765625 0.8720703125 0.0087890625 0.03955078125
0 0.3291015625 0.3232421875 0.00634765625 0.02392578125
0 0.3935546875 0.263671875 0.00537109375 0.01904296875
0 0.31689453125 0.8994140625 0.0126953125 0.02490234375
0 0.2880859375 0.76953125 0.0068359375 0.03173828125
0 0.0947265625 0.474609375 0.00732421875 0.01611328125
0 0.97705078125 0.3916015625 0.01171875 0.01953125
0 0.44580078125 0.796875 0.0146484375 0.0283203125
0 0.115234375 0.9912109375 0.009765625 0.01708984375
0 0.52734375 0.87451171875 0.0087890625 0.04052734375