0 0.880859375 0.48291015625 0.0322265625 0.05126953125
0 0.9541015625 0.79345703125 0.03515625 0.04541015625
0 0.931640625 0.73828125 0.0341796875 0.0537109375
0 0.9091796875 0.8779296875 0.0244140625 0.05615234375
0 0.98095703125 0.74951171875 0.037109375 0.04736328125
0 0.849609375 0.37109375 0.03125 0.05322265625
0 0.95263671875 0.26953125 0.02294921875 0.0576171875
0 0.85009765625 0.9130859375 0.037109375 0.05712890625
0 0.966796875 0.91748046875 0.01513671875 0.0322265625
0 0.92822265625 0.505859375 0.03955078125 0.037109375
0 0.92822265625 0.64013671875 0.0322265625 0.05322265625
0 0.9853515625 0.22314453125 0.02783203125 0.04150390625
0 0.86669921875 0.9921875 0.02294921875 0.01416015625
0 0.99609375 0.84033203125 0.0078125 0.041015625
0 0.970703125 0.251953125 0.0556640625 0.09130859375