0 0.59814453125 0.5849609375 0.03173828125 0.06005859375
0 0.49609375 0.869140625 0.0302734375 0.044921875
0 0.1015625 0.88818359375 0.0302734375 0.04248046875
0 0.59423828125 0.5009765625 0.03125 0.04931640625
0 0.51025390625 0.607421875 0.03759765625 0.04833984375
0 0.3671875 0.888671875 0.037109375 0.05029296875
0 0.23046875 0.94970703125 0.0322265625 0.0439453125
0 0.2138671875 0.462890625 0.03271484375 0.04833984375
0 0.4228515625 0.9228515625 0.03369140625 0.02978515625
0 0.60546875 0.18017578125 0.0322265625 0.041015625
0 0.3525390625 0.20263671875 0.03173828125 0.04345703125
0 0.75341796875 0.83740234375 0.0234375 0.037109375
0 0.5673828125 0.3310546875 0.025390625 0.0400390625
0 0.1787109375 0.9384765625 0.02587890625 0.04150390625
0 0.06591796875 0.83935546875 0.03271484375 0.05419921875
0 0.087890625 0.28173828125 0.0244140625 0.0556640625
0 0.40380859375 0.87109375 0.0244140625 0.0322265625
0 0.32568359375 0.67041015625 0.02294921875 0.03369140625
0 0.2421875 0.25732421875 0.04443359375 0.06494140625
0 0.65869140625 0.662109375 0.02587890625 0.0302734375
0 0.69482421875 0.306640625 0.0341796875 0.03076171875
0 0.357421875 0.392578125 0.0361328125 0.03564453125
0 0.25 0.6103515625 0.0341796875 0.04638671875
0 0.48486328125 0.36376953125 0.02587890625 0.02978515625
0 0.7255859375 0.984375 0.0283203125 0.03076171875
0 0.3759765625 0.77197265625 0.041015625 0.04296875
0 0.4541015625 0.15283203125 0.03369140625 0.03955078125
0 0.423828125 0.65087890625 0.0341796875 0.0380859375
0 0.03466796875 0.3828125 0.02587890625 0.05078125
0 0.171875 0.8896484375 0.029296875 0.05615234375
0 0.65087890625 0.9853515625 0.02294921875 0.029296875
0 0.3916015625 0.0537109375 0.03662109375 0.03466796875
0 0.50390625 0.33447265625 0.03564453125 0.04931640625
0 0.38818359375 0.49462890625 0.05810546875 0.052734375
0 0.43212890625 0.31982421875 0.02783203125 0.04541015625
0 0.53173828125 0.287109375 0.02197265625 0.03759765625
0 0.12939453125 0.736328125 0.03662109375 0.0517578125
0 0.18603515625 0.04638671875 0.03466796875 0.0380859375
0 0.08056640625 0.53173828125 0.02294921875 0.0419921875
0 0.08154296875 0.64794921875 0.0283203125 0.05517578125
0 0.51220703125 0.783203125 0.0224609375 0.0537109375
0 0.56103515625 0.53076171875 0.01611328125 0.02978515625
0 0.40966796875 0.25146484375 0.0263671875 0.06298828125
0 0.453125 0.513671875 0.03369140625 0.05419921875
0 0.33349609375 0.2763671875 0.0390625 0.04345703125
0 0.42138671875 0.169921875 0.0224609375 0.04248046875
0 0.23193359375 0.1845703125 0.0263671875 0.04541015625
0 0.4775390625 0.2880859375 0.0205078125 0.02490234375
0 0.427734375 0.47265625 0.0185546875 0.03759765625
0 0.30029296875 0.251953125 0.0283203125 0.04833984375
0 0.01904296875 0.6875 0.03173828125 0.04248046875
0 0.4287109375 0.5830078125 0.01708984375 0.0537109375
0 0.3984375 0.95068359375 0.0322265625 0.0458984375
0 0.216796875 0.5498046875 0.05224609375 0.05419921875
0 0.4931640625 0.7802734375 0.0244140625 0.0625
0 0.22412109375 0.81982421875 0.02392578125 0.046875
0 0.447265625 0.435546875 0.0400390625 0.0419921875
0 0.1025390625 0.94091796875 0.0244140625 0.046875
0 0.17041015625 0.83056640625 0.02978515625 0.0732421875
0 0.3291015625 0.162109375 0.0234375 0.02392578125
0 0.46044921875 0.03466796875 0.03076171875 0.064453125
0 0.1884765625 0.68115234375 0.0205078125 0.0419921875
0 0.3759765625 0.31640625 0.0224609375 0.04833984375
0 0.26123046875 0.0771484375 0.05908203125 0.07421875
0 0.03759765625 0.9873046875 0.0224609375 0.025390625
0 0.0078125 0.45556640625 0.01513671875 0.04296875
0 0.197265625 0.5234375 0.03662109375 0.03466796875
0 0.35498046875 0.9052734375 0.0166015625 0.05029296875
0 0.6533203125 0.517578125 0.0224609375 0.03369140625
0 0.17041015625 0.357421875 0.0205078125 0.025390625
0 0.08154296875 0.9921875 0.0166015625 0.015625
0 0.240234375 0.0673828125 0.03759765625 0.0517578125
0 0.5546875 0.0849609375 0.0185546875 0.0361328125
0 0.2236328125 0.22900390625 0.01806640625 0.02783203125
0 0.28955078125 0.994140625 0.015625 0.01171875
0 0.46728515625 0.02001953125 0.0166015625 0.03466796875
0 0.2666015625 0.77734375 0.0107421875 0.02734375
0 0.1279296875 0.9208984375 0.01171875 0.021484375
0 0.23486328125 0.24267578125 0.02001953125 0.033203125
0 0.00341796875 0.109375 0.00634765625 0.03662109375