0 0.83056640625 0.0517578125 0.013671875 0.0107421875
0 0.822265625 0.0380859375 0.01171875 0.015625
0 0.7763671875 0.03662109375 0.0078125 0.013671875
0 0.83740234375 0.03857421875 0.0078125 0.0126953125
0 0.74658203125 0.01904296875 0.01171875 0.0166015625
0 0.861328125 0.05517578125 0.009765625 0.015625
0 0.2197265625 0.78515625 0.0283203125 0.029296875
0 0.7685546875 0.068359375 0.0146484375 0.0166015625
0 0.73779296875 0.015625 0.009765625 0.013671875
0 0.17431640625 0.736328125 0.0263671875 0.0302734375
0 0.27197265625 0.8994140625 0.033203125 0.0419921875
0 0.78857421875 0.03662109375 0.0068359375 0.0126953125
0 0.8505859375 0.02685546875 0.0068359375 0.0146484375
0 0.85986328125 0.02197265625 0.0068359375 0.0126953125
0 0.83984375 0.10205078125 0.0126953125 0.01953125
0 0.833984375 0.05712890625 0.013671875 0.0166015625
0 0.77197265625 0.02978515625 0.0107421875 0.0126953125
0 0.75341796875 0.025390625 0.0087890625 0.0166015625
0 0.83642578125 0.0283203125 0.0068359375 0.013671875