0 0.52880859375 0.70654296875 0.02734375 0.0673828125
0 0.56884765625 0.78271484375 0.0517578125 0.076171875
0 0.5029296875 0.97900390625 0.05078125 0.0419921875
0 0.52880859375 0.92431640625 0.0439453125 0.0693359375
0 0.5673828125 0.95654296875 0.0458984375 0.0791015625
0 0.66015625 0.29638671875 0.0380859375 0.060546875
0 0.17578125 0.71142578125 0.056640625 0.0673828125
0 0.11572265625 0.1904296875 0.0283203125 0.056640625
0 0.14306640625 0.27197265625 0.0400390625 0.0625
0 0.41015625 0.80810546875 0.0419921875 0.0791015625
0 0.13232421875 0.3349609375 0.0283203125 0.048828125
0 0.16552734375 0.42333984375 0.029296875 0.068359375
0 0.30078125 0.30419921875 0.0244140625 0.0546875
0 0.03369140625 0.65625 0.0361328125 0.0400390625
0 0.376953125 0.87646484375 0.029296875 0.0712890625
0 0.07763671875 0.2705078125 0.037109375 0.052734375
0 0.65576171875 0.16650390625 0.0283203125 0.0537109375
0 0.10986328125 0.90380859375 0.033203125 0.05078125
0 0.4140625 0.7578125 0.0517578125 0.0615234375
0 0.642578125 0.103515625 0.0283203125 0.0625
0 0.07080078125 0.33203125 0.0283203125 0.0390625