0 0.4140625 0.5615234375 0.0439453125 0.046875
0 0.4248046875 0.59521484375 0.0302734375 0.0419921875
0 0.34033203125 0.2021484375 0.0439453125 0.052734375
0 0.69287109375 0.7080078125 0.0390625 0.046875
0 0.51953125 0.29541015625 0.0361328125 0.0380859375
0 0.8046875 0.48095703125 0.03125 0.0322265625
0 0.41259765625 0.21533203125 0.037109375 0.0439453125
0 0.78466796875 0.73583984375 0.0458984375 0.0537109375
0 0.86962890625 0.6669921875 0.03515625 0.0478515625
0 0.89013671875 0.71533203125 0.0341796875 0.046875
0 0.88134765625 0.23193359375 0.0322265625 0.041015625
0 0.71484375 0.05322265625 0.04296875 0.0390625
0 0.8271484375 0.24169921875 0.0390625 0.044921875
0 0.64404296875 0.18505859375 0.03515625 0.0302734375
0 0.74853515625 0.97705078125 0.0341796875 0.0458984375
0 0.7080078125 0.16162109375 0.0419921875 0.0478515625
0 0.36767578125 0.5087890625 0.0380859375 0.0615234375
0 0.7607421875 0.28271484375 0.037109375 0.0625
0 0.298828125 0.5439453125 0.05078125 0.052734375
0 0.96142578125 0.44384765625 0.0390625 0.0419921875
0 0.58544921875 0.123046875 0.033203125 0.04296875
0 0.90576171875 0.4892578125 0.0439453125 0.05859375
0 0.8388671875 0.85400390625 0.0390625 0.0595703125
0 0.9619140625 0.203125 0.0341796875 0.0400390625
0 0.8369140625 0.9033203125 0.0439453125 0.06640625
0 0.87158203125 0.45263671875 0.0380859375 0.06640625
0 0.5 0.96484375 0.0458984375 0.0576171875
0 0.68115234375 0.7919921875 0.0419921875 0.05859375
0 0.6650390625 0.21435546875 0.04296875 0.0498046875
0 0.3427734375 0.048828125 0.0302734375 0.0380859375
0 0.85791015625 0.62548828125 0.03515625 0.0673828125
0 0.9013671875 0.94189453125 0.0478515625 0.0732421875
0 0.990234375 0.16552734375 0.01953125 0.0498046875
0 0.890625 0.19677734375 0.0322265625 0.048828125
0 0.955078125 0.32763671875 0.03125 0.056640625
0 0.67236328125 0.140625 0.0283203125 0.03515625
0 0.5986328125 0.0400390625 0.0322265625 0.052734375
0 0.90283203125 0.1416015625 0.0341796875 0.0615234375
0 0.57958984375 0.041015625 0.029296875 0.048828125
0 0.8525390625 0.12451171875 0.029296875 0.0458984375
0 0.94873046875 0.25537109375 0.0302734375 0.0439453125
0 0.857421875 0.38330078125 0.021484375 0.0234375
0 0.9267578125 0.9423828125 0.025390625 0.0498046875
0 0.71484375 0.17919921875 0.025390625 0.048828125
0 0.94775390625 0.07421875 0.0224609375 0.0205078125
0 0.08642578125 0.02099609375 0.021484375 0.0205078125
0 0.13916015625 0.0380859375 0.0166015625 0.017578125
0 0.08984375 0.93359375 0.01171875 0.015625
0 0.4599609375 0.02001953125 0.0205078125 0.03125
0 0.67724609375 0.2060546875 0.0234375 0.0283203125
0 0.818359375 0.07666015625 0.0126953125 0.02734375
0 0.8232421875 0.353515625 0.015625 0.0166015625
0 0.93017578125 0.23291015625 0.013671875 0.01953125