0 0.08935546875 0.61865234375 0.0361328125 0.0712890625
0 0.37353515625 0.68310546875 0.041015625 0.04296875
0 0.05615234375 0.73095703125 0.033203125 0.0556640625
0 0.1337890625 0.9677734375 0.033203125 0.0478515625
0 0.22119140625 0.51171875 0.033203125 0.0458984375
0 0.23828125 0.775390625 0.03515625 0.04296875
0 0.6259765625 0.82861328125 0.037109375 0.0537109375
0 0.611328125 0.75244140625 0.037109375 0.0498046875
0 0.09375 0.283203125 0.02734375 0.044921875
0 0.46337890625 0.19189453125 0.0283203125 0.0419921875
0 0.15869140625 0.3828125 0.041015625 0.0419921875
0 0.56201171875 0.591796875 0.029296875 0.0419921875
0 0.67236328125 0.55712890625 0.0341796875 0.0322265625
0 0.10693359375 0.0986328125 0.0341796875 0.044921875
0 0.47705078125 0.78662109375 0.03515625 0.048828125
0 0.25146484375 0.5927734375 0.03515625 0.0400390625
0 0.1181640625 0.86376953125 0.0263671875 0.041015625
0 0.376953125 0.6171875 0.02734375 0.0458984375
0 0.43115234375 0.60791015625 0.03125 0.044921875
0 0.2900390625 0.90771484375 0.0390625 0.0439453125
0 0.505859375 0.07470703125 0.0400390625 0.05859375
0 0.54248046875 0.8642578125 0.0439453125 0.05078125
0 0.46435546875 0.09130859375 0.0390625 0.037109375
0 0.3564453125 0.359375 0.0380859375 0.03515625
0 0.5244140625 0.56103515625 0.025390625 0.0400390625
0 0.232421875 0.08154296875 0.037109375 0.04296875
0 0.3720703125 0.9541015625 0.0263671875 0.0341796875
0 0.43017578125 0.4443359375 0.037109375 0.0439453125
0 0.2490234375 0.85302734375 0.0595703125 0.056640625
0 0.078125 0.13134765625 0.033203125 0.056640625
0 0.38818359375 0.15380859375 0.029296875 0.0302734375
0 0.4013671875 0.46484375 0.02734375 0.0380859375
0 0.4453125 0.21533203125 0.02734375 0.033203125
0 0.2294921875 0.39111328125 0.0302734375 0.0478515625
0 0.4462890625 0.75146484375 0.0244140625 0.0380859375
0 0.51416015625 0.26123046875 0.01953125 0.0390625
0 0.39990234375 0.54638671875 0.033203125 0.0576171875
0 0.45947265625 0.85546875 0.0244140625 0.0537109375
0 0.4306640625 0.111328125 0.029296875 0.0361328125
0 0.48828125 0.640625 0.02734375 0.0283203125
0 0.69287109375 0.89306640625 0.029296875 0.03125
0 0.42138671875 0.3408203125 0.0439453125 0.052734375
0 0.3994140625 0.78125 0.0390625 0.0517578125
0 0.4599609375 0.71435546875 0.04296875 0.0439453125
0 0.3125 0.47314453125 0.02734375 0.025390625
0 0.501953125 0.6083984375 0.04296875 0.0478515625
0 0.23388671875 0.40625 0.0712890625 0.080078125
0 0.4716796875 0.5712890625 0.0224609375 0.0244140625
0 0.37353515625 0.03369140625 0.029296875 0.0341796875
0 0.3310546875 0.5810546875 0.0322265625 0.03515625
0 0.24072265625 0.98193359375 0.0244140625 0.0361328125
0 0.58251953125 0.78759765625 0.021484375 0.033203125
0 0.04248046875 0.794921875 0.0146484375 0.029296875
0 0.33984375 0.5048828125 0.044921875 0.044921875
0 0.466796875 0.9208984375 0.033203125 0.03125
0 0.51904296875 0.36376953125 0.021484375 0.03515625
0 0.6689453125 0.75830078125 0.0244140625 0.0322265625
0 0.18359375 0.6845703125 0.0244140625 0.0263671875
0 0.2265625 0.8369140625 0.033203125 0.03125
0 0.5849609375 0.44677734375 0.025390625 0.0341796875
0 0.302734375 0.5625 0.0205078125 0.03125
0 0.21435546875 0.39892578125 0.0244140625 0.0322265625
0 0.3828125 0.21337890625 0.0419921875 0.0478515625
0 0.2294921875 0.564453125 0.02734375 0.03125
0 0.4306640625 0.7900390625 0.0361328125 0.041015625
0 0.11572265625 0.2119140625 0.03125 0.0458984375
0 0.205078125 0.08251953125 0.02734375 0.0400390625
0 0.208984375 0.05615234375 0.033203125 0.04296875
0 0.4306640625 0.30908203125 0.025390625 0.0478515625
0 0.0224609375 0.15576171875 0.0322265625 0.0498046875