0 0.43701171875 0.59375 0.01318359375 0.01953125
0 0.56201171875 0.63427734375 0.01708984375 0.0205078125
0 0.4951171875 0.705078125 0.01611328125 0.01904296875
0 0.52490234375 0.72998046875 0.015625 0.02197265625
0 0.56591796875 0.595703125 0.01806640625 0.01708984375
0 0.62451171875 0.6884765625 0.01611328125 0.0185546875
0 0.548828125 0.591796875 0.01416015625 0.0185546875
0 0.53271484375 0.6240234375 0.0126953125 0.01806640625
0 0.50146484375 0.5966796875 0.0146484375 0.01611328125
0 0.3837890625 0.537109375 0.015625 0.01904296875
0 0.46337890625 0.68505859375 0.0126953125 0.015625
0 0.90771484375 0.70556640625 0.0166015625 0.01708984375
0 0.88427734375 0.6337890625 0.01708984375 0.01806640625
0 0.39599609375 0.56787109375 0.01806640625 0.0205078125
0 0.65625 0.6572265625 0.01123046875 0.01708984375
0 0.59033203125 0.578125 0.015625 0.01953125
0 0.39599609375 0.63623046875 0.0107421875 0.0224609375
0 0.57763671875 0.57177734375 0.01220703125 0.0185546875
0 0.23193359375 0.568359375 0.01318359375 0.015625
0 0.4248046875 0.59619140625 0.01025390625 0.01806640625
0 0.41552734375 0.595703125 0.01171875 0.01806640625
0 0.40625 0.580078125 0.01171875 0.0224609375
0 0.375 0.68994140625 0.01220703125 0.0185546875
0 0.1923828125 0.77587890625 0.013671875 0.0224609375
0 0.6435546875 0.69140625 0.01611328125 0.01708984375
0 0.34619140625 0.74755859375 0.0146484375 0.0205078125
0 0.4931640625 0.52392578125 0.01611328125 0.015625
0 0.828125 0.70703125 0.01708984375 0.02294921875
0 0.7568359375 0.72998046875 0.0185546875 0.02197265625
0 0.8251953125 0.6943359375 0.01611328125 0.01611328125
0 0.05029296875 0.87109375 0.00634765625 0.0302734375