0 0.658203125 0.2060546875 0.091796875 0.06396484375
0 0.6748046875 0.46728515625 0.1171875 0.1162109375
0 0.26123046875 0.25927734375 0.09765625 0.0966796875
0 0.3037109375 0.0595703125 0.078125 0.087890625
0 0.64111328125 0.4365234375 0.099609375 0.11279296875
0 0.4169921875 0.14794921875 0.060546875 0.06787109375
0 0.22119140625 0.22314453125 0.0712890625 0.11279296875
0 0.6513671875 0.29296875 0.06298828125 0.115234375
0 0.21875 0.33056640625 0.0771484375 0.125
0 0.60693359375 0.06787109375 0.04736328125 0.0615234375
0 0.04052734375 0.1640625 0.0751953125 0.0693359375
0 0.2314453125 0.0205078125 0.05810546875 0.0390625
0 0.02587890625 0.03466796875 0.0517578125 0.0693359375
0 0.2626953125 0.01611328125 0.0419921875 0.0302734375