0 0.2626953125 0.69873046875 0.015625 0.017578125
0 0.365234375 0.9560546875 0.0166015625 0.0244140625
0 0.20068359375 0.6796875 0.0166015625 0.017578125
0 0.3037109375 0.7529296875 0.0166015625 0.0224609375
0 0.35498046875 0.88525390625 0.0126953125 0.0283203125
0 0.20458984375 0.9794921875 0.021484375 0.0234375
0 0.20263671875 0.47802734375 0.01171875 0.0166015625
0 0.04296875 0.40380859375 0.01171875 0.0146484375
0 0.22412109375 0.87060546875 0.017578125 0.025390625
0 0.05615234375 0.720703125 0.0185546875 0.01953125
0 0.021484375 0.92236328125 0.0146484375 0.021484375
0 0.04931640625 0.59765625 0.009765625 0.0244140625
0 0.09375 0.7548828125 0.0185546875 0.0205078125
0 0.07177734375 0.5625 0.01953125 0.0205078125
0 0.0341796875 0.86083984375 0.017578125 0.0263671875
0 0.01123046875 0.52685546875 0.015625 0.01953125
0 0.05712890625 0.541015625 0.017578125 0.021484375
0 0.0537109375 0.93408203125 0.015625 0.03125
0 0.33935546875 0.98046875 0.01171875 0.0361328125
0 0.1455078125 0.6416015625 0.0146484375 0.029296875
0 0.17626953125 0.93701171875 0.021484375 0.02734375
0 0.064453125 0.96533203125 0.01953125 0.0263671875
0 0.16357421875 0.89599609375 0.0205078125 0.0224609375
0 0.2138671875 0.361328125 0.0087890625 0.0205078125
0 0.2255859375 0.9951171875 0.01953125 0.009765625
0 0.12060546875 0.8876953125 0.0185546875 0.0263671875
0 0.19482421875 0.91455078125 0.0205078125 0.025390625
0 0.09619140625 0.93359375 0.0205078125 0.025390625
0 0.0732421875 0.9951171875 0.021484375 0.009765625
0 0.02490234375 0.53466796875 0.0146484375 0.017578125
0 0.1474609375 0.9267578125 0.021484375 0.025390625
0 0.11083984375 0.7666015625 0.0146484375 0.0205078125
0 0.109375 0.9794921875 0.0244140625 0.0205078125
0 0.013671875 0.76513671875 0.009765625 0.017578125
0 0.17333984375 0.31884765625 0.013671875 0.015625
0 0.3232421875 0.986328125 0.01171875 0.02734375
0 0.12890625 0.77099609375 0.0185546875 0.0244140625
0 0.13720703125 0.361328125 0.015625 0.017578125
0 0.09326171875 0.50830078125 0.0078125 0.0263671875
0 0.0224609375 0.35986328125 0.0126953125 0.0205078125
0 0.19775390625 0.8173828125 0.017578125 0.0234375
0 0.111328125 0.78125 0.01953125 0.0234375
0 0.0576171875 0.6337890625 0.017578125 0.021484375
0 0.09228515625 0.97119140625 0.0224609375 0.02734375
0 0.1484375 0.84228515625 0.01953125 0.025390625
0 0.02294921875 0.98486328125 0.0126953125 0.0224609375
0 0.14990234375 0.86376953125 0.0205078125 0.0244140625
0 0.05908203125 0.5517578125 0.01171875 0.01953125
0 0.20361328125 0.8544921875 0.0205078125 0.0244140625
0 0.2060546875 0.8359375 0.01953125 0.021484375
0 0.1103515625 0.93017578125 0.0146484375 0.0283203125
0 0.03271484375 0.3369140625 0.0087890625 0.0263671875
0 0.11376953125 0.95458984375 0.0185546875 0.02734375
0 0.119140625 0.9296875 0.01171875 0.02734375
0 0.1669921875 0.8759765625 0.0224609375 0.0234375
0 0.17431640625 0.841796875 0.021484375 0.025390625
0 0.18115234375 0.86181640625 0.0234375 0.025390625