0 0.58203125 0.57373046875 0.1142578125 0.1279296875
0 0.13037109375 0.43798828125 0.06640625 0.1015625
0 0.5 0.5478515625 0.0771484375 0.0869140625
0 0.357421875 0.68115234375 0.0908203125 0.0966796875
0 0.0615234375 0.4306640625 0.076171875 0.087890625
0 0.390625 0.2802734375 0.0654296875 0.0693359375
0 0.69384765625 0.78662109375 0.1162109375 0.111328125
0 0.3681640625 0.56005859375 0.09375 0.1005859375
0 0.4765625 0.36669921875 0.056640625 0.076171875
0 0.2998046875 0.2763671875 0.0537109375 0.064453125
0 0.85498046875 0.55126953125 0.083984375 0.083984375
0 0.86279296875 0.91552734375 0.123046875 0.1376953125
0 0.146484375 0.20361328125 0.0556640625 0.0595703125
0 0.0859375 0.375 0.046875 0.0625
0 0.4892578125 0.50048828125 0.0654296875 0.0546875
0 0.162109375 0.67578125 0.07421875 0.087890625
0 0.81494140625 0.58984375 0.083984375 0.0810546875
0 0.26220703125 0.1220703125 0.037109375 0.0478515625
0 0.71533203125 0.35302734375 0.08203125 0.080078125
0 0.91796875 0.4140625 0.056640625 0.0654296875
0 0.4404296875 0.4189453125 0.0439453125 0.0390625
0 0.91796875 0.62255859375 0.0712890625 0.048828125
0 0.525390625 0.2265625 0.033203125 0.025390625
0 0.19482421875 0.0712890625 0.0361328125 0.04296875
0 0.63037109375 0.16943359375 0.0439453125 0.046875
0 0.60888671875 0.28955078125 0.048828125 0.05859375
0 0.89599609375 0.1796875 0.0390625 0.0556640625
0 0.98193359375 0.4130859375 0.0361328125 0.0625
0 0.62158203125 0.478515625 0.046875 0.0546875
0 0.16259765625 0.0185546875 0.0400390625 0.037109375
0 0.33349609375 0.234375 0.0546875 0.072265625
0 0.265625 0.2138671875 0.0517578125 0.0615234375
0 0.48095703125 0.1787109375 0.0458984375 0.0517578125
0 0.88134765625 0.26123046875 0.0478515625 0.0458984375
0 0.29052734375 0.23046875 0.0458984375 0.0625
0 0.3291015625 0.55029296875 0.0703125 0.0654296875
0 0.423828125 0.1708984375 0.0419921875 0.0498046875
0 0.77978515625 0.2646484375 0.0537109375 0.0537109375
0 0.39794921875 0.1162109375 0.0263671875 0.033203125
0 0.296875 0.10498046875 0.0400390625 0.0439453125
0 0.22998046875 0.11083984375 0.0478515625 0.0517578125
0 0.3447265625 0.0947265625 0.0400390625 0.04296875
0 0.72314453125 0.2509765625 0.0517578125 0.052734375
0 0.7783203125 0.78662109375 0.1015625 0.1044921875
0 0.9765625 0.560546875 0.046875 0.08203125
0 0.99169921875 0.259765625 0.0166015625 0.044921875
0 0.61328125 0.224609375 0.037109375 0.029296875
0 0.8427734375 0.17333984375 0.0390625 0.0458984375
0 0.8984375 0.181640625 0.0390625 0.04296875
0 0.46337890625 0.22314453125 0.033203125 0.0263671875
0 0.232421875 0.0419921875 0.03125 0.029296875
0 0.8076171875 0.13671875 0.041015625 0.0380859375
0 0.328125 0.0234375 0.0302734375 0.02734375
0 0.9052734375 0.142578125 0.0322265625 0.033203125
0 0.83837890625 0.46533203125 0.0712890625 0.068359375
0 0.6826171875 0.14208984375 0.044921875 0.0439453125
0 0.47216796875 0.0849609375 0.0419921875 0.048828125
0 0.42333984375 0.13818359375 0.04296875 0.048828125
0 0.32421875 0.048828125 0.037109375 0.0419921875
0 0.61181640625 0.0712890625 0.033203125 0.037109375
0 0.44921875 0.20068359375 0.0439453125 0.052734375
0 0.685546875 0.23974609375 0.03515625 0.041015625
0 0.44873046875 0.0576171875 0.021484375 0.0341796875
0 0.49755859375 0.04931640625 0.0205078125 0.0390625
0 0.36865234375 0.00439453125 0.0224609375 0.0087890625
0 0.55419921875 0.13720703125 0.0439453125 0.048828125
0 0.52001953125 0.15966796875 0.0341796875 0.044921875
0 0.70947265625 0.1328125 0.0390625 0.0400390625
0 0.6767578125 0.07470703125 0.033203125 0.04296875
0 0.58056640625 0.15185546875 0.0361328125 0.02734375
0 0.3623046875 0.12451171875 0.03125 0.03125
0 0.765625 0.10888671875 0.0283203125 0.0224609375
0 0.779296875 0.22119140625 0.0380859375 0.0498046875
0 0.8232421875 0.2158203125 0.0419921875 0.0478515625
0 0.453125 0.02734375 0.0283203125 0.033203125
0 0.99169921875 0.2333984375 0.0166015625 0.029296875
0 0.39892578125 0.00439453125 0.0244140625 0.0087890625
0 0.48046875 0.01806640625 0.037109375 0.0361328125
0 0.70849609375 0.22021484375 0.044921875 0.0390625
0 0.638671875 0.08837890625 0.0283203125 0.041015625
0 0.73583984375 0.0556640625 0.033203125 0.0341796875
0 0.0927734375 0.07373046875 0.0244140625 0.0478515625
0 0.72998046875 0.09716796875 0.029296875 0.0234375
0 0.5693359375 0.11083984375 0.03515625 0.0361328125
0 0.43701171875 0.00732421875 0.0322265625 0.0146484375
0 0.65869140625 0.1201171875 0.01953125 0.0234375
0 0.7587890625 0.06640625 0.021484375 0.0283203125
0 0.69873046875 0.10791015625 0.03125 0.0234375
0 0.6875 0.0546875 0.041015625 0.0390625
0 0.57470703125 0.0224609375 0.029296875 0.029296875
0 0.74609375 0.2421875 0.03125 0.0322265625
0 0.587890625 0.107421875 0.041015625 0.04296875
0 0.3583984375 0.068359375 0.021484375 0.0361328125
0 0.44970703125 0.08642578125 0.0244140625 0.021484375
0 0.81298828125 0.20068359375 0.046875 0.046875
0 0.607421875 0.02392578125 0.03125 0.0283203125
0 0.986328125 0.2490234375 0.02734375 0.044921875
0 0.56640625 0.04931640625 0.037109375 0.0400390625
0 0.4599609375 0.005859375 0.037109375 0.01171875
0 0.64404296875 0.25830078125 0.0400390625 0.0595703125
0 0.466796875 0.07177734375 0.0224609375 0.0234375
0 0.3134765625 0.044921875 0.017578125 0.0341796875
0 0.5869140625 0.0478515625 0.021484375 0.0224609375
0 0.58642578125 0.017578125 0.025390625 0.025390625
0 0.4375 0.98779296875 0.052734375 0.0244140625
0 0.28271484375 0.1259765625 0.0341796875 0.0439453125
0 0.224609375 0.11376953125 0.0439453125 0.068359375
0 0.9072265625 0.13623046875 0.04296875 0.05859375