0 0.9052734375 0.1513671875 0.01953125 0.0400390625
0 0.79248046875 0.142578125 0.0205078125 0.0361328125
0 0.9638671875 0.59033203125 0.0244140625 0.046875
0 0.533203125 0.173828125 0.0185546875 0.0400390625
0 0.41650390625 0.17431640625 0.01953125 0.0458984375
0 0.92626953125 0.1875 0.0166015625 0.03515625
0 0.17724609375 0.03076171875 0.0224609375 0.0419921875
0 0.52880859375 0.08251953125 0.0234375 0.0556640625
0 0.9951171875 0.5546875 0.0078125 0.029296875
0 0.9541015625 0.2294921875 0.0185546875 0.0419921875
0 0.890625 0.21533203125 0.015625 0.03515625
0 0.810546875 0.1416015625 0.0185546875 0.033203125
0 0.80419921875 0.052734375 0.0166015625 0.03515625
0 0.974609375 0.15283203125 0.0166015625 0.04296875
0 0.6806640625 0.09521484375 0.015625 0.0322265625
0 0.736328125 0.09033203125 0.015625 0.0380859375
0 0.8447265625 0.0615234375 0.0185546875 0.046875
0 0.42431640625 0.0107421875 0.0224609375 0.021484375
0 0.4501953125 0.04443359375 0.0185546875 0.0419921875
0 0.7626953125 0.1533203125 0.017578125 0.046875
0 0.6083984375 0.1025390625 0.013671875 0.0302734375
0 0.62939453125 0.06298828125 0.017578125 0.041015625
0 0.77734375 0.14892578125 0.0205078125 0.0302734375
0 0.65966796875 0.0498046875 0.0185546875 0.0380859375
0 0.97021484375 0.11376953125 0.017578125 0.0400390625
0 0.7138671875 0.0732421875 0.0205078125 0.0390625
0 0.48046875 0.15625 0.017578125 0.0390625
0 0.99609375 0.1787109375 0.0078125 0.033203125
0 0.46484375 0.00732421875 0.013671875 0.0146484375
0 0.52294921875 0.24267578125 0.0205078125 0.0419921875
0 0.8046875 0.09423828125 0.0224609375 0.0302734375
0 0.75732421875 0.0498046875 0.0126953125 0.0400390625
0 0.6806640625 0.0517578125 0.0166015625 0.041015625
0 0.0546875 0.099609375 0.021484375 0.0283203125
0 0.07470703125 0.07470703125 0.02734375 0.029296875
0 0.5205078125 0.28076171875 0.0224609375 0.0419921875
0 0.07080078125 0.1005859375 0.0302734375 0.0380859375