0 0.98388671875 0.560546875 0.0126953125 0.02294921875
0 0.974609375 0.5908203125 0.01318359375 0.02197265625
0 0.53076171875 0.775390625 0.021484375 0.02001953125
0 0.36279296875 0.9609375 0.02197265625 0.02294921875
0 0.52490234375 0.6943359375 0.015625 0.0224609375
0 0.47998046875 0.81005859375 0.01708984375 0.0244140625
0 0.54150390625 0.72265625 0.01708984375 0.01953125
0 0.8291015625 0.67529296875 0.017578125 0.02099609375
0 0.31298828125 0.81640625 0.01611328125 0.0244140625
0 0.8828125 0.56298828125 0.0126953125 0.02099609375
0 0.5615234375 0.85400390625 0.0224609375 0.01904296875
0 0.40185546875 0.75048828125 0.0146484375 0.0234375
0 0.359375 0.853515625 0.01513671875 0.02294921875
0 0.591796875 0.869140625 0.0166015625 0.0185546875
0 0.27880859375 0.900390625 0.02001953125 0.025390625
0 0.2177734375 0.921875 0.02197265625 0.029296875
0 0.26220703125 0.87353515625 0.0185546875 0.0263671875
0 0.552734375 0.7685546875 0.015625 0.02197265625
0 0.96728515625 0.4033203125 0.01171875 0.02001953125
0 0.853515625 0.6435546875 0.01513671875 0.02197265625
0 0.39501953125 0.78857421875 0.0146484375 0.02587890625
0 0.9443359375 0.55224609375 0.01123046875 0.02197265625
0 0.90771484375 0.44873046875 0.01171875 0.02099609375
0 0.27197265625 0.94970703125 0.017578125 0.033203125
0 0.9130859375 0.41162109375 0.01220703125 0.021484375
0 0.60791015625 0.7509765625 0.01220703125 0.02587890625
0 0.826171875 0.5986328125 0.01611328125 0.0205078125
0 0.99169921875 0.5361328125 0.0166015625 0.021484375
0 0.88037109375 0.6982421875 0.01318359375 0.029296875
0 0.431640625 0.71923828125 0.01513671875 0.01318359375
0 0.77783203125 0.43798828125 0.0107421875 0.02001953125
0 0.80908203125 0.8203125 0.01171875 0.02490234375
0 0.3173828125 0.93505859375 0.017578125 0.0244140625
0 0.98046875 0.41943359375 0.01318359375 0.0205078125
0 0.73974609375 0.658203125 0.01416015625 0.0234375
0 0.43896484375 0.76953125 0.01708984375 0.01416015625
0 0.23828125 0.9755859375 0.0205078125 0.0166015625
0 0.5517578125 0.69384765625 0.01123046875 0.021484375
0 0.43896484375 0.79296875 0.01416015625 0.0185546875
0 0.97998046875 0.6494140625 0.01025390625 0.025390625
0 0.3740234375 0.73486328125 0.01220703125 0.01318359375
0 0.91259765625 0.521484375 0.0107421875 0.0205078125
0 0.9267578125 0.41015625 0.0078125 0.02001953125
0 0.97265625 0.4365234375 0.00927734375 0.02197265625
0 0.71044921875 0.47802734375 0.0107421875 0.02099609375
0 0.99755859375 0.43408203125 0.0048828125 0.0185546875
0 0.12451171875 0.7451171875 0.02587890625 0.0224609375
0 0.5341796875 0.9931640625 0.02294921875 0.0126953125
0 0.87255859375 0.5439453125 0.00927734375 0.0234375
0 0.751953125 0.51611328125 0.0126953125 0.0234375
0 0.298828125 0.974609375 0.02099609375 0.02197265625
0 0.8720703125 0.45263671875 0.01416015625 0.01904296875
0 0.921875 0.541015625 0.00927734375 0.02197265625
0 0.5078125 0.72900390625 0.01171875 0.015625
0 0.59912109375 0.51904296875 0.01708984375 0.0205078125
0 0.859375 0.412109375 0.01025390625 0.02099609375
0 0.4931640625 0.62255859375 0.01318359375 0.02392578125
0 0.41748046875 0.74658203125 0.01220703125 0.0146484375
0 0.73193359375 0.716796875 0.01025390625 0.02294921875
0 0.83447265625 0.43798828125 0.0087890625 0.0166015625
0 0.8408203125 0.630859375 0.01416015625 0.01708984375
0 0.45654296875 0.671875 0.0205078125 0.017578125
0 0.71337890625 0.5810546875 0.01416015625 0.01953125
0 0.6787109375 0.76416015625 0.0126953125 0.0263671875
0 0.89501953125 0.7841796875 0.01123046875 0.0185546875
0 0.2197265625 0.7939453125 0.02197265625 0.0185546875
0 0.47265625 0.7041015625 0.01318359375 0.025390625
0 0.44970703125 0.69677734375 0.015625 0.01513671875
0 0.83935546875 0.73388671875 0.01025390625 0.0283203125
0 0.72509765625 0.484375 0.0087890625 0.0205078125
0 0.7939453125 0.5625 0.009765625 0.021484375
0 0.2890625 0.96337890625 0.02099609375 0.02197265625
0 0.74853515625 0.486328125 0.01953125 0.03515625
0 0.6396484375 0.5048828125 0.01611328125 0.0205078125
0 0.998046875 0.7158203125 0.00341796875 0.02978515625
0 0.984375 0.669921875 0.0078125 0.01953125
0 0.986328125 0.6884765625 0.009765625 0.02294921875
0 0.955078125 0.44677734375 0.0087890625 0.0234375
0 0.74462890625 0.64892578125 0.01220703125 0.0234375