0 0.65380859375 0.2265625 0.0185546875 0.025390625
0 0.92138671875 0.22265625 0.0166015625 0.0185546875
0 0.73095703125 0.3740234375 0.02001953125 0.0263671875
0 0.240234375 0.30029296875 0.021484375 0.02392578125
0 0.88427734375 0.2216796875 0.0166015625 0.02099609375
0 0.61962890625 0.5712890625 0.01708984375 0.02880859375
0 0.86669921875 0.50537109375 0.015625 0.02734375
0 0.3818359375 0.52099609375 0.01513671875 0.02880859375
0 0.443359375 0.4248046875 0.01171875 0.01708984375
0 0.49658203125 0.84912109375 0.01025390625 0.01904296875
0 0.865234375 0.3896484375 0.02001953125 0.02099609375
0 0.541015625 0.6728515625 0.01708984375 0.025390625
0 0.3681640625 0.716796875 0.01416015625 0.033203125
0 0.44091796875 0.68701171875 0.01806640625 0.0263671875
0 0.6748046875 0.25634765625 0.01806640625 0.02685546875
0 0.7158203125 0.23974609375 0.0244140625 0.02734375
0 0.31689453125 0.84033203125 0.0185546875 0.0263671875
0 0.56298828125 0.27001953125 0.01513671875 0.0322265625
0 0.30615234375 0.611328125 0.01953125 0.02587890625
0 0.81494140625 0.732421875 0.0185546875 0.03076171875
0 0.5517578125 0.228515625 0.0224609375 0.02392578125
0 0.7158203125 0.857421875 0.01318359375 0.02197265625
0 0.9521484375 0.765625 0.01123046875 0.0283203125
0 0.51513671875 0.6494140625 0.0166015625 0.0244140625
0 0.50439453125 0.41796875 0.013671875 0.0146484375
0 0.97998046875 0.32421875 0.01416015625 0.0361328125
0 0.6953125 0.2685546875 0.01171875 0.01416015625
0 0.73193359375 0.67626953125 0.0146484375 0.02978515625
0 0.45751953125 0.90380859375 0.01904296875 0.02197265625
0 0.9072265625 0.74267578125 0.01806640625 0.0322265625
0 0.84912109375 0.650390625 0.01904296875 0.0244140625
0 0.40673828125 0.6171875 0.013671875 0.03173828125
0 0.91015625 0.5302734375 0.015625 0.02978515625
0 0.91259765625 0.4892578125 0.01708984375 0.02392578125
0 0.3974609375 0.83154296875 0.015625 0.017578125
0 0.76416015625 0.67041015625 0.0166015625 0.0244140625
0 0.2880859375 0.85107421875 0.0205078125 0.0263671875
0 0.4453125 0.53369140625 0.01416015625 0.03271484375
0 0.87255859375 0.27880859375 0.017578125 0.0244140625
0 0.48681640625 0.43994140625 0.01416015625 0.01806640625
0 0.7890625 0.587890625 0.02099609375 0.02197265625
0 0.9794921875 0.42138671875 0.02001953125 0.02294921875
0 0.5400390625 0.50537109375 0.01123046875 0.0234375
0 0.4716796875 0.470703125 0.01171875 0.0205078125
0 0.93212890625 0.4375 0.0185546875 0.021484375
0 0.33544921875 0.6103515625 0.02197265625 0.02490234375
0 0.79248046875 0.29443359375 0.01513671875 0.03369140625
0 0.47802734375 0.55517578125 0.0126953125 0.0205078125
0 0.693359375 0.2333984375 0.0146484375 0.02197265625
0 0.71337890625 0.666015625 0.01123046875 0.03271484375
0 0.5205078125 0.55859375 0.0166015625 0.02001953125
0 0.9287109375 0.654296875 0.02099609375 0.025390625
0 0.34375 0.845703125 0.0185546875 0.02734375
0 0.94873046875 0.580078125 0.01904296875 0.02685546875
0 0.37841796875 0.89404296875 0.01220703125 0.03125
0 0.94140625 0.62109375 0.01904296875 0.0322265625
0 0.89111328125 0.9609375 0.009765625 0.02392578125
0 0.92919921875 0.8212890625 0.01806640625 0.02685546875
0 0.326171875 0.67041015625 0.015625 0.017578125
0 0.36376953125 0.982421875 0.01904296875 0.033203125
0 0.54931640625 0.46142578125 0.01708984375 0.03125
0 0.45068359375 0.47998046875 0.0126953125 0.03369140625
0 0.55517578125 0.48486328125 0.015625 0.0234375
0 0.6875 0.67138671875 0.0166015625 0.02734375
0 0.92919921875 0.62158203125 0.01904296875 0.0263671875
0 0.369140625 0.67724609375 0.01806640625 0.025390625
0 0.953125 0.884765625 0.01416015625 0.0283203125
0 0.89599609375 0.9228515625 0.01806640625 0.03125
0 0.482421875 0.5205078125 0.015625 0.01953125
0 0.978515625 0.8662109375 0.015625 0.02734375
0 0.3271484375 0.64111328125 0.02001953125 0.02392578125
0 0.99609375 0.34716796875 0.00732421875 0.0234375
0 0.3525390625 0.6611328125 0.01513671875 0.03125
0 0.76904296875 0.767578125 0.01708984375 0.03125
0 0.76171875 0.9130859375 0.0166015625 0.01904296875
0 0.5205078125 0.4462890625 0.01416015625 0.03466796875
0 0.8916015625 0.9892578125 0.015625 0.021484375
0 0.314453125 0.4033203125 0.01220703125 0.029296875
0 0.99755859375 0.57568359375 0.0048828125 0.01611328125
0 0.67236328125 0.4677734375 0.01904296875 0.02294921875
0 0.98388671875 0.478515625 0.02001953125 0.025390625
0 0.3134765625 0.9208984375 0.015625 0.03173828125
0 0.40283203125 0.85205078125 0.0078125 0.02783203125
0 0.9951171875 0.927734375 0.00927734375 0.02392578125
0 0.84375 0.3271484375 0.02099609375 0.02880859375
0 0.2802734375 0.806640625 0.01171875 0.0126953125
0 0.703125 0.5986328125 0.015625 0.02783203125
0 0.99609375 0.884765625 0.0078125 0.0244140625
0 0.74853515625 0.568359375 0.02099609375 0.0205078125
0 0.16552734375 0.24365234375 0.01220703125 0.013671875
0 0.33544921875 0.71435546875 0.01123046875 0.0224609375
0 0.8935546875 0.7900390625 0.00927734375 0.01904296875
0 0.8916015625 0.818359375 0.01220703125 0.02685546875
0 0.67041015625 0.49951171875 0.00927734375 0.02392578125
0 0.57275390625 0.99560546875 0.0126953125 0.0087890625
0 0.9970703125 0.376953125 0.005859375 0.021484375
0 0.68603515625 0.240234375 0.01318359375 0.0146484375