0 0.443359375 0.69921875 0.01513671875 0.03515625
0 0.25439453125 0.33642578125 0.00732421875 0.01806640625
0 0.1845703125 0.8388671875 0.02294921875 0.0322265625
0 0.5595703125 0.46728515625 0.0107421875 0.0224609375
0 0.13671875 0.6376953125 0.01416015625 0.0283203125
0 0.60986328125 0.59912109375 0.01611328125 0.0302734375
0 0.61474609375 0.50244140625 0.01318359375 0.02587890625
0 0.015625 0.36474609375 0.0087890625 0.015625
0 0.1865234375 0.70947265625 0.01708984375 0.0302734375
0 0.388671875 0.6298828125 0.0146484375 0.02880859375
0 0.099609375 0.4365234375 0.009765625 0.0205078125
0 0.64013671875 0.4921875 0.0146484375 0.0302734375
0 0.11279296875 0.58349609375 0.01953125 0.02978515625
0 0.6748046875 0.638671875 0.01611328125 0.03515625
0 0.3544921875 0.263671875 0.009765625 0.01806640625
0 0.5771484375 0.7587890625 0.017578125 0.03369140625
0 0.25 0.716796875 0.0126953125 0.02197265625
0 0.6611328125 0.58251953125 0.01611328125 0.03125
0 0.33935546875 0.30859375 0.00927734375 0.0146484375
0 0.2802734375 0.830078125 0.033203125 0.04345703125
0 0.09326171875 0.58203125 0.01904296875 0.02978515625
0 0.26220703125 0.279296875 0.01025390625 0.02490234375
0 0.5458984375 0.4658203125 0.017578125 0.02197265625
0 0.12451171875 0.82177734375 0.02685546875 0.03857421875
0 0.64208984375 0.443359375 0.01220703125 0.0302734375
0 0.1611328125 0.35400390625 0.0126953125 0.0205078125
0 0.3359375 0.3564453125 0.015625 0.01904296875
0 0.080078125 0.474609375 0.0166015625 0.02197265625
0 0.1220703125 0.8037109375 0.0244140625 0.03271484375
0 0.3291015625 0.26953125 0.01025390625 0.017578125
0 0.00439453125 0.36328125 0.00830078125 0.01708984375
0 0.10400390625 0.59375 0.0205078125 0.02783203125
0 0.2646484375 0.75390625 0.02587890625 0.03466796875
0 0.63671875 0.60302734375 0.02099609375 0.0322265625
0 0.2294921875 0.25244140625 0.0078125 0.01220703125
0 0.376953125 0.400390625 0.01708984375 0.025390625
0 0.30517578125 0.26220703125 0.01123046875 0.01611328125
0 0.6630859375 0.49755859375 0.01806640625 0.02685546875
0 0.68798828125 0.65478515625 0.02001953125 0.0361328125
0 0.1650390625 0.7587890625 0.02880859375 0.0322265625
0 0.19921875 0.54150390625 0.0166015625 0.02734375
0 0.4140625 0.31884765625 0.009765625 0.01904296875
0 0.50244140625 0.7626953125 0.02197265625 0.02587890625
0 0.1591796875 0.2734375 0.01123046875 0.02001953125
0 0.25732421875 0.541015625 0.01806640625 0.02099609375
0 0.2314453125 0.91162109375 0.02392578125 0.0400390625
0 0.1806640625 0.32763671875 0.013671875 0.0205078125
0 0.2001953125 0.82177734375 0.02490234375 0.03759765625
0 0.58447265625 0.48046875 0.0224609375 0.02685546875
0 0.2724609375 0.98681640625 0.02294921875 0.0263671875
0 0.0244140625 0.724609375 0.02490234375 0.03466796875
0 0.15185546875 0.716796875 0.02587890625 0.0322265625
0 0.34765625 0.68701171875 0.0234375 0.0322265625
0 0.1826171875 0.86328125 0.02685546875 0.04345703125
0 0.24560546875 0.5625 0.0205078125 0.02392578125
0 0.22900390625 0.76220703125 0.02587890625 0.033203125
0 0.341796875 0.29736328125 0.01513671875 0.02099609375
0 0.24755859375 0.73291015625 0.0224609375 0.02490234375
0 0.3955078125 0.30859375 0.01220703125 0.01611328125
0 0.03857421875 0.48681640625 0.0146484375 0.0234375
0 0.13427734375 0.28173828125 0.0068359375 0.0126953125
0 0.01708984375 0.892578125 0.02978515625 0.041015625
0 0.099609375 0.533203125 0.01953125 0.02587890625
0 0.02880859375 0.30419921875 0.01220703125 0.01513671875
0 0.3115234375 0.39501953125 0.015625 0.02001953125
0 0.3564453125 0.33544921875 0.01416015625 0.01513671875
0 0.2109375 0.4970703125 0.01953125 0.0244140625
0 0.2509765625 0.595703125 0.017578125 0.021484375
0 0.7421875 0.7919921875 0.017578125 0.04345703125
0 0.490234375 0.62451171875 0.01904296875 0.03125
0 0.064453125 0.46923828125 0.0166015625 0.02294921875
0 0.14892578125 0.81103515625 0.03173828125 0.03515625
0 0.32080078125 0.34326171875 0.0185546875 0.01904296875
0 0.0927734375 0.693359375 0.02392578125 0.03369140625
0 0.0302734375 0.62939453125 0.0146484375 0.0185546875
0 0.09521484375 0.85107421875 0.03076171875 0.03759765625
0 0.466796875 0.7802734375 0.0302734375 0.0380859375
0 0.0966796875 0.26953125 0.01171875 0.01611328125
0 0.50341796875 0.43505859375 0.017578125 0.02392578125
0 0.287109375 0.5927734375 0.01904296875 0.029296875
0 0.421875 0.6162109375 0.02099609375 0.03076171875
0 0.3388671875 0.33642578125 0.01806640625 0.02099609375
0 0.02783203125 0.78759765625 0.025390625 0.0322265625
0 0.072265625 0.646484375 0.0244140625 0.029296875
0 0.31640625 0.27734375 0.0146484375 0.0185546875
0 0.64111328125 0.767578125 0.033203125 0.03759765625
0 0.01611328125 0.703125 0.0302734375 0.02978515625
0 0.20947265625 0.98291015625 0.04150390625 0.03369140625
0 0.53955078125 0.818359375 0.0341796875 0.03857421875
0 0.3994140625 0.32373046875 0.013671875 0.01953125
0 0.40234375 0.3955078125 0.01904296875 0.02490234375
0 0.49951171875 0.57763671875 0.017578125 0.0283203125
0 0.6279296875 0.6357421875 0.02392578125 0.03076171875
0 0.0703125 0.53662109375 0.0146484375 0.02197265625
0 0.57666015625 0.39208984375 0.01806640625 0.0244140625
0 0.251953125 0.61328125 0.015625 0.02490234375
0 0.36962890625 0.337890625 0.01806640625 0.02001953125
0 0.2685546875 0.31884765625 0.01708984375 0.02001953125
0 0.43701171875 0.4150390625 0.0146484375 0.0224609375
0 0.041015625 0.8779296875 0.033203125 0.0390625
0 0.45361328125 0.5927734375 0.02001953125 0.0283203125
0 0.44921875 0.63427734375 0.0234375 0.03125
0 0.5712890625 0.583984375 0.01513671875 0.02734375
0 0.40673828125 0.544921875 0.02099609375 0.02685546875
0 0.36767578125 0.431640625 0.01708984375 0.0205078125
0 0.400390625 0.30078125 0.01708984375 0.0185546875
0 0.509765625 0.78662109375 0.02734375 0.03271484375
0 0.02294921875 0.380859375 0.017578125 0.0224609375
0 0.0146484375 0.974609375 0.029296875 0.03955078125
0 0.30078125 0.29150390625 0.0166015625 0.01904296875
0 0.44140625 0.666015625 0.0244140625 0.03173828125
0 0.1767578125 0.56982421875 0.021484375 0.0263671875
0 0.1279296875 0.48974609375 0.01611328125 0.02587890625
0 0.18408203125 0.58740234375 0.02490234375 0.015625
0 0.00537109375 0.8408203125 0.01025390625 0.03125
0 0.54638671875 0.6640625 0.02685546875 0.03369140625
0 0.2158203125 0.25146484375 0.01318359375 0.01611328125
0 0.1962890625 0.45068359375 0.01953125 0.02197265625
0 0.6015625 0.53857421875 0.0185546875 0.02734375
0 0.3994140625 0.484375 0.01953125 0.02490234375
0 0.11865234375 0.28515625 0.01025390625 0.0078125
0 0.0986328125 0.98486328125 0.033203125 0.02978515625
0 0.66259765625 0.54248046875 0.0283203125 0.03076171875
0 0.1943359375 0.2451171875 0.0126953125 0.01513671875
0 0.07177734375 0.32373046875 0.0166015625 0.017578125
0 0.4541015625 0.3203125 0.01611328125 0.0185546875
0 0.54736328125 0.580078125 0.02734375 0.02880859375
0 0.5849609375 0.6181640625 0.0244140625 0.0322265625
0 0.2666015625 0.24658203125 0.01220703125 0.0166015625
0 0.03515625 0.43359375 0.017578125 0.0205078125
0 0.4345703125 0.5244140625 0.0185546875 0.017578125
0 0.56884765625 0.673828125 0.03125 0.0322265625
0 0.4609375 0.81884765625 0.02734375 0.0341796875
0 0.00537109375 0.26953125 0.0107421875 0.017578125
0 0.6572265625 0.46142578125 0.02490234375 0.02978515625
0 0.49609375 0.3876953125 0.01904296875 0.0244140625
0 0.72802734375 0.7236328125 0.02880859375 0.037109375
0 0.15771484375 0.89306640625 0.03125 0.03955078125
0 0.05078125 0.71484375 0.02587890625 0.033203125
0 0.72021484375 0.5498046875 0.02294921875 0.03125
0 0.359375 0.75927734375 0.02490234375 0.029296875
0 0.6044921875 0.39453125 0.0205078125 0.02294921875
0 0.00439453125 0.79833984375 0.0087890625 0.0322265625
0 0.396484375 0.29052734375 0.01123046875 0.01171875
0 0.048828125 0.2548828125 0.013671875 0.01611328125
0 0.3154296875 0.30859375 0.01220703125 0.0126953125
0 0.6318359375 0.67236328125 0.033203125 0.037109375
0 0.60595703125 0.47412109375 0.0263671875 0.015625
0 0.005859375 0.25 0.0107421875 0.01171875
0 0.533203125 0.4658203125 0.0244140625 0.0185546875
0 0.4130859375 0.30224609375 0.01123046875 0.0146484375
0 0.408203125 0.1826171875 0.01025390625 0.015625