0 0.8837890625 0.4951171875 0.056640625 0.05908203125
0 0.78662109375 0.5244140625 0.02978515625 0.02734375
0 0.06298828125 0.509765625 0.03271484375 0.02197265625
0 0.66455078125 0.52685546875 0.044921875 0.05224609375
0 0.6689453125 0.84814453125 0.07470703125 0.08984375
0 0.96728515625 0.583984375 0.0595703125 0.06689453125
0 0.93701171875 0.73779296875 0.08544921875 0.07666015625
0 0.74365234375 0.45751953125 0.03564453125 0.041015625
0 0.953125 0.81884765625 0.08740234375 0.08544921875
0 0.51025390625 0.64501953125 0.0458984375 0.06201171875
0 0.7060546875 0.75341796875 0.04736328125 0.08544921875
0 0.5771484375 0.51806640625 0.044921875 0.04931640625
0 0.408203125 0.61474609375 0.02978515625 0.060546875
0 0.90087890625 0.392578125 0.03466796875 0.03271484375
0 0.9736328125 0.4443359375 0.04345703125 0.0341796875
0 0.458984375 0.748046875 0.0341796875 0.04296875
0 0.22265625 0.48388671875 0.03271484375 0.0263671875
0 0.59423828125 0.7353515625 0.05712890625 0.0869140625
0 0.13916015625 0.873046875 0.07470703125 0.09228515625
0 0.02587890625 0.603515625 0.04052734375 0.0537109375
0 0.73388671875 0.73828125 0.0380859375 0.095703125
0 0.82177734375 0.419921875 0.0537109375 0.046875
0 0.4853515625 0.5771484375 0.02587890625 0.056640625
0 0.7607421875 0.66015625 0.0576171875 0.0693359375
0 0.50341796875 0.759765625 0.0634765625 0.08056640625
0 0.2470703125 0.37841796875 0.021484375 0.01953125
0 0.427734375 0.54248046875 0.04638671875 0.05126953125
0 0.19970703125 0.88623046875 0.07177734375 0.08984375
0 0.7236328125 0.60107421875 0.05078125 0.0341796875
0 0.16650390625 0.685546875 0.05126953125 0.064453125
0 0.95751953125 0.25927734375 0.0322265625 0.03125
0 0.57275390625 0.48486328125 0.04296875 0.0390625
0 0.74169921875 0.2490234375 0.025390625 0.02783203125
0 0.02734375 0.3984375 0.0380859375 0.0390625
0 0.119140625 0.66357421875 0.05029296875 0.064453125
0 0.98046875 0.310546875 0.0390625 0.0341796875
0 0.671875 0.24560546875 0.0244140625 0.01953125
0 0.076171875 0.5947265625 0.02294921875 0.0283203125
0 0.02685546875 0.74365234375 0.05029296875 0.04833984375
0 0.435546875 0.44921875 0.0400390625 0.04052734375
0 0.6142578125 0.3818359375 0.03369140625 0.0361328125
0 0.1865234375 0.259765625 0.02197265625 0.0224609375
0 0.2451171875 0.79638671875 0.06103515625 0.07421875
0 0.392578125 0.33642578125 0.02783203125 0.01513671875
0 0.98583984375 0.54833984375 0.02783203125 0.0419921875
0 0.01220703125 0.203125 0.01220703125 0.0087890625
0 0.19140625 0.51318359375 0.04443359375 0.0458984375
0 0.70947265625 0.35400390625 0.03759765625 0.03515625
0 0.06494140625 0.42919921875 0.03759765625 0.03857421875
0 0.25634765625 0.7001953125 0.0595703125 0.072265625
0 0.091796875 0.56884765625 0.052734375 0.05419921875
0 0.314453125 0.4609375 0.02734375 0.02392578125
0 0.59716796875 0.25390625 0.03076171875 0.0263671875
0 0.0126953125 0.25390625 0.01318359375 0.021484375
0 0.3818359375 0.45849609375 0.044921875 0.0478515625
0 0.45703125 0.5712890625 0.03955078125 0.0244140625
0 0.77783203125 0.2294921875 0.03125 0.02880859375
0 0.94775390625 0.37646484375 0.0361328125 0.03759765625
0 0.83056640625 0.353515625 0.0380859375 0.03564453125
0 0.81396484375 0.26318359375 0.0302734375 0.02783203125
0 0.29833984375 0.552734375 0.04736328125 0.05224609375
0 0.1806640625 0.41015625 0.03125 0.0361328125
0 0.798828125 0.287109375 0.02978515625 0.0283203125
0 0.814453125 0.341796875 0.03759765625 0.03466796875
0 0.18994140625 0.3173828125 0.02587890625 0.03125
0 0.2509765625 0.5390625 0.0439453125 0.02587890625
0 0.02880859375 0.19921875 0.0087890625 0.0107421875
0 0.60205078125 0.291015625 0.0234375 0.02783203125
0 0.51318359375 0.474609375 0.0322265625 0.0322265625
0 0.87548828125 0.2568359375 0.033203125 0.03515625
0 0.50146484375 0.50830078125 0.02685546875 0.02587890625
0 0.53466796875 0.26904296875 0.02880859375 0.0263671875
0 0.01220703125 0.28515625 0.013671875 0.0234375
0 0.55615234375 0.2861328125 0.01953125 0.02392578125
0 0.27392578125 0.2177734375 0.021484375 0.01806640625
0 0.12353515625 0.37255859375 0.029296875 0.03271484375
0 0.1015625 0.1748046875 0.0107421875 0.0185546875
0 0.2646484375 0.1962890625 0.0166015625 0.01123046875
0 0.11962890625 0.48388671875 0.0419921875 0.04833984375
0 0.90576171875 0.26904296875 0.03173828125 0.033203125
0 0.66650390625 0.20654296875 0.021484375 0.02392578125
0 0.0263671875 0.28857421875 0.02099609375 0.02490234375
0 0.41796875 0.38818359375 0.04150390625 0.0380859375
0 0.01123046875 0.7021484375 0.02197265625 0.03369140625
0 0.693359375 0.69482421875 0.04150390625 0.09228515625
0 0.2451171875 0.28125 0.025390625 0.02783203125
0 0.4345703125 0.306640625 0.01904296875 0.02734375
0 0.23388671875 0.57861328125 0.044921875 0.0576171875
0 0.47802734375 0.20703125 0.02001953125 0.021484375
0 0.0224609375 0.50634765625 0.03271484375 0.048828125
0 0.3330078125 0.2060546875 0.017578125 0.01318359375
0 0.2998046875 0.365234375 0.02490234375 0.02978515625
0 0.36328125 0.65576171875 0.0361328125 0.068359375
0 0.97900390625 0.34326171875 0.0244140625 0.0302734375
0 0.296875 0.515625 0.048828125 0.0380859375
0 0.0791015625 0.171875 0.01416015625 0.01611328125
0 0.4638671875 0.275390625 0.02880859375 0.02783203125
0 0.93505859375 0.30126953125 0.03271484375 0.0322265625
0 0.28173828125 0.34375 0.03076171875 0.0302734375
0 0.58837890625 0.4404296875 0.0390625 0.0419921875
0 0.68310546875 0.326171875 0.0234375 0.02978515625
0 0.61669921875 0.45849609375 0.0439453125 0.044921875
0 0.30322265625 0.2294921875 0.02001953125 0.0205078125
0 0.51318359375 0.2177734375 0.02001953125 0.025390625
0 0.3369140625 0.6630859375 0.044921875 0.06396484375
0 0.240234375 0.32080078125 0.03125 0.02783203125
0 0.306640625 0.16796875 0.02001953125 0.01904296875
0 0.1298828125 0.28076171875 0.01904296875 0.02197265625
0 0.09716796875 0.30224609375 0.02587890625 0.029296875
0 0.06494140625 0.3876953125 0.03662109375 0.0380859375
0 0.3203125 0.2919921875 0.0283203125 0.02685546875
0 0.4638671875 0.23583984375 0.0185546875 0.025390625
0 0.20458984375 0.771484375 0.03564453125 0.0478515625
0 0.73486328125 0.21875 0.02099609375 0.02392578125
0 0.3369140625 0.49072265625 0.0322265625 0.04638671875
0 0.533203125 0.458984375 0.03857421875 0.0458984375
0 0.0537109375 0.47607421875 0.03662109375 0.044921875
0 0.75048828125 0.33447265625 0.02880859375 0.03564453125
0 0.20947265625 0.4208984375 0.03759765625 0.03955078125
0 0.97998046875 0.3720703125 0.03369140625 0.0341796875
0 0.2470703125 0.42431640625 0.03369140625 0.04052734375
0 0.64111328125 0.248046875 0.02001953125 0.0185546875
0 0.3447265625 0.37255859375 0.03271484375 0.03515625
0 0.32568359375 0.228515625 0.02099609375 0.02294921875
0 0.2197265625 0.236328125 0.017578125 0.0224609375
0 0.91552734375 0.31982421875 0.03125 0.03076171875
0 0.244140625 0.908203125 0.083984375 0.109375
0 0.4892578125 0.22705078125 0.01708984375 0.02392578125
0 0.1240234375 0.455078125 0.03662109375 0.03515625
0 0.89013671875 0.31689453125 0.0322265625 0.0322265625
0 0.2216796875 0.21337890625 0.02099609375 0.02099609375
0 0.11962890625 0.2138671875 0.017578125 0.02880859375
0 0.2685546875 0.45849609375 0.033203125 0.04296875
0 0.80517578125 0.24462890625 0.015625 0.02001953125
0 0.13037109375 0.22265625 0.02392578125 0.021484375
0 0.53125 0.32275390625 0.033203125 0.03173828125
0 0.099609375 0.638671875 0.0302734375 0.05859375
0 0.21484375 0.16845703125 0.015625 0.01904296875
0 0.53271484375 0.39404296875 0.0400390625 0.03662109375
0 0.1171875 0.17529296875 0.01171875 0.01171875
0 0.287109375 0.1865234375 0.02001953125 0.02392578125
0 0.54052734375 0.333984375 0.03125 0.02685546875
0 0.1533203125 0.16455078125 0.013671875 0.01708984375
0 0.50048828125 0.32958984375 0.021484375 0.0224609375
0 0.3623046875 0.3134765625 0.02783203125 0.0283203125
0 0.70703125 0.314453125 0.03564453125 0.033203125
0 0.494140625 0.26416015625 0.0244140625 0.02734375
0 0.091796875 0.3837890625 0.0283203125 0.03125
0 0.8056640625 0.3876953125 0.0234375 0.037109375
0 0.32177734375 0.34423828125 0.0341796875 0.0302734375
0 0.48046875 0.39404296875 0.037109375 0.0390625
0 0.3798828125 0.19287109375 0.01416015625 0.01904296875
0 0.7470703125 0.29541015625 0.02783203125 0.0234375
0 0.6513671875 0.435546875 0.0439453125 0.04443359375
0 0.89404296875 0.296875 0.03369140625 0.02783203125
0 0.20654296875 0.3271484375 0.02392578125 0.02685546875
0 0.22119140625 0.1865234375 0.01953125 0.02001953125
0 0.23291015625 0.1767578125 0.01904296875 0.01953125
0 0.1591796875 0.21728515625 0.021484375 0.01953125
0 0.83056640625 0.291015625 0.01953125 0.03125
0 0.3984375 0.44140625 0.029296875 0.0400390625
0 0.359375 0.1806640625 0.01904296875 0.0166015625
0 0.1728515625 0.2041015625 0.0205078125 0.0224609375
0 0.35791015625 0.1962890625 0.02294921875 0.0234375
0 0.306640625 0.25927734375 0.013671875 0.02783203125
0 0.142578125 0.20556640625 0.0126953125 0.017578125
0 0.2958984375 0.4375 0.02392578125 0.04296875
0 0.134765625 0.1787109375 0.013671875 0.017578125
0 0.75 0.3125 0.03173828125 0.033203125
0 0.1689453125 0.18505859375 0.01416015625 0.01708984375
0 0.3046875 0.1962890625 0.0166015625 0.0224609375
0 0.5048828125 0.3896484375 0.033203125 0.0380859375
0 0.15478515625 0.181640625 0.01611328125 0.01806640625
0 0.7138671875 0.2919921875 0.02783203125 0.0205078125
0 0.48681640625 0.37109375 0.0283203125 0.01904296875
0 0.337890625 0.18017578125 0.01171875 0.0068359375
0 0.99560546875 0.4873046875 0.0087890625 0.0224609375
0 0.0087890625 0.8505859375 0.01708984375 0.0283203125