0 0.09130859375 0.740234375 0.044921875 0.08935546875
0 0.15283203125 0.939453125 0.04150390625 0.07080078125
0 0.07763671875 0.70166015625 0.02685546875 0.099609375
0 0.21533203125 0.95654296875 0.04150390625 0.08447265625
0 0.11474609375 0.84423828125 0.04736328125 0.07177734375
0 0.0595703125 0.92626953125 0.0361328125 0.0908203125
0 0.150390625 0.58642578125 0.03515625 0.10791015625
0 0.01953125 0.92919921875 0.0390625 0.0673828125
0 0.20166015625 0.8994140625 0.02978515625 0.08203125
0 0.20556640625 0.6611328125 0.0576171875 0.05078125
0 0.1376953125 0.89501953125 0.0556640625 0.06396484375