0 0.11572265625 0.36865234375 0.0380859375 0.0517578125
0 0.16650390625 0.81689453125 0.0283203125 0.0439453125
0 0.361328125 0.07666015625 0.0361328125 0.044921875
0 0.48046875 0.54052734375 0.0263671875 0.044921875
0 0.357421875 0.85693359375 0.048828125 0.0546875
0 0.22021484375 0.1572265625 0.029296875 0.0478515625
0 0.4140625 0.28173828125 0.03125 0.05078125
0 0.3837890625 0.49169921875 0.033203125 0.0576171875
0 0.42578125 0.09912109375 0.0341796875 0.0390625
0 0.443359375 0.2265625 0.0302734375 0.0546875
0 0.376953125 0.22509765625 0.037109375 0.052734375
0 0.19140625 0.4765625 0.0322265625 0.041015625
0 0.2490234375 0.11328125 0.029296875 0.0517578125
0 0.275390625 0.48876953125 0.0283203125 0.0478515625
0 0.40234375 0.9658203125 0.03515625 0.0478515625
0 0.41650390625 0.59033203125 0.0390625 0.0537109375
0 0.220703125 0.78076171875 0.0302734375 0.0498046875
0 0.33251953125 0.92724609375 0.044921875 0.046875
0 0.03271484375 0.3857421875 0.037109375 0.0458984375
0 0.05126953125 0.45068359375 0.0244140625 0.044921875
0 0.4560546875 0.16845703125 0.02734375 0.046875
0 0.27294921875 0.43359375 0.0263671875 0.0458984375
0 0.29345703125 0.86376953125 0.05078125 0.0634765625
0 0.47265625 0.125 0.0341796875 0.05859375
0 0.39404296875 0.0673828125 0.0263671875 0.046875
0 0.40576171875 0.1865234375 0.0322265625 0.05078125
0 0.45703125 0.28857421875 0.0302734375 0.048828125
0 0.21923828125 0.58154296875 0.021484375 0.0283203125
0 0.38525390625 0.78369140625 0.0419921875 0.0615234375
0 0.35693359375 0.30908203125 0.0283203125 0.056640625
0 0.43310546875 0.06298828125 0.0390625 0.04296875
0 0.396484375 0.91943359375 0.064453125 0.1005859375
0 0.25537109375 0.29150390625 0.0224609375 0.041015625
0 0.388671875 0.220703125 0.025390625 0.041015625
0 0.44677734375 0.48779296875 0.0400390625 0.0498046875
0 0.05810546875 0.3251953125 0.033203125 0.037109375
0 0.22265625 0.86181640625 0.0361328125 0.044921875
0 0.62451171875 0.1826171875 0.03515625 0.05078125
0 0.05419921875 0.703125 0.029296875 0.0517578125
0 0.4169921875 0.8935546875 0.0244140625 0.0439453125
0 0.33154296875 0.16015625 0.037109375 0.048828125