0 0.52001953125 0.7861328125 0.021484375 0.0400390625
0 0.451171875 0.76171875 0.013671875 0.033203125
0 0.83349609375 0.81005859375 0.0166015625 0.0380859375
0 0.8125 0.685546875 0.013671875 0.02734375
0 0.40234375 0.87255859375 0.017578125 0.0390625
0 0.498046875 0.7958984375 0.0126953125 0.0341796875
0 0.78173828125 0.69189453125 0.0126953125 0.0302734375
0 0.56591796875 0.70751953125 0.0185546875 0.0283203125
0 0.8203125 0.74267578125 0.0146484375 0.03515625
0 0.91015625 0.64599609375 0.013671875 0.0234375
0 0.89404296875 0.66845703125 0.015625 0.02734375
0 0.92724609375 0.6865234375 0.0126953125 0.0341796875
0 0.74462890625 0.7119140625 0.015625 0.033203125
0 0.52197265625 0.71728515625 0.017578125 0.0283203125
0 0.61767578125 0.8447265625 0.017578125 0.0400390625
0 0.93603515625 0.7158203125 0.0146484375 0.0302734375
0 0.57470703125 0.73095703125 0.0166015625 0.0322265625
0 0.7744140625 0.85498046875 0.0146484375 0.0400390625
0 0.6708984375 0.8798828125 0.017578125 0.04296875
0 0.86669921875 0.77978515625 0.013671875 0.03515625
0 0.67333984375 0.73486328125 0.009765625 0.025390625
0 0.77294921875 0.7646484375 0.017578125 0.0361328125
0 0.6220703125 0.69189453125 0.009765625 0.0283203125
0 0.69970703125 0.82275390625 0.0224609375 0.0380859375
0 0.654296875 0.85107421875 0.0205078125 0.0419921875
0 0.7421875 0.869140625 0.0205078125 0.04296875
0 0.705078125 0.86962890625 0.0185546875 0.046875
0 0.31689453125 0.8046875 0.0205078125 0.0263671875
0 0.36474609375 0.88525390625 0.01953125 0.0302734375
0 0.4013671875 0.9365234375 0.0263671875 0.0546875
0 0.95166015625 0.72509765625 0.0224609375 0.0361328125
0 0.5263671875 0.884765625 0.01953125 0.044921875
0 0.8173828125 0.82958984375 0.0224609375 0.04296875
0 0.462890625 0.91845703125 0.029296875 0.0263671875
0 0.283203125 0.92236328125 0.017578125 0.05078125
0 0.966796875 0.79736328125 0.013671875 0.04296875
0 0.4990234375 0.91357421875 0.0166015625 0.0498046875
0 0.48876953125 0.8974609375 0.0283203125 0.025390625
0 0.994140625 0.89013671875 0.01171875 0.0498046875
0 0.314453125 0.82470703125 0.0263671875 0.0390625
0 0.11328125 0.98291015625 0.029296875 0.0341796875
0 0.6865234375 0.96484375 0.021484375 0.05078125
0 0.1640625 0.87548828125 0.02734375 0.046875
0 0.17822265625 0.888671875 0.0263671875 0.041015625
0 0.94482421875 0.94287109375 0.017578125 0.05859375
0 0.2431640625 0.796875 0.015625 0.017578125
0 0.55517578125 0.955078125 0.021484375 0.03125
0 0.5224609375 0.931640625 0.029296875 0.025390625
0 0.98095703125 0.7890625 0.01953125 0.0244140625
0 0.46240234375 0.87255859375 0.033203125 0.0478515625
0 0.212890625 0.97802734375 0.01953125 0.0439453125
0 0.9697265625 0.9658203125 0.0166015625 0.0205078125
0 0.658203125 0.97412109375 0.0205078125 0.033203125
0 0.724609375 0.9775390625 0.021484375 0.0234375
0 0.37890625 0.9931640625 0.029296875 0.013671875
0 0.43212890625 0.9912109375 0.0439453125 0.017578125
0 0.02783203125 0.90478515625 0.015625 0.0263671875
0 0.18408203125 0.9921875 0.0341796875 0.015625
0 0.3525390625 0.9267578125 0.0166015625 0.0478515625
0 0.50439453125 0.99365234375 0.0283203125 0.0126953125
0 0.708984375 0.98095703125 0.0185546875 0.0166015625
0 0.14990234375 0.8701171875 0.015625 0.0263671875
0 0.99267578125 0.5341796875 0.013671875 0.01953125
0 0.169921875 0.861328125 0.013671875 0.0166015625