0 0.22216796875 0.4658203125 0.064453125 0.080078125
0 0.23388671875 0.2880859375 0.0458984375 0.064453125
0 0.2158203125 0.9033203125 0.1044921875 0.1171875
0 0.33544921875 0.4150390625 0.0634765625 0.0712890625
0 0.30517578125 0.35009765625 0.048828125 0.076171875
0 0.83349609375 0.740234375 0.072265625 0.08984375
0 0.564453125 0.28564453125 0.0556640625 0.0595703125
0 0.11669921875 0.17626953125 0.0439453125 0.0517578125
0 0.5419921875 0.3271484375 0.05859375 0.0634765625
0 0.42626953125 0.25634765625 0.046875 0.0546875
0 0.169921875 0.09912109375 0.0400390625 0.0380859375
0 0.107421875 0.74072265625 0.080078125 0.11328125
0 0.5380859375 0.4248046875 0.0732421875 0.07421875
0 0.708984375 0.3291015625 0.0498046875 0.060546875
0 0.91845703125 0.67041015625 0.0576171875 0.09375
0 0.20751953125 0.173828125 0.0419921875 0.046875
0 0.8896484375 0.56396484375 0.0595703125 0.0888671875
0 0.1748046875 0.2646484375 0.033203125 0.0546875
0 0.24658203125 0.18701171875 0.037109375 0.0517578125
0 0.3671875 0.16162109375 0.033203125 0.041015625
0 0.2763671875 0.2646484375 0.0498046875 0.068359375
0 0.74462890625 0.541015625 0.0537109375 0.09375
0 0.30126953125 0.3095703125 0.048828125 0.0556640625
0 0.5947265625 0.328125 0.0634765625 0.0615234375
0 0.126953125 0.0302734375 0.03125 0.03125
0 0.37353515625 0.3662109375 0.046875 0.06640625
0 0.69091796875 0.23388671875 0.044921875 0.0556640625
0 0.4521484375 0.25146484375 0.041015625 0.046875
0 0.5546875 0.373046875 0.0517578125 0.0673828125
0 0.25341796875 0.12255859375 0.0283203125 0.041015625
0 0.7998046875 0.46923828125 0.044921875 0.0771484375
0 0.55224609375 0.265625 0.0576171875 0.05078125
0 0.27783203125 0.1298828125 0.0361328125 0.041015625
0 0.984375 0.52783203125 0.03125 0.0732421875
0 0.3125 0.1328125 0.0390625 0.052734375
0 0.2060546875 0.24169921875 0.044921875 0.033203125
0 0.71044921875 0.29296875 0.0234375 0.0302734375
0 0.08984375 0.0078125 0.033203125 0.015625
0 0.56640625 0.2578125 0.029296875 0.029296875
0 0.58154296875 0.28564453125 0.017578125 0.021484375
0 0.14501953125 0.11181640625 0.0458984375 0.0498046875
0 0.07763671875 0.04541015625 0.0302734375 0.05078125