0 0.86376953125 0.28564453125 0.044921875 0.0576171875
0 0.837890625 0.2822265625 0.0478515625 0.056640625
0 0.05419921875 0.54931640625 0.048828125 0.111328125
0 0.27734375 0.9189453125 0.0673828125 0.0830078125
0 0.30029296875 0.765625 0.064453125 0.095703125
0 0.13916015625 0.580078125 0.046875 0.095703125
0 0.2099609375 0.70947265625 0.0498046875 0.1044921875
0 0.8505859375 0.525390625 0.0390625 0.08203125
0 0.21533203125 0.97802734375 0.0458984375 0.0439453125
0 0.73095703125 0.697265625 0.0517578125 0.068359375
0 0.90234375 0.55419921875 0.0419921875 0.0810546875
0 0.56787109375 0.82861328125 0.046875 0.064453125
0 0.7998046875 0.75732421875 0.0634765625 0.1044921875
0 0.47021484375 0.87255859375 0.0400390625 0.0830078125
0 0.865234375 0.37255859375 0.0439453125 0.064453125
0 0.904296875 0.1650390625 0.04296875 0.08203125
0 0.8720703125 0.33837890625 0.0419921875 0.0771484375
0 0.43994140625 0.8037109375 0.0556640625 0.0888671875