0 0.4775390625 0.1962890625 0.048828125 0.0654296875
0 0.54052734375 0.27978515625 0.0439453125 0.0703125
0 0.4404296875 0.01953125 0.03125 0.0390625
0 0.88232421875 0.173828125 0.0283203125 0.080078125
0 0.9443359375 0.16259765625 0.03515625 0.0810546875
0 0.72412109375 0.13232421875 0.0498046875 0.0751953125
0 0.935546875 0.037109375 0.03125 0.04296875
0 0.693359375 0.11572265625 0.0498046875 0.08984375
0 0.46826171875 0.177734375 0.0283203125 0.029296875
0 0.7919921875 0.037109375 0.0107421875 0.0546875
0 0.9833984375 0.11181640625 0.033203125 0.0810546875