0 0.20751953125 0.572265625 0.0224609375 0.02734375
0 0.2255859375 0.35791015625 0.0224609375 0.021484375
0 0.166015625 0.416015625 0.0205078125 0.025390625
0 0.58642578125 0.9013671875 0.0224609375 0.033203125
0 0.77099609375 0.74365234375 0.029296875 0.02734375
0 0.40185546875 0.439453125 0.01953125 0.0234375
0 0.73486328125 0.63232421875 0.0244140625 0.025390625
0 0.79052734375 0.74169921875 0.021484375 0.0322265625
0 0.70751953125 0.90966796875 0.01953125 0.0380859375
0 0.5625 0.78173828125 0.0244140625 0.041015625
0 0.33056640625 0.494140625 0.0205078125 0.033203125
0 0.6689453125 0.76953125 0.0205078125 0.0322265625
0 0.35888671875 0.634765625 0.0185546875 0.0341796875
0 0.56591796875 0.5166015625 0.015625 0.03125
0 0.37451171875 0.5498046875 0.0205078125 0.0322265625
0 0.31787109375 0.4482421875 0.017578125 0.033203125
0 0.517578125 0.67919921875 0.017578125 0.0390625
0 0.5888671875 0.802734375 0.0205078125 0.04296875
0 0.7548828125 0.6181640625 0.0166015625 0.0361328125
0 0.31640625 0.77392578125 0.0205078125 0.0390625
0 0.544921875 0.6748046875 0.017578125 0.0390625
0 0.4150390625 0.4755859375 0.0185546875 0.037109375
0 0.05712890625 0.72216796875 0.0205078125 0.03515625
0 0.35009765625 0.9541015625 0.021484375 0.037109375
0 0.2099609375 0.416015625 0.0146484375 0.0341796875
0 0.59765625 0.7265625 0.0234375 0.037109375
0 0.37109375 0.947265625 0.0185546875 0.037109375
0 0.22998046875 0.66650390625 0.0205078125 0.0361328125
0 0.21533203125 0.912109375 0.0205078125 0.0361328125
0 0.1005859375 0.66650390625 0.0234375 0.03125
0 0.2529296875 0.68896484375 0.017578125 0.03515625
0 0.36328125 0.58349609375 0.017578125 0.0341796875
0 0.05224609375 0.60595703125 0.0322265625 0.052734375
0 0.337890625 0.57373046875 0.0146484375 0.037109375
0 0.11865234375 0.443359375 0.017578125 0.0361328125
0 0.00830078125 0.65771484375 0.0166015625 0.0361328125
0 0.03662109375 0.73681640625 0.0166015625 0.041015625
0 0.00732421875 0.5107421875 0.0146484375 0.04296875
0 0.25830078125 0.76171875 0.01953125 0.029296875
0 0.51171875 0.98974609375 0.015625 0.0205078125
0 0.0986328125 0.822265625 0.021484375 0.0361328125
0 0.19140625 0.8359375 0.015625 0.03125
0 0.0322265625 0.70166015625 0.0166015625 0.0390625
0 0.1513671875 0.5322265625 0.0166015625 0.0380859375
0 0.255859375 0.744140625 0.017578125 0.04296875
0 0.43798828125 0.6015625 0.0166015625 0.0390625
0 0.0400390625 0.63232421875 0.017578125 0.037109375
0 0.04931640625 0.78466796875 0.01953125 0.0361328125
0 0.08154296875 0.65185546875 0.015625 0.0361328125
0 0.00927734375 0.72607421875 0.0185546875 0.0390625
0 0.08154296875 0.697265625 0.0224609375 0.03515625
0 0.18212890625 0.7158203125 0.01953125 0.0380859375
0 0.10791015625 0.77197265625 0.0166015625 0.03515625
0 0.0576171875 0.9013671875 0.0224609375 0.0380859375
0 0.20361328125 0.69921875 0.0146484375 0.0322265625
0 0.13671875 0.904296875 0.017578125 0.037109375
0 0.2939453125 0.8759765625 0.0185546875 0.041015625
0 0.09033203125 0.75927734375 0.0166015625 0.03515625
0 0.3564453125 0.677734375 0.0205078125 0.0380859375
0 0.09130859375 0.89013671875 0.0234375 0.0400390625
0 0.00341796875 0.5048828125 0.0068359375 0.0390625
0 0.0458984375 0.59619140625 0.013671875 0.029296875
0 0.38916015625 0.43310546875 0.01171875 0.01953125
0 0.00244140625 0.48974609375 0.0048828125 0.0361328125
0 0.94091796875 0.634765625 0.0185546875 0.0263671875
0 0.14404296875 0.767578125 0.02734375 0.0478515625
0 0.12451171875 0.77001953125 0.03125 0.056640625