0 0.86962890625 0.44287109375 0.02734375 0.0341796875
0 0.98291015625 0.2470703125 0.021484375 0.029296875
0 0.7236328125 0.43896484375 0.0205078125 0.029296875
0 0.78466796875 0.22314453125 0.0185546875 0.0341796875
0 0.8330078125 0.58056640625 0.0224609375 0.03125
0 0.56640625 0.16357421875 0.0234375 0.0283203125
0 0.66455078125 0.328125 0.0205078125 0.03515625
0 0.61328125 0.11669921875 0.0205078125 0.0380859375
0 0.98828125 0.32421875 0.021484375 0.0302734375
0 0.64306640625 0.3525390625 0.0205078125 0.0302734375
0 0.88330078125 0.51708984375 0.0234375 0.025390625
0 0.64501953125 0.21435546875 0.0205078125 0.029296875
0 0.78759765625 0.3486328125 0.0146484375 0.0361328125
0 0.8046875 0.33740234375 0.0146484375 0.0322265625
0 0.65380859375 0.12109375 0.0185546875 0.0263671875
0 0.7626953125 0.31689453125 0.013671875 0.0380859375
0 0.7783203125 0.61962890625 0.017578125 0.0341796875
0 0.85791015625 0.58740234375 0.021484375 0.0361328125
0 0.818359375 0.26513671875 0.017578125 0.02734375
0 0.5556640625 0.23193359375 0.01953125 0.03125
0 0.9228515625 0.4755859375 0.01953125 0.0244140625
0 0.69970703125 0.4130859375 0.0205078125 0.02734375
0 0.908203125 0.57373046875 0.0234375 0.025390625
0 0.8720703125 0.126953125 0.0185546875 0.0302734375
0 0.99267578125 0.2724609375 0.0146484375 0.0390625
0 0.58837890625 0.0537109375 0.017578125 0.037109375
0 0.685546875 0.06591796875 0.021484375 0.0302734375
0 0.90283203125 0.19921875 0.017578125 0.02734375
0 0.59765625 0.31787109375 0.0146484375 0.037109375
0 0.9375 0.62255859375 0.017578125 0.03515625
0 0.61767578125 0.03271484375 0.017578125 0.0341796875
0 0.67724609375 0.328125 0.0185546875 0.033203125
0 0.75390625 0.09716796875 0.01953125 0.029296875
0 0.96240234375 0.02490234375 0.0166015625 0.01953125
0 0.837890625 0.0322265625 0.0185546875 0.0322265625
0 0.9931640625 0.09228515625 0.013671875 0.0341796875
0 0.87744140625 0.2763671875 0.017578125 0.021484375
0 0.92431640625 0.17138671875 0.013671875 0.021484375
0 0.5458984375 0.59326171875 0.01953125 0.0341796875
0 0.56494140625 0.1298828125 0.0126953125 0.0205078125
0 0.6279296875 0.09814453125 0.0146484375 0.0380859375
0 0.83642578125 0.13720703125 0.0185546875 0.0244140625
0 0.4853515625 0.1796875 0.0205078125 0.0341796875
0 0.90087890625 0.140625 0.01953125 0.0224609375
0 0.34423828125 0.03857421875 0.017578125 0.041015625
0 0.3955078125 0.06298828125 0.0205078125 0.03125
0 0.5908203125 0.1435546875 0.0126953125 0.0322265625
0 0.31005859375 0.01904296875 0.0146484375 0.0380859375
0 0.63916015625 0.0322265625 0.009765625 0.0341796875
0 0.64794921875 0.013671875 0.0166015625 0.0185546875
0 0.39697265625 0.24365234375 0.017578125 0.037109375
0 0.32568359375 0.31787109375 0.0126953125 0.033203125
0 0.41357421875 0.20947265625 0.021484375 0.0234375