0 0.69775390625 0.0634765625 0.009765625 0.01953125
0 0.5849609375 0.07958984375 0.01171875 0.02001953125
0 0.7197265625 0.03955078125 0.01123046875 0.02001953125
0 0.7265625 0.11572265625 0.0146484375 0.021484375
0 0.9091796875 0.11474609375 0.01416015625 0.017578125
0 0.91845703125 0.04443359375 0.01318359375 0.01904296875
0 0.33203125 0.287109375 0.01806640625 0.0263671875
0 0.1923828125 0.2099609375 0.0205078125 0.01708984375
0 0.8720703125 0.0322265625 0.013671875 0.01708984375
0 0.8359375 0.06396484375 0.0126953125 0.01708984375
0 0.853515625 0.03955078125 0.0126953125 0.01904296875
0 0.103515625 0.34326171875 0.01904296875 0.02294921875
0 0.60498046875 0.0771484375 0.013671875 0.0166015625
0 0.88916015625 0.00830078125 0.0126953125 0.0166015625