0 0.3203125 0.673828125 0.013671875 0.01953125
0 0.31494140625 0.66162109375 0.0146484375 0.0146484375
0 0.6357421875 0.66650390625 0.015625 0.01953125
0 0.81591796875 0.69482421875 0.015625 0.0205078125
0 0.84423828125 0.69970703125 0.01953125 0.0224609375
0 0.2646484375 0.6884765625 0.0166015625 0.0205078125
0 0.12548828125 0.68994140625 0.0146484375 0.015625
0 0.1513671875 0.6875 0.0166015625 0.01953125
0 0.0634765625 0.6953125 0.017578125 0.0166015625
0 0.77587890625 0.69580078125 0.0185546875 0.0205078125
0 0.06689453125 0.70849609375 0.0205078125 0.0224609375
0 0.97021484375 0.72412109375 0.0185546875 0.0205078125
0 0.29248046875 0.68115234375 0.015625 0.0224609375
0 0.43212890625 0.66259765625 0.015625 0.01953125
0 0.4189453125 0.66259765625 0.015625 0.0185546875
0 0.86083984375 0.72119140625 0.0126953125 0.013671875
0 0.7568359375 0.83935546875 0.0234375 0.02734375
0 0.64501953125 0.73388671875 0.01953125 0.0234375
0 0.72607421875 0.697265625 0.0185546875 0.021484375
0 0.95361328125 0.72314453125 0.017578125 0.0224609375
0 0.56005859375 0.65185546875 0.01171875 0.017578125
0 0.3544921875 0.6611328125 0.013671875 0.01953125
0 0.56982421875 0.65283203125 0.0107421875 0.0166015625
0 0.611328125 0.79052734375 0.0234375 0.0244140625
0 0.49755859375 0.65478515625 0.01171875 0.01953125
0 0.5947265625 0.74072265625 0.0126953125 0.0234375
0 0.7880859375 0.85595703125 0.0224609375 0.0283203125
0 0.62890625 0.68310546875 0.0107421875 0.021484375
0 0.74755859375 0.7998046875 0.0146484375 0.02734375
0 0.8740234375 0.79248046875 0.0224609375 0.0244140625
0 0.74951171875 0.705078125 0.021484375 0.0283203125
0 0.69384765625 0.80322265625 0.01171875 0.0244140625
0 0.68359375 0.67919921875 0.0107421875 0.01171875
0 0.759765625 0.68505859375 0.01171875 0.0166015625
0 0.69580078125 0.828125 0.0244140625 0.02734375
0 0.38427734375 0.74462890625 0.0126953125 0.0234375
0 0.291015625 0.67236328125 0.0087890625 0.0087890625