0 0.25537109375 0.1787109375 0.01025390625 0.01708984375
0 0.47021484375 0.11181640625 0.013671875 0.01611328125
0 0.12353515625 0.49853515625 0.0146484375 0.017578125
0 0.2724609375 0.16748046875 0.01025390625 0.0166015625
0 0.4052734375 0.12353515625 0.01416015625 0.015625
0 0.10595703125 0.63330078125 0.013671875 0.01806640625
0 0.1845703125 0.41064453125 0.009765625 0.0185546875
0 0.49853515625 0.15283203125 0.0126953125 0.01708984375
0 0.48046875 0.1533203125 0.01220703125 0.01513671875
0 0.41015625 0.18896484375 0.00732421875 0.0205078125
0 0.1005859375 0.33203125 0.0107421875 0.017578125
0 0.22802734375 0.14599609375 0.013671875 0.0205078125
0 0.21435546875 0.1552734375 0.00732421875 0.02099609375
0 0.365234375 0.17626953125 0.00830078125 0.01953125
0 0.08984375 0.330078125 0.00830078125 0.01708984375
0 0.08203125 0.32861328125 0.00830078125 0.017578125
0 0.02490234375 0.70458984375 0.0126953125 0.01611328125
0 0.23828125 0.1298828125 0.0078125 0.02197265625
0 0.14306640625 0.35009765625 0.00732421875 0.01953125
0 0.291015625 0.146484375 0.0126953125 0.0146484375
0 0.1142578125 0.51953125 0.01123046875 0.02001953125
0 0.3076171875 0.21484375 0.009765625 0.015625
0 0.044921875 0.6552734375 0.01513671875 0.0205078125
0 0.138671875 0.23876953125 0.00830078125 0.01416015625
0 0.02734375 0.7177734375 0.01220703125 0.0205078125