0 0.9306640625 0.38134765625 0.0205078125 0.0400390625
0 0.9453125 0.3701171875 0.0283203125 0.0439453125
0 0.87841796875 0.58984375 0.0166015625 0.021484375
0 0.90087890625 0.4580078125 0.01953125 0.0224609375
0 0.99658203125 0.30419921875 0.0068359375 0.0283203125
0 0.93310546875 0.44384765625 0.017578125 0.0185546875
0 0.95068359375 0.55908203125 0.0166015625 0.0166015625
0 0.7373046875 0.8837890625 0.0146484375 0.0234375
0 0.74755859375 0.8330078125 0.017578125 0.0166015625
0 0.69677734375 0.7119140625 0.0146484375 0.0283203125
0 0.978515625 0.27685546875 0.0185546875 0.0205078125
0 0.8984375 0.6435546875 0.017578125 0.0302734375
0 0.8486328125 0.65478515625 0.017578125 0.0166015625
0 0.630859375 0.78759765625 0.0146484375 0.0244140625
0 0.5126953125 0.88037109375 0.0146484375 0.029296875
0 0.63671875 0.98876953125 0.01953125 0.0185546875
0 0.75390625 0.81640625 0.0166015625 0.01953125
0 0.8916015625 0.5009765625 0.017578125 0.0283203125
0 0.7607421875 0.6474609375 0.017578125 0.0244140625
0 0.8603515625 0.64404296875 0.0166015625 0.0166015625
0 0.86767578125 0.65478515625 0.0146484375 0.021484375
0 0.875 0.69580078125 0.0126953125 0.0224609375