0 0.62890625 0.20703125 0.1337890625 0.1904296875
0 0.7587890625 0.30078125 0.12109375 0.2763671875
0 0.4931640625 0.4140625 0.12109375 0.1533203125
0 0.8662109375 0.13671875 0.0673828125 0.2392578125
0 0.9267578125 0.35791015625 0.1396484375 0.1728515625
0 0.3935546875 0.8447265625 0.0869140625 0.26953125
0 0.46435546875 0.53369140625 0.1259765625 0.16796875
0 0.4990234375 0.71826171875 0.142578125 0.189453125
0 0.86962890625 0.9716796875 0.1474609375 0.056640625
0 0.65380859375 0.43359375 0.109375 0.138671875
0 0.62744140625 0.80029296875 0.0703125 0.2490234375
0 0.39697265625 0.34814453125 0.099609375 0.20703125
0 0.8232421875 0.55126953125 0.0908203125 0.201171875
0 0.42578125 0.15771484375 0.115234375 0.1201171875
0 0.7509765625 0.9501953125 0.111328125 0.099609375
0 0.89990234375 0.45751953125 0.1357421875 0.1640625
0 0.796875 0.84619140625 0.1376953125 0.216796875
0 0.5068359375 0.0517578125 0.064453125 0.103515625
0 0.9609375 0.15625 0.078125 0.21875
0 0.7607421875 0.6103515625 0.06640625 0.2568359375
0 0.81689453125 0.61474609375 0.123046875 0.16015625
0 0.8701171875 0.82568359375 0.1396484375 0.2138671875
0 0.74347604296875 0.7352872275390625 0.7044756025390625 0.6643658369140625 0.6178657509765625 0.847915263671875 0.6496205185546875 0.91492474609375 0.74347604296875 0.7352872275390625