0 0.8740234375 0.2275390625 0.0146484375 0.01953125
0 0.76171875 0.3408203125 0.0146484375 0.015625
0 0.73974609375 0.318359375 0.013671875 0.015625
0 0.72412109375 0.689453125 0.017578125 0.017578125
0 0.81689453125 0.3701171875 0.015625 0.0146484375
0 0.95849609375 0.76611328125 0.0263671875 0.0205078125
0 0.92529296875 0.7734375 0.01953125 0.017578125
0 0.6728515625 0.78125 0.017578125 0.0185546875
0 0.6708984375 0.8271484375 0.021484375 0.0244140625
0 0.8544921875 0.39111328125 0.013671875 0.0146484375
0 0.8427734375 0.77587890625 0.0205078125 0.017578125
0 0.82666015625 0.732421875 0.015625 0.0166015625
0 0.98291015625 0.42431640625 0.015625 0.0146484375
0 0.8076171875 0.72412109375 0.0146484375 0.0185546875
0 0.79150390625 0.7890625 0.015625 0.0185546875
0 0.83984375 0.41796875 0.0146484375 0.013671875
0 0.927734375 0.2080078125 0.0146484375 0.0166015625
0 0.7880859375 0.4765625 0.0166015625 0.015625
0 0.79443359375 0.27197265625 0.017578125 0.015625
0 0.88525390625 0.80126953125 0.017578125 0.0185546875
0 0.7880859375 0.2841796875 0.0107421875 0.0185546875
0 0.771484375 0.45361328125 0.015625 0.0146484375
0 0.93603515625 0.5234375 0.015625 0.0166015625
0 0.95556640625 0.390625 0.0126953125 0.015625
0 0.7724609375 0.53369140625 0.015625 0.0185546875
0 0.93359375 0.47509765625 0.013671875 0.0166015625
0 0.79443359375 0.3994140625 0.0185546875 0.015625
0 0.978515625 0.59228515625 0.015625 0.0224609375
0 0.73876953125 0.716796875 0.015625 0.017578125
0 0.69287109375 0.73486328125 0.0185546875 0.0224609375
0 0.84765625 0.2451171875 0.0107421875 0.017578125
0 0.73583984375 0.57177734375 0.0166015625 0.0185546875
0 0.69921875 0.84228515625 0.0146484375 0.0234375
0 0.83447265625 0.56982421875 0.0146484375 0.0185546875
0 0.82958984375 0.86279296875 0.0185546875 0.0166015625
0 0.80712890625 0.44189453125 0.015625 0.0146484375
0 0.94140625 0.3251953125 0.0146484375 0.0185546875
0 0.7373046875 0.74365234375 0.017578125 0.0166015625
0 0.83056640625 0.48388671875 0.0146484375 0.017578125
0 0.80615234375 0.51513671875 0.015625 0.0166015625
0 0.796875 0.857421875 0.0166015625 0.01953125
0 0.68359375 0.7138671875 0.0185546875 0.017578125
0 0.90673828125 0.51220703125 0.0166015625 0.015625
0 0.9873046875 0.326171875 0.0146484375 0.0166015625
0 0.798828125 0.8798828125 0.017578125 0.01953125
0 0.99365234375 0.23486328125 0.0126953125 0.0166015625
0 0.9345703125 0.57177734375 0.0166015625 0.0166015625
0 0.87890625 0.359375 0.009765625 0.0166015625
0 0.810546875 0.41015625 0.015625 0.013671875
0 0.9619140625 0.607421875 0.0166015625 0.017578125
0 0.98828125 0.48583984375 0.0126953125 0.0146484375
0 0.7236328125 0.6220703125 0.0166015625 0.015625
0 0.71923828125 0.78125 0.01953125 0.01953125
0 0.81396484375 0.91943359375 0.0166015625 0.0205078125
0 0.82080078125 0.33203125 0.009765625 0.0107421875
0 0.9619140625 0.81591796875 0.0166015625 0.0185546875
0 0.7021484375 0.77001953125 0.0166015625 0.01953125
0 0.80908203125 0.9375 0.017578125 0.0224609375
0 0.8359375 0.65625 0.0185546875 0.0185546875
0 0.9580078125 0.4130859375 0.029296875 0.0185546875
0 0.9775390625 0.6640625 0.017578125 0.0166015625
0 0.97412109375 0.68701171875 0.0166015625 0.0166015625
0 0.779296875 0.5009765625 0.015625 0.0166015625
0 0.80517578125 0.55078125 0.0185546875 0.0166015625
0 0.81884765625 0.5537109375 0.0126953125 0.0146484375
0 0.8779296875 0.26953125 0.01171875 0.017578125
0 0.81689453125 0.486328125 0.01953125 0.017578125
0 0.890625 0.4296875 0.009765625 0.013671875
0 0.86376953125 0.2451171875 0.015625 0.01953125
0 0.79638671875 0.64990234375 0.0166015625 0.015625
0 0.84912109375 0.47119140625 0.01171875 0.0146484375
0 0.9169921875 0.9462890625 0.0146484375 0.0234375
0 0.6552734375 0.951171875 0.0224609375 0.0185546875
0 0.65771484375 0.9140625 0.0234375 0.01953125
0 0.9697265625 0.31884765625 0.01171875 0.0146484375
0 0.9853515625 0.1708984375 0.0205078125 0.021484375
0 0.97216796875 0.90087890625 0.0166015625 0.025390625
0 0.77099609375 0.50537109375 0.0185546875 0.01953125
0 0.9736328125 0.92626953125 0.0244140625 0.02734375
0 0.794921875 0.37353515625 0.0107421875 0.0126953125
0 0.63720703125 0.57763671875 0.0146484375 0.0234375
0 0.70263671875 0.5537109375 0.013671875 0.0185546875
0 0.994140625 0.27783203125 0.01171875 0.0166015625
0 0.701171875 0.9013671875 0.015625 0.0234375
0 0.8916015625 0.83740234375 0.015625 0.0185546875
0 0.9375 0.53515625 0.01171875 0.013671875
0 0.87158203125 0.47607421875 0.0126953125 0.013671875
0 0.921875 0.28662109375 0.0107421875 0.013671875
0 0.92333984375 0.3720703125 0.009765625 0.01171875
0 0.9033203125 0.45654296875 0.01171875 0.015625
0 0.71728515625 0.71875 0.0166015625 0.0185546875
0 0.951171875 0.2880859375 0.0205078125 0.0224609375
0 0.759765625 0.5107421875 0.0205078125 0.0166015625
0 0.97119140625 0.5185546875 0.0166015625 0.0234375
0 0.63134765625 0.9638671875 0.015625 0.0224609375
0 0.6552734375 0.73388671875 0.009765625 0.025390625
0 0.9267578125 0.59912109375 0.0146484375 0.0166015625
0 0.96142578125 0.49462890625 0.0107421875 0.0146484375
0 0.787109375 0.341796875 0.013671875 0.0166015625
0 0.927734375 0.83740234375 0.0146484375 0.0146484375
0 0.76513671875 0.5556640625 0.0087890625 0.0185546875
0 0.93994140625 0.208984375 0.01171875 0.013671875
0 0.8876953125 0.2490234375 0.0068359375 0.0166015625
0 0.98681640625 0.3046875 0.0146484375 0.013671875
0 0.94482421875 0.78857421875 0.0146484375 0.017578125
0 0.82275390625 0.59130859375 0.01171875 0.017578125
0 0.8701171875 0.59375 0.0126953125 0.0185546875
0 0.76123046875 0.40478515625 0.009765625 0.017578125
0 0.876953125 0.5849609375 0.0107421875 0.017578125
0 0.9560546875 0.45556640625 0.0078125 0.017578125
0 0.7236328125 0.81396484375 0.013671875 0.02734375
0 0.775390625 0.5908203125 0.0126953125 0.0224609375
0 0.9970703125 0.5205078125 0.0048828125 0.013671875
0 0.931640625 0.79150390625 0.01171875 0.013671875
0 0.83203125 0.44287109375 0.0126953125 0.0107421875
0 0.96337890625 0.3505859375 0.0068359375 0.0166015625
0 0.76708984375 0.56201171875 0.0166015625 0.025390625
0 0.6865234375 0.34814453125 0.009765625 0.0126953125
0 0.9912109375 0.6474609375 0.0087890625 0.017578125
0 0.6484375 0.9150390625 0.013671875 0.015625
0 0.98095703125 0.92333984375 0.009765625 0.02734375