0 0.87646484375 0.76318359375 0.01318359375 0.044921875
0 0.77392578125 0.3818359375 0.01953125 0.0458984375
0 0.67529296875 0.232421875 0.01318359375 0.0380859375
0 0.5888671875 0.333984375 0.01708984375 0.04345703125
0 0.45068359375 0.06884765625 0.021484375 0.03857421875
0 0.51904296875 0.365234375 0.0126953125 0.03857421875
0 0.2919921875 0.318359375 0.01806640625 0.041015625
0 0.431640625 0.21044921875 0.0205078125 0.02880859375
0 0.45556640625 0.32666015625 0.015625 0.0400390625
0 0.3125 0.125 0.01123046875 0.02734375
0 0.4541015625 0.23681640625 0.01318359375 0.02978515625