0 0.9296875 0.43798828125 0.0263671875 0.025390625
0 0.783203125 0.23486328125 0.021484375 0.021484375
0 0.765625 0.0771484375 0.0185546875 0.0234375
0 0.771484375 0.1142578125 0.025390625 0.0234375
0 0.98583984375 0.48486328125 0.0224609375 0.0234375
0 0.984375 0.22607421875 0.0263671875 0.01953125
0 0.9404296875 0.30322265625 0.0234375 0.025390625
0 0.91943359375 0.06982421875 0.021484375 0.021484375
0 0.72998046875 0.2099609375 0.021484375 0.0244140625
0 0.9462890625 0.2607421875 0.02734375 0.0244140625
0 0.9345703125 0.619140625 0.0322265625 0.02734375
0 0.8642578125 0.15478515625 0.0234375 0.0205078125
0 0.8876953125 0.578125 0.0341796875 0.0283203125
0 0.94091796875 0.71044921875 0.0166015625 0.01953125
0 0.91357421875 0.8193359375 0.0244140625 0.03125
0 0.74853515625 0.2890625 0.0234375 0.021484375
0 0.79638671875 0.44677734375 0.025390625 0.0302734375
0 0.8720703125 0.0986328125 0.0244140625 0.01953125
0 0.83740234375 0.2099609375 0.0224609375 0.0205078125
0 0.9189453125 0.58203125 0.017578125 0.0283203125
0 0.865234375 0.12841796875 0.0224609375 0.021484375
0 0.7431640625 0.14208984375 0.015625 0.03125
0 0.9765625 0.6240234375 0.025390625 0.03125
0 0.69677734375 0.12109375 0.0146484375 0.0234375
0 0.8095703125 0.11181640625 0.0205078125 0.03125
0 0.751953125 0.26806640625 0.0126953125 0.0302734375
0 0.880859375 0.05810546875 0.021484375 0.021484375
0 0.947265625 0.537109375 0.0224609375 0.0205078125
0 0.9404296875 0.55615234375 0.0185546875 0.0263671875
0 0.77490234375 0.154296875 0.021484375 0.0244140625
0 0.75634765625 0.07666015625 0.0205078125 0.01953125
0 0.736328125 0.1396484375 0.01953125 0.0185546875
0 0.94384765625 0.60986328125 0.0234375 0.025390625