0 0.08154296875 0.70166015625 0.10546875 0.1376953125
0 0.35986328125 0.9228515625 0.09765625 0.1103515625
0 0.03369140625 0.39013671875 0.0673828125 0.068359375
0 0.2587890625 0.21533203125 0.0517578125 0.056640625
0 0.06396484375 0.4794921875 0.0380859375 0.03515625
0 0.2890625 0.173828125 0.056640625 0.0576171875
0 0.18017578125 0.56103515625 0.0703125 0.078125
0 0.08154296875 0.1669921875 0.048828125 0.0556640625
0 0.00830078125 0.2734375 0.0166015625 0.03125
0 0.08740234375 0.36669921875 0.0498046875 0.0771484375
0 0.060546875 0.18798828125 0.0419921875 0.0546875
0 0.40087890625 0.8291015625 0.0908203125 0.09375
0 0.6787109375 0.88525390625 0.09765625 0.1279296875
0 0.8447265625 0.89404296875 0.060546875 0.1181640625
0 0.13427734375 0.2939453125 0.046875 0.0673828125
0 0.8349609375 0.8466796875 0.08203125 0.09375
0 0.76953125 0.91064453125 0.1142578125 0.1181640625
0 0.0234375 0.2939453125 0.0439453125 0.060546875
0 0.130859375 0.24658203125 0.056640625 0.0634765625
0 0.4072265625 0.94287109375 0.0458984375 0.0947265625