0 0.68505859375 0.638671875 0.02783203125 0.05615234375
0 0.65576171875 0.140625 0.0244140625 0.060546875
0 0.80517578125 0.541015625 0.01806640625 0.05810546875
0 0.6513671875 0.23828125 0.013671875 0.04345703125
0 0.68896484375 0.30419921875 0.0234375 0.0625
0 0.74267578125 0.44189453125 0.0205078125 0.05224609375
0 0.7626953125 0.072265625 0.02197265625 0.05126953125
0 0.85546875 0.52685546875 0.01806640625 0.05419921875
0 0.62109375 0.36962890625 0.01220703125 0.0283203125
0 0.73583984375 0.794921875 0.02880859375 0.05859375
0 0.81201171875 0.2802734375 0.0263671875 0.04638671875
0 0.70947265625 0.48583984375 0.0205078125 0.05859375
0 0.5654296875 0.47998046875 0.01708984375 0.0498046875
0 0.73583984375 0.0966796875 0.0185546875 0.037109375
0 0.55078125 0.615234375 0.02197265625 0.06005859375
0 0.9033203125 0.931640625 0.0234375 0.0439453125
0 0.8203125 0.82958984375 0.01416015625 0.04541015625
0 0.728515625 0.275390625 0.01708984375 0.04052734375
0 0.94287109375 0.6875 0.0244140625 0.05517578125
0 0.77294921875 0.5087890625 0.02001953125 0.046875
0 0.6669921875 0.10595703125 0.02099609375 0.05078125
0 0.759765625 0.30078125 0.01708984375 0.03759765625
0 0.6376953125 0.2412109375 0.01611328125 0.04931640625
0 0.68212890625 0.28564453125 0.0166015625 0.04638671875
0 0.99267578125 0.6494140625 0.0146484375 0.05908203125
0 0.984375 0.310546875 0.01904296875 0.05029296875
0 0.63720703125 0.1767578125 0.013671875 0.0400390625
0 0.6103515625 0.15185546875 0.0166015625 0.0419921875