0 0.91357421875 0.103515625 0.0419921875 0.06591796875
0 0.26123046875 0.68701171875 0.06201171875 0.12646484375
0 0.15673828125 0.71484375 0.05419921875 0.14990234375
0 0.4130859375 0.0927734375 0.0458984375 0.0703125
0 0.150390625 0.365234375 0.0556640625 0.076171875
0 0.59375 0.46533203125 0.05712890625 0.06298828125
0 0.3369140625 0.34912109375 0.0810546875 0.07421875
0 0.060546875 0.46435546875 0.072265625 0.08251953125
0 0.658203125 0.4892578125 0.0751953125 0.10595703125
0 0.8779296875 0.42041015625 0.072265625 0.08154296875
0 0.3427734375 0.1142578125 0.04150390625 0.05517578125
0 0.3994140625 0.57568359375 0.041015625 0.1484375
0 0.98193359375 0.5234375 0.0361328125 0.0595703125
0 0.94140625 0.16064453125 0.048828125 0.06298828125
0 0.75 0.0244140625 0.05029296875 0.048828125
0 0.990234375 0.13427734375 0.01953125 0.0654296875
0 0.79638671875 0.9541015625 0.0908203125 0.091796875