0 0.3623046875 0.8798828125 0.01171875 0.029296875
0 0.5986328125 0.5966796875 0.013671875 0.02734375
0 0.46923828125 0.7431640625 0.01171875 0.0302734375
0 0.60107421875 0.56103515625 0.01025390625 0.0283203125
0 0.8251953125 0.603515625 0.01220703125 0.02001953125
0 0.7314453125 0.38671875 0.01416015625 0.01806640625
0 0.73193359375 0.3720703125 0.01025390625 0.0146484375
0 0.611328125 0.5439453125 0.0087890625 0.02392578125
0 0.66064453125 0.50146484375 0.00732421875 0.02294921875
0 0.6552734375 0.4296875 0.01025390625 0.02197265625
0 0.4970703125 0.52392578125 0.0146484375 0.0166015625
0 0.67333984375 0.5791015625 0.01220703125 0.01904296875
0 0.921875 0.64404296875 0.01025390625 0.0302734375
0 0.962890625 0.69384765625 0.0078125 0.02587890625
0 0.55126953125 0.4677734375 0.01025390625 0.01953125
0 0.5107421875 0.490234375 0.0166015625 0.02001953125
0 0.46728515625 0.80517578125 0.017578125 0.02294921875
0 0.6259765625 0.369140625 0.01171875 0.02392578125
0 0.3818359375 0.857421875 0.0126953125 0.025390625
0 0.61767578125 0.49853515625 0.015625 0.0166015625
0 0.8818359375 0.513671875 0.0126953125 0.02587890625
0 0.4833984375 0.6962890625 0.0146484375 0.01708984375
0 0.75537109375 0.35888671875 0.01416015625 0.01904296875
0 0.63232421875 0.42724609375 0.0166015625 0.02099609375
0 0.90283203125 0.52294921875 0.009765625 0.0263671875
0 0.71142578125 0.37548828125 0.0146484375 0.02001953125
0 0.79833984375 0.3828125 0.01171875 0.015625
0 0.9208984375 0.44921875 0.0126953125 0.0263671875
0 0.82763671875 0.35546875 0.01416015625 0.01904296875
0 0.966796875 0.33740234375 0.01123046875 0.01611328125
0 0.8896484375 0.6376953125 0.01513671875 0.0234375