0 0.255859375 0.6904296875 0.01513671875 0.01708984375
0 0.349609375 0.951171875 0.01611328125 0.0234375
0 0.19482421875 0.6689453125 0.01611328125 0.01708984375
0 0.294921875 0.74609375 0.01611328125 0.02197265625
0 0.341796875 0.8798828125 0.01123046875 0.0283203125
0 0.18798828125 0.96875 0.02099609375 0.02294921875
0 0.20361328125 0.4677734375 0.01123046875 0.0166015625
0 0.04638671875 0.3876953125 0.0107421875 0.0146484375
0 0.21142578125 0.86083984375 0.01708984375 0.0244140625
0 0.048828125 0.705078125 0.017578125 0.01904296875
0 0.0068359375 0.9052734375 0.013671875 0.021484375
0 0.04638671875 0.58203125 0.0087890625 0.0244140625
0 0.0849609375 0.74072265625 0.017578125 0.01953125
0 0.06982421875 0.54736328125 0.0185546875 0.02001953125
0 0.02197265625 0.84423828125 0.0166015625 0.02587890625
0 0.0107421875 0.509765625 0.01513671875 0.01904296875
0 0.05615234375 0.525390625 0.0166015625 0.0205078125
0 0.0390625 0.91845703125 0.0146484375 0.0302734375
0 0.32275390625 0.974609375 0.0107421875 0.03564453125
0 0.140625 0.62890625 0.01318359375 0.02880859375
0 0.1611328125 0.92529296875 0.0205078125 0.0263671875
0 0.04833984375 0.94970703125 0.01904296875 0.025390625
0 0.14990234375 0.8837890625 0.01953125 0.02197265625
0 0.21875 0.3515625 0.0078125 0.02001953125
0 0.208984375 0.990234375 0.01904296875 0.01904296875
0 0.107421875 0.8740234375 0.017578125 0.025390625
0 0.1806640625 0.90380859375 0.01953125 0.02490234375
0 0.0810546875 0.91943359375 0.02001953125 0.0244140625
0 0.05615234375 0.98681640625 0.02099609375 0.0224609375
0 0.02392578125 0.51806640625 0.013671875 0.01708984375
0 0.1328125 0.9140625 0.02099609375 0.02490234375
0 0.1015625 0.7529296875 0.013671875 0.0205078125
0 0.0927734375 0.96533203125 0.02392578125 0.02001953125
0 0.0048828125 0.748046875 0.00927734375 0.017578125
0 0.1796875 0.3076171875 0.01318359375 0.01513671875
0 0.306640625 0.9833984375 0.0107421875 0.033203125
0 0.11962890625 0.7578125 0.017578125 0.02392578125
0 0.14208984375 0.3486328125 0.0146484375 0.01708984375
0 0.09326171875 0.494140625 0.0068359375 0.02587890625
0 0.02783203125 0.34326171875 0.01220703125 0.02001953125
0 0.18701171875 0.806640625 0.01708984375 0.02294921875
0 0.1015625 0.767578125 0.01904296875 0.02294921875
0 0.05322265625 0.6181640625 0.01708984375 0.0205078125
0 0.076171875 0.95654296875 0.021484375 0.0263671875
0 0.13671875 0.82958984375 0.0185546875 0.0244140625
0 0.00634765625 0.9677734375 0.01171875 0.0224609375
0 0.13720703125 0.8515625 0.02001953125 0.0234375
0 0.0576171875 0.5361328125 0.01123046875 0.01953125
0 0.19140625 0.84375 0.02001953125 0.0234375
0 0.1943359375 0.82568359375 0.01904296875 0.0205078125
0 0.095703125 0.91650390625 0.013671875 0.0283203125
0 0.03857421875 0.32080078125 0.00830078125 0.0263671875
0 0.09814453125 0.94091796875 0.017578125 0.0263671875
0 0.1044921875 0.916015625 0.01123046875 0.02685546875
0 0.154296875 0.8642578125 0.021484375 0.0224609375
0 0.16259765625 0.830078125 0.0205078125 0.02490234375
0 0.1689453125 0.8505859375 0.0224609375 0.0244140625