0 0.43798828125 0.37353515625 0.0517578125 0.0654296875
0 0.3447265625 0.244140625 0.041015625 0.0615234375
0 0.28759765625 0.2294921875 0.0322265625 0.0546875
0 0.826171875 0.21142578125 0.0458984375 0.05078125
0 0.3828125 0.18359375 0.0419921875 0.0400390625
0 0.9619140625 0.42236328125 0.046875 0.0595703125
0 0.68359375 0.37744140625 0.029296875 0.0634765625
0 0.541015625 0.287109375 0.0419921875 0.0517578125
0 0.48974609375 0.07421875 0.021484375 0.033203125
0 0.55908203125 0.09521484375 0.025390625 0.0439453125
0 0.2451171875 0.14501953125 0.0283203125 0.05078125
0 0.37841796875 0.1318359375 0.0400390625 0.033203125
0 0.33984375 0.13037109375 0.0244140625 0.048828125
0 0.5107421875 0.0546875 0.0380859375 0.0478515625
0 0.29736328125 0.17724609375 0.0322265625 0.04296875
0 0.830078125 0.38427734375 0.025390625 0.052734375
0 0.77978515625 0.07470703125 0.0205078125 0.0361328125
0 0.19384765625 0.12646484375 0.02734375 0.0517578125
0 0.619140625 0.07666015625 0.0224609375 0.03515625
0 0.4892578125 0.09423828125 0.02734375 0.0498046875
0 0.880859375 0.3779296875 0.041015625 0.068359375
0 0.6845703125 0.0439453125 0.017578125 0.033203125
0 0.712890625 0.078125 0.0244140625 0.0390625
0 0.72705078125 0.17724609375 0.0341796875 0.0498046875
0 0.70849609375 0.05224609375 0.0205078125 0.0380859375
0 0.8779296875 0.1435546875 0.0341796875 0.0478515625
0 0.17578125 0.130859375 0.03125 0.056640625
0 0.76953125 0.05712890625 0.0166015625 0.0234375
0 0.3671875 0.068359375 0.0224609375 0.0380859375
0 0.43603515625 0.130859375 0.0234375 0.0439453125
0 0.8486328125 0.29296875 0.0244140625 0.0537109375
0 0.51953125 0.3212890625 0.0556640625 0.060546875
0 0.7333984375 0.14111328125 0.0302734375 0.0283203125
0 0.76953125 0.15380859375 0.037109375 0.0361328125
0 0.431640625 0.05029296875 0.017578125 0.0224609375
0 0.7412109375 0.37939453125 0.0322265625 0.0556640625
0 0.88916015625 0.41455078125 0.0390625 0.04296875
0 0.6240234375 0.02392578125 0.017578125 0.0185546875
0 0.29541015625 0.1650390625 0.0166015625 0.01953125
0 0.77197265625 0.3115234375 0.0361328125 0.0654296875
0 0.71826171875 0.1171875 0.029296875 0.025390625
0 0.4365234375 0.14990234375 0.0263671875 0.037109375
0 0.9814453125 0.11474609375 0.0263671875 0.0283203125
0 0.54736328125 0.27197265625 0.025390625 0.021484375
0 0.84912109375 0.31884765625 0.0302734375 0.0458984375
0 0.73486328125 0.1572265625 0.0390625 0.0361328125
0 0.5302734375 0.29150390625 0.0205078125 0.0341796875
0 0.56494140625 0.00830078125 0.0185546875 0.013671875
0 0.5595703125 0.1142578125 0.0283203125 0.0390625
0 0.8095703125 0.36376953125 0.05859375 0.0615234375
0 0.73828125 0.4130859375 0.03125 0.0419921875