0 0.61474609375 0.47998046875 0.0595703125 0.076171875
0 0.72021484375 0.41357421875 0.0595703125 0.0966796875
0 0.685546875 0.39306640625 0.0478515625 0.0673828125
0 0.81640625 0.36669921875 0.0517578125 0.0654296875
0 0.62255859375 0.33935546875 0.0546875 0.0712890625
0 0.71435546875 0.541015625 0.0439453125 0.087890625
0 0.85400390625 0.55615234375 0.0546875 0.076171875
0 0.54833984375 0.5048828125 0.0654296875 0.0791015625
0 0.21044921875 0.39599609375 0.0478515625 0.083984375
0 0.77978515625 0.376953125 0.0625 0.0634765625
0 0.8037109375 0.27880859375 0.0546875 0.0576171875
0 0.61572265625 0.572265625 0.0517578125 0.083984375
0 0.8857421875 0.40869140625 0.0419921875 0.0556640625
0 0.36865234375 0.39111328125 0.0439453125 0.076171875
0 0.59716796875 0.7607421875 0.0625 0.1103515625
0 0.2216796875 0.33251953125 0.0458984375 0.0693359375
0 0.93115234375 0.60205078125 0.0478515625 0.0830078125
0 0.89794921875 0.44189453125 0.0439453125 0.0693359375
0 0.78369140625 0.60400390625 0.046875 0.095703125
0 0.82861328125 0.26904296875 0.0341796875 0.056640625
0 0.95166015625 0.54345703125 0.0458984375 0.0859375
0 0.02587890625 0.47265625 0.0517578125 0.078125
0 0.28759765625 0.46875 0.0556640625 0.099609375
0 0.22119140625 0.8515625 0.0703125 0.1181640625