0 0.318359375 0.388671875 0.0234375 0.0419921875
0 0.43408203125 0.2236328125 0.01953125 0.02734375
0 0.58935546875 0.2412109375 0.02734375 0.046875
0 0.48583984375 0.26025390625 0.0205078125 0.0302734375
0 0.521484375 0.095703125 0.0234375 0.033203125
0 0.5068359375 0.07080078125 0.0205078125 0.0341796875
0 0.47314453125 0.42333984375 0.0224609375 0.0322265625
0 0.19677734375 0.3134765625 0.015625 0.0341796875
0 0.28369140625 0.09912109375 0.017578125 0.0302734375
0 0.482421875 0.3544921875 0.0205078125 0.037109375
0 0.62109375 0.37353515625 0.0146484375 0.03125
0 0.3515625 0.4541015625 0.0224609375 0.03515625
0 0.599609375 0.5283203125 0.0224609375 0.03125
0 0.59130859375 0.56396484375 0.021484375 0.0244140625
0 0.39306640625 0.4052734375 0.013671875 0.0302734375
0 0.5732421875 0.44140625 0.017578125 0.0390625
0 0.24267578125 0.18115234375 0.013671875 0.033203125
0 0.38037109375 0.515625 0.0283203125 0.0302734375
0 0.56982421875 0.298828125 0.01953125 0.0283203125
0 0.498046875 0.4482421875 0.0185546875 0.03515625
0 0.48681640625 0.0166015625 0.0146484375 0.033203125
0 0.64501953125 0.1953125 0.017578125 0.033203125
0 0.576171875 0.47900390625 0.021484375 0.033203125
0 0.580078125 0.11083984375 0.0166015625 0.0341796875
0 0.68408203125 0.12744140625 0.01953125 0.037109375
0 0.7744140625 0.34619140625 0.013671875 0.033203125
0 0.71923828125 0.49609375 0.0185546875 0.0361328125
0 0.767578125 0.51904296875 0.017578125 0.0302734375
0 0.96044921875 0.48876953125 0.0166015625 0.0380859375
0 0.4267578125 0.41357421875 0.021484375 0.0322265625
0 0.7734375 0.23828125 0.015625 0.0380859375
0 0.7421875 0.310546875 0.0166015625 0.033203125
0 0.994140625 0.1962890625 0.01171875 0.03125
0 0.6474609375 0.50146484375 0.0146484375 0.0341796875
0 0.87548828125 0.59716796875 0.0185546875 0.0390625
0 0.54638671875 0.45166015625 0.0166015625 0.0380859375
0 0.82275390625 0.58544921875 0.0166015625 0.0302734375
0 0.7158203125 0.37646484375 0.021484375 0.0224609375
0 0.68310546875 0.0908203125 0.0185546875 0.0322265625
0 0.55322265625 0.55859375 0.0205078125 0.0283203125
0 0.8642578125 0.56298828125 0.0205078125 0.0244140625
0 0.71533203125 0.177734375 0.0234375 0.02734375
0 0.4130859375 0.06787109375 0.0185546875 0.0302734375
0 0.9755859375 0.626953125 0.021484375 0.0302734375
0 0.740234375 0.0419921875 0.0166015625 0.0283203125
0 0.74755859375 0.427734375 0.0185546875 0.0224609375
0 0.9609375 0.2744140625 0.0224609375 0.041015625
0 0.6943359375 0.46337890625 0.01953125 0.0390625
0 0.88720703125 0.228515625 0.0146484375 0.0302734375
0 0.34521484375 0.4287109375 0.0205078125 0.03125
0 0.75634765625 0.45703125 0.0205078125 0.03515625
0 0.96923828125 0.1259765625 0.017578125 0.0322265625
0 0.92431640625 0.23046875 0.0205078125 0.021484375
0 0.853515625 0.45166015625 0.0146484375 0.0361328125
0 0.8095703125 0.44482421875 0.017578125 0.0341796875
0 0.92138671875 0.3837890625 0.0185546875 0.0341796875
0 0.7763671875 0.462890625 0.0185546875 0.03515625
0 0.98388671875 0.51171875 0.01953125 0.0400390625
0 0.8017578125 0.1015625 0.0146484375 0.0341796875
0 0.8466796875 0.14599609375 0.013671875 0.0380859375
0 0.99072265625 0.15576171875 0.0166015625 0.033203125
0 0.7998046875 0.13427734375 0.015625 0.03515625
0 0.83935546875 0.392578125 0.017578125 0.037109375
0 0.6787109375 0.05224609375 0.0126953125 0.0283203125
0 0.66845703125 0.15576171875 0.0146484375 0.0322265625
0 0.9130859375 0.4853515625 0.0185546875 0.033203125
0 0.89697265625 0.4912109375 0.017578125 0.033203125
0 0.8916015625 0.06396484375 0.013671875 0.02734375
0 0.8837890625 0.15185546875 0.013671875 0.0263671875
0 0.88134765625 0.283203125 0.0146484375 0.033203125
0 0.93505859375 0.33251953125 0.0146484375 0.0283203125
0 0.9755859375 0.08837890625 0.0126953125 0.03125
0 0.84716796875 0.2802734375 0.0205078125 0.033203125
0 0.86669921875 0.3291015625 0.015625 0.0390625
0 0.7314453125 0.15869140625 0.0146484375 0.037109375
0 0.90771484375 0.3427734375 0.0166015625 0.0361328125
0 0.9462890625 0.419921875 0.0205078125 0.0380859375
0 0.837890625 0.1025390625 0.0166015625 0.0361328125
0 0.82666015625 0.267578125 0.0224609375 0.03125
0 0.83203125 0.078125 0.015625 0.0302734375
0 0.9599609375 0.0693359375 0.009765625 0.0185546875
0 0.8798828125 0.3857421875 0.01953125 0.0361328125
0 0.83203125 0.05322265625 0.0146484375 0.0234375
0 0.943359375 0.06494140625 0.009765625 0.015625
0 0.86669921875 0.05712890625 0.013671875 0.021484375
0 0.9931640625 0.1826171875 0.01171875 0.0283203125