0 0.63818359375 0.25634765625 0.029296875 0.046875
0 0.31591796875 0.2294921875 0.033203125 0.052734375
0 0.56982421875 0.578125 0.0234375 0.0400390625
0 0.3544921875 0.5244140625 0.0263671875 0.037109375
0 0.21240234375 0.43115234375 0.025390625 0.041015625
0 0.81005859375 0.84130859375 0.02734375 0.0302734375
0 0.00439453125 0.4765625 0.0087890625 0.041015625
0 0.30224609375 0.6162109375 0.025390625 0.0400390625
0 0.041015625 0.67724609375 0.0263671875 0.0341796875
0 0.169921875 0.81005859375 0.0283203125 0.0380859375
0 0.21923828125 0.8583984375 0.0244140625 0.0361328125
0 0.240234375 0.72021484375 0.0185546875 0.03125
0 0.15869140625 0.73095703125 0.0244140625 0.0322265625
0 0.544921875 0.6064453125 0.021484375 0.037109375
0 0.265625 0.5126953125 0.0263671875 0.0439453125
0 0.9521484375 0.90185546875 0.0263671875 0.03125
0 0.29931640625 0.5546875 0.0234375 0.0439453125
0 0.15966796875 0.681640625 0.025390625 0.0390625
0 0.2392578125 0.486328125 0.0283203125 0.041015625
0 0.11083984375 0.97705078125 0.0224609375 0.037109375
0 0.958984375 0.83154296875 0.0283203125 0.0322265625
0 0.85302734375 0.68310546875 0.02734375 0.029296875
0 0.98828125 0.89599609375 0.0234375 0.0361328125
0 0.2783203125 0.73876953125 0.03125 0.0439453125
0 0.208984375 0.912109375 0.0263671875 0.0380859375
0 0.19677734375 0.900390625 0.0205078125 0.0302734375
0 0.8564453125 0.93115234375 0.0126953125 0.0185546875
0 0.1259765625 0.97265625 0.017578125 0.037109375
0 0.22314453125 0.6904296875 0.01953125 0.029296875
0 0.09423828125 0.77734375 0.0400390625 0.0498046875
0 0.54052734375 0.62841796875 0.015625 0.0322265625
0 0.84619140625 0.49658203125 0.0234375 0.0380859375
0 0.22802734375 0.91552734375 0.0234375 0.03515625
0 0.76806640625 0.30517578125 0.01953125 0.0322265625
0 0.2314453125 0.94189453125 0.025390625 0.0341796875
0 0.59765625 0.78564453125 0.0205078125 0.0224609375
0 0.72705078125 0.30029296875 0.0146484375 0.03125
0 0.56396484375 0.6240234375 0.0185546875 0.03125
0 0.884765625 0.89013671875 0.0205078125 0.033203125
0 0.8525390625 0.5986328125 0.0234375 0.0419921875