0 0.6357421875 0.71240234375 0.064453125 0.0751953125
0 0.83203125 0.5166015625 0.0380859375 0.0556640625
0 0.20166015625 0.482421875 0.0673828125 0.0712890625
0 0.759765625 0.9423828125 0.0791015625 0.0849609375
0 0.50048828125 0.7646484375 0.0693359375 0.083984375
0 0.77685546875 0.54541015625 0.060546875 0.0595703125
0 0.1796875 0.51123046875 0.0654296875 0.0791015625
0 0.3515625 0.587890625 0.068359375 0.0771484375
0 0.6708984375 0.4189453125 0.0439453125 0.041015625
0 0.6669921875 0.4482421875 0.0419921875 0.0498046875
0 0.61474609375 0.97705078125 0.0693359375 0.0458984375
0 0.5703125 0.62548828125 0.064453125 0.072265625
0 0.81640625 0.45751953125 0.0478515625 0.05859375
0 0.89990234375 0.75146484375 0.0302734375 0.0654296875
0 0.69873046875 0.80224609375 0.0693359375 0.0751953125
0 0.970703125 0.5205078125 0.0419921875 0.0556640625
0 0.68408203125 0.73291015625 0.048828125 0.087890625
0 0.4033203125 0.5888671875 0.0556640625 0.0712890625
0 0.1337890625 0.56689453125 0.0732421875 0.0771484375
0 0.5380859375 0.37548828125 0.0419921875 0.0556640625
0 0.3173828125 0.3896484375 0.05078125 0.05859375
0 0.8427734375 0.96142578125 0.072265625 0.05859375
0 0.275390625 0.49267578125 0.0390625 0.0703125
0 0.8935546875 0.64111328125 0.0400390625 0.0341796875
0 0.927734375 0.48583984375 0.0322265625 0.02734375
0 0.03759765625 0.60107421875 0.0439453125 0.0859375
0 0.744140625 0.6474609375 0.0517578125 0.0654296875
0 0.55859375 0.4658203125 0.044921875 0.037109375
0 0.45654296875 0.6533203125 0.048828125 0.068359375
0 0.8388671875 0.47119140625 0.033203125 0.060546875
0 0.724609375 0.6904296875 0.0478515625 0.08203125
0 0.7646484375 0.81884765625 0.0361328125 0.041015625
0 0.37744140625 0.41259765625 0.0302734375 0.0634765625
0 0.69921875 0.6982421875 0.0439453125 0.0458984375
0 0.44140625 0.33740234375 0.0263671875 0.0546875
0 0.56298828125 0.40380859375 0.0234375 0.046875
0 0.55517578125 0.97021484375 0.0400390625 0.0595703125
0 0.92529296875 0.89208984375 0.025390625 0.05859375
0 0.93798828125 0.79345703125 0.037109375 0.05859375
0 0.98876953125 0.57373046875 0.017578125 0.02734375
0 0.68017578125 0.45166015625 0.017578125 0.0419921875