0 0.654296875 0.20068359375 0.03125 0.0390625
0 0.6533203125 0.17529296875 0.029296875 0.0283203125
0 0.8076171875 0.24560546875 0.0400390625 0.0400390625
0 0.81298828125 0.2080078125 0.0263671875 0.0380859375
0 0.630859375 0.20166015625 0.02734375 0.0439453125
0 0.67724609375 0.16015625 0.02734375 0.0341796875
0 0.701171875 0.01171875 0.021484375 0.0234375
0 0.732421875 0.08056640625 0.0244140625 0.0341796875
0 0.6943359375 0.03857421875 0.025390625 0.0322265625
0 0.88330078125 0.3447265625 0.03125 0.0546875
0 0.7978515625 0.0966796875 0.0322265625 0.033203125
0 0.83935546875 0.0634765625 0.03515625 0.0341796875
0 0.5166015625 0.32080078125 0.03515625 0.0458984375
0 0.7451171875 0.00537109375 0.0234375 0.0107421875
0 0.556640625 0.22216796875 0.0224609375 0.0419921875
0 0.80908203125 0.38671875 0.0341796875 0.05859375
0 0.7568359375 0.8427734375 0.0322265625 0.0966796875