0 0.71044921875 0.0341796875 0.01708984375 0.02490234375
0 0.90869140625 0.4150390625 0.0185546875 0.02734375
0 0.82275390625 0.00732421875 0.02099609375 0.01416015625
0 0.88037109375 0.173828125 0.02099609375 0.01953125
0 0.8837890625 0.6337890625 0.02001953125 0.0390625
0 0.865234375 0.52197265625 0.015625 0.02783203125
0 0.72216796875 0.05419921875 0.01513671875 0.02392578125
0 0.70556640625 0.10302734375 0.01611328125 0.029296875
0 0.76220703125 0.44921875 0.0185546875 0.03515625
0 0.8291015625 0.0380859375 0.0185546875 0.01806640625
0 0.9482421875 0.529296875 0.0205078125 0.0302734375
0 0.86376953125 0.2109375 0.01806640625 0.025390625
0 0.89208984375 0.5361328125 0.01513671875 0.0263671875
0 0.8427734375 0.79248046875 0.01953125 0.0380859375
0 0.990234375 0.72216796875 0.01953125 0.0380859375
0 0.86669921875 0.40478515625 0.015625 0.0244140625
0 0.8759765625 0.0498046875 0.01611328125 0.02490234375
0 0.77490234375 0.60009765625 0.01318359375 0.02099609375
0 0.88623046875 0.9072265625 0.02392578125 0.0439453125
0 0.96923828125 0.888671875 0.0234375 0.05078125
0 0.85498046875 0.685546875 0.017578125 0.03759765625
0 0.80419921875 0.44775390625 0.01611328125 0.0390625
0 0.83154296875 0.54296875 0.01904296875 0.04150390625
0 0.79736328125 0.505859375 0.01025390625 0.02685546875
0 0.71240234375 0.7939453125 0.0205078125 0.03759765625
0 0.95556640625 0.740234375 0.01953125 0.03662109375
0 0.82421875 0.32763671875 0.01806640625 0.03173828125
0 0.9716796875 0.9296875 0.01318359375 0.0341796875
0 0.81298828125 0.42626953125 0.0166015625 0.03271484375
0 0.78564453125 0.5078125 0.0166015625 0.02734375
0 0.69677734375 0.11474609375 0.01708984375 0.02001953125
0 0.92919921875 0.7080078125 0.017578125 0.0419921875
0 0.7080078125 0.27978515625 0.0146484375 0.03662109375
0 0.72509765625 0.68701171875 0.01416015625 0.041015625
0 0.78515625 0.466796875 0.01123046875 0.02978515625
0 0.8056640625 0.1083984375 0.017578125 0.029296875
0 0.75732421875 0.005859375 0.01513671875 0.0107421875