0 0.0908203125 0.93603515625 0.025390625 0.041015625
0 0.2236328125 0.783203125 0.0263671875 0.03515625
0 0.09423828125 0.6708984375 0.0244140625 0.0322265625
0 0.099609375 0.47314453125 0.021484375 0.0263671875
0 0.33984375 0.96142578125 0.03125 0.0439453125
0 0.31005859375 0.9677734375 0.0341796875 0.0458984375
0 0.35693359375 0.90576171875 0.02734375 0.0419921875
0 0.0810546875 0.40673828125 0.013671875 0.0244140625
0 0.43505859375 0.9423828125 0.017578125 0.041015625
0 0.15380859375 0.9375 0.0244140625 0.044921875
0 0.0126953125 0.85107421875 0.01953125 0.037109375
0 0.59033203125 0.9189453125 0.0166015625 0.0419921875
0 0.01611328125 0.9453125 0.0322265625 0.0390625
0 0.05078125 0.59326171875 0.0166015625 0.0263671875
0 0.46484375 0.98779296875 0.0166015625 0.0234375
0 0.228515625 0.8447265625 0.01953125 0.041015625
0 0.416015625 0.8388671875 0.0234375 0.0400390625
0 0.1669921875 0.8857421875 0.0185546875 0.0458984375
0 0.1708984375 0.54345703125 0.015625 0.0234375
0 0.052734375 0.82373046875 0.0224609375 0.037109375
0 0.13818359375 0.96435546875 0.03515625 0.03515625
0 0.04052734375 0.71240234375 0.0224609375 0.0302734375
0 0.10888671875 0.97607421875 0.0224609375 0.0341796875
0 0.37646484375 0.78515625 0.017578125 0.03125
0 0.0107421875 0.69091796875 0.021484375 0.0205078125
0 0.49951171875 0.630859375 0.0166015625 0.033203125
0 0.14990234375 0.35888671875 0.0126953125 0.021484375
0 0.609375 0.72119140625 0.01953125 0.02734375
0 0.28076171875 0.779296875 0.0283203125 0.025390625
0 0.029296875 0.28515625 0.01171875 0.013671875
0 0.02880859375 0.80810546875 0.0302734375 0.03515625
0 0.10400390625 0.2783203125 0.0126953125 0.0146484375
0 0.35791015625 0.73291015625 0.0166015625 0.0302734375
0 0.43994140625 0.90087890625 0.0263671875 0.04296875
0 0.02734375 0.587890625 0.0107421875 0.0263671875
0 0.03369140625 0.34765625 0.009765625 0.01953125
0 0.32470703125 0.6083984375 0.0166015625 0.02734375
0 0.67529296875 0.79638671875 0.015625 0.0185546875
0 0.103515625 0.54638671875 0.0107421875 0.029296875
0 0.26708984375 0.7998046875 0.02734375 0.0185546875
0 0.2490234375 0.75634765625 0.0205078125 0.033203125
0 0.033203125 0.89111328125 0.025390625 0.0263671875
0 0.56396484375 0.9833984375 0.0224609375 0.033203125
0 0.3203125 0.86279296875 0.017578125 0.033203125
0 0.20166015625 0.78955078125 0.015625 0.0234375
0 0.50927734375 0.7216796875 0.0107421875 0.025390625
0 0.0732421875 0.36474609375 0.0146484375 0.01953125
0 0.375 0.927734375 0.0224609375 0.0283203125
0 0.6240234375 0.953125 0.0205078125 0.048828125
0 0.14794921875 0.98388671875 0.029296875 0.021484375
0 0.212890625 0.88671875 0.025390625 0.029296875
0 0.36181640625 0.6181640625 0.01171875 0.0244140625
0 0.05908203125 0.7734375 0.013671875 0.0244140625
0 0.3984375 0.826171875 0.0146484375 0.03515625
0 0.44873046875 0.6552734375 0.0146484375 0.033203125
0 0.63427734375 0.8740234375 0.03125 0.0283203125
0 0.00830078125 0.81298828125 0.0166015625 0.0380859375
0 0.580078125 0.94091796875 0.0234375 0.0302734375
0 0.19873046875 0.98779296875 0.0302734375 0.0146484375
0 0.40771484375 0.97900390625 0.0302734375 0.0400390625
0 0.0185546875 0.3515625 0.0087890625 0.017578125
0 0.00634765625 0.7626953125 0.0126953125 0.025390625
0 0.69091796875 0.9462890625 0.01953125 0.021484375