0 0.2587890625 0.28271484375 0.02099609375 0.0498046875
0 0.48681640625 0.90966796875 0.01904296875 0.04638671875
0 0.5908203125 0.9462890625 0.02001953125 0.0478515625
0 0.44384765625 0.861328125 0.02685546875 0.044921875
0 0.53759765625 0.9462890625 0.0185546875 0.03759765625
0 0.837890625 0.9443359375 0.02197265625 0.03515625
0 0.50439453125 0.8466796875 0.03076171875 0.03271484375
0 0.24951171875 0.3759765625 0.01904296875 0.04296875
0 0.49560546875 0.7724609375 0.03564453125 0.03564453125
0 0.8623046875 0.869140625 0.0166015625 0.04052734375
0 0.83056640625 0.876953125 0.01416015625 0.0419921875
0 0.2802734375 0.35986328125 0.02197265625 0.04931640625
0 0.326171875 0.677734375 0.01904296875 0.05810546875
0 0.21484375 0.28125 0.02001953125 0.05322265625
0 0.224609375 0.2158203125 0.01953125 0.0546875
0 0.35888671875 0.7158203125 0.02734375 0.02587890625
0 0.2373046875 0.37109375 0.01708984375 0.05078125
0 0.2744140625 0.46728515625 0.017578125 0.0576171875