0 0.4423828125 0.48876953125 0.013671875 0.029296875
0 0.4150390625 0.669921875 0.015625 0.0341796875
0 0.3125 0.42822265625 0.0146484375 0.0263671875
0 0.361328125 0.462890625 0.0146484375 0.0263671875
0 0.0771484375 0.564453125 0.013671875 0.0224609375
0 0.35791015625 0.43701171875 0.017578125 0.029296875
0 0.18359375 0.681640625 0.0146484375 0.0263671875
0 0.22265625 0.7978515625 0.0107421875 0.0205078125
0 0.1494140625 0.67529296875 0.0126953125 0.0234375
0 0.18212890625 0.67431640625 0.0087890625 0.013671875
0 0.30810546875 0.49072265625 0.015625 0.03125