0 0.76318359375 0.23681640625 0.06884765625 0.07861328125
0 0.58251953125 0.533203125 0.07470703125 0.10693359375
0 0.59228515625 0.705078125 0.07958984375 0.11669921875
0 0.619140625 0.0927734375 0.05908203125 0.06591796875
0 0.07373046875 0.3642578125 0.07080078125 0.10205078125
0 0.9443359375 0.08154296875 0.0537109375 0.0625
0 0.86669921875 0.73046875 0.11767578125 0.11572265625
0 0.7119140625 0.07958984375 0.0234375 0.0732421875
0 0.15625 0.04833984375 0.0224609375 0.052734375
0 0.865234375 0.05517578125 0.05810546875 0.05908203125
0 0.61376953125 0.05029296875 0.02294921875 0.0341796875
0 0.0947265625 0.984375 0.0419921875 0.03125
0 0.13134765625 0.02099609375 0.0185546875 0.0419921875