0 0.4111328125 0.34326171875 0.0478515625 0.0771484375
0 0.41650390625 0.64306640625 0.0322265625 0.0498046875
0 0.46044921875 0.916015625 0.03125 0.07421875
0 0.63916015625 0.7216796875 0.0322265625 0.0673828125
0 0.0458984375 0.568359375 0.046875 0.0634765625
0 0.3837890625 0.52880859375 0.0361328125 0.0693359375
0 0.32666015625 0.7880859375 0.0390625 0.0390625
0 0.306640625 0.45947265625 0.04296875 0.078125
0 0.0419921875 0.67822265625 0.04296875 0.0595703125
0 0.5419921875 0.30712890625 0.0400390625 0.068359375
0 0.29541015625 0.62939453125 0.044921875 0.05859375
0 0.4560546875 0.833984375 0.0322265625 0.064453125
0 0.11767578125 0.42041015625 0.04296875 0.0615234375
0 0.58154296875 0.42333984375 0.0400390625 0.068359375
0 0.287109375 0.44921875 0.044921875 0.064453125
0 0.83447265625 0.6201171875 0.0498046875 0.0478515625
0 0.26953125 0.669921875 0.048828125 0.0595703125
0 0.0732421875 0.8173828125 0.0400390625 0.0693359375
0 0.5 0.72509765625 0.04296875 0.05078125
0 0.3642578125 0.615234375 0.0400390625 0.0625
0 0.3251953125 0.1142578125 0.0341796875 0.076171875
0 0.14111328125 0.22900390625 0.05078125 0.0634765625
0 0.607421875 0.79541015625 0.03515625 0.06640625
0 0.53271484375 0.6689453125 0.0361328125 0.072265625
0 0.529296875 0.84326171875 0.037109375 0.048828125
0 0.5810546875 0.14404296875 0.05078125 0.0537109375
0 0.30615234375 0.12255859375 0.0322265625 0.0693359375
0 0.04638671875 0.0888671875 0.0146484375 0.021484375
0 0.12890625 0.07763671875 0.041015625 0.03515625
0 0.2607421875 0.35205078125 0.052734375 0.060546875
0 0.77490234375 0.89501953125 0.0390625 0.0673828125
0 0.6474609375 0.3583984375 0.041015625 0.05859375
0 0.33935546875 0.9619140625 0.041015625 0.0732421875
0 0.0673828125 0.09326171875 0.0380859375 0.0400390625
0 0.326171875 0.990234375 0.0390625 0.01953125
0 0.509765625 0.71142578125 0.0166015625 0.025390625
0 0.076171875 0.7890625 0.013671875 0.0185546875
0 0.529296875 0.640625 0.013671875 0.021484375
0 0.35302734375 0.59423828125 0.0126953125 0.0224609375
0 0.37158203125 0.91796875 0.041015625 0.060546875
0 0.3818359375 0.5009765625 0.015625 0.01953125
0 0.62744140625 0.7373046875 0.0302734375 0.0654296875
0 0.25732421875 0.68896484375 0.046875 0.0654296875