0 0.85546875 0.4716796875 0.02978515625 0.05224609375
0 0.88525390625 0.57421875 0.013671875 0.06787109375
0 0.95361328125 0.5224609375 0.015625 0.04296875
0 0.9638671875 0.4775390625 0.01953125 0.0556640625
0 0.8603515625 0.23046875 0.0185546875 0.05029296875
0 0.78662109375 0.5234375 0.01513671875 0.03369140625
0 0.95166015625 0.2998046875 0.0185546875 0.06689453125
0 0.82568359375 0.419921875 0.01513671875 0.06884765625
0 0.88232421875 0.1201171875 0.01953125 0.05224609375
0 0.8525390625 0.087890625 0.021484375 0.05419921875
0 0.833984375 0.576171875 0.01318359375 0.056640625
0 0.82080078125 0.3408203125 0.02099609375 0.0634765625
0 0.8896484375 0.04833984375 0.01416015625 0.044921875
0 0.85546875 0.15234375 0.0263671875 0.052734375
0 0.8828125 0.27978515625 0.01708984375 0.05908203125
0 0.9150390625 0.2021484375 0.015625 0.0537109375
0 0.88037109375 0.169921875 0.01318359375 0.041015625
0 0.8994140625 0.29296875 0.01708984375 0.0576171875
0 0.99072265625 0.185546875 0.017578125 0.05859375
0 0.84912109375 0.52001953125 0.0166015625 0.06201171875
0 0.779296875 0.60986328125 0.015625 0.0576171875
0 0.8662109375 0.275390625 0.0146484375 0.056640625
0 0.8193359375 0.0693359375 0.01513671875 0.05029296875
0 0.9833984375 0.80859375 0.02001953125 0.0615234375
0 0.9501953125 0.06005859375 0.01708984375 0.04833984375
0 0.974609375 0.58447265625 0.0126953125 0.04833984375
0 0.93212890625 0.1240234375 0.0146484375 0.0576171875
0 0.8330078125 0.013671875 0.01806640625 0.02734375
0 0.9296875 0.037109375 0.015625 0.0439453125
0 0.9716796875 0.0703125 0.01611328125 0.05126953125
0 0.86376953125 0.0380859375 0.01220703125 0.04248046875
0 0.96142578125 0.060546875 0.009765625 0.04345703125
0 0.9853515625 0.07177734375 0.01123046875 0.0458984375
0 0.94189453125 0.03125 0.0107421875 0.04052734375
0 0.93017578125 0.0166015625 0.013671875 0.02392578125
0 0.87939453125 0.07666015625 0.0146484375 0.02978515625
0 0.87255859375 0.0400390625 0.01220703125 0.03466796875
0 0.85595703125 0.037109375 0.0166015625 0.0439453125
0 0.85009765625 0.02099609375 0.013671875 0.0283203125
0 0.857421875 0.1162109375 0.01611328125 0.02783203125
0 0.83203125 0.0654296875 0.0126953125 0.0400390625
0 0.83935546875 0.08349609375 0.01220703125 0.037109375
0 0.99658203125 0.04931640625 0.0068359375 0.0458984375