0 0.70361328125 0.04345703125 0.0166015625 0.021484375
0 0.83447265625 0.515625 0.0146484375 0.0234375
0 0.69921875 0.46044921875 0.0146484375 0.0302734375
0 0.490234375 0.02880859375 0.015625 0.03515625
0 0.49609375 0.3544921875 0.0126953125 0.0341796875
0 0.89208984375 0.43994140625 0.01953125 0.033203125
0 0.5556640625 0.43603515625 0.0185546875 0.02734375
0 0.607421875 0.3447265625 0.0146484375 0.021484375
0 0.4697265625 0.33056640625 0.0166015625 0.037109375
0 0.646484375 0.4150390625 0.015625 0.0283203125
0 0.47802734375 0.10205078125 0.0146484375 0.0390625
0 0.57861328125 0.40966796875 0.0185546875 0.03125
0 0.81396484375 0.072265625 0.01953125 0.033203125
0 0.50048828125 0.1591796875 0.0166015625 0.029296875
0 0.87060546875 0.44287109375 0.01953125 0.037109375
0 0.466796875 0.2138671875 0.01953125 0.0361328125
0 0.87451171875 0.3466796875 0.0166015625 0.0380859375
0 0.4765625 0.26611328125 0.015625 0.0361328125
0 0.85107421875 0.29541015625 0.0185546875 0.0400390625
0 0.55810546875 0.16943359375 0.015625 0.033203125
0 0.51806640625 0.294921875 0.0146484375 0.029296875
0 0.5537109375 0.3681640625 0.013671875 0.0361328125
0 0.68017578125 0.08642578125 0.013671875 0.0302734375
0 0.55908203125 0.28173828125 0.013671875 0.0400390625
0 0.78466796875 0.39990234375 0.01171875 0.0244140625
0 0.68115234375 0.2626953125 0.01171875 0.0234375
0 0.88525390625 0.19775390625 0.0126953125 0.03515625
0 0.8525390625 0.19091796875 0.0185546875 0.03515625
0 0.953125 0.07373046875 0.0166015625 0.0361328125
0 0.8662109375 0.2705078125 0.0185546875 0.0224609375
0 0.94775390625 0.0830078125 0.0166015625 0.0244140625
0 0.6767578125 0.3173828125 0.0146484375 0.0234375
0 0.8134765625 0.10595703125 0.0126953125 0.0244140625
0 0.50048828125 0.12646484375 0.0166015625 0.0234375
0 0.53271484375 0.24072265625 0.01171875 0.029296875
0 0.59765625 0.05712890625 0.021484375 0.0283203125
0 0.89990234375 0.30126953125 0.01953125 0.0322265625
0 0.47802734375 0.21435546875 0.01953125 0.0361328125
0 0.80029296875 0.251953125 0.015625 0.03515625
0 0.99609375 0.3662109375 0.0078125 0.0234375
0 0.71142578125 0.36865234375 0.01953125 0.02734375
0 0.6484375 0.11572265625 0.0107421875 0.0283203125
0 0.79443359375 0.30419921875 0.0166015625 0.0361328125
0 0.57861328125 0.19775390625 0.0166015625 0.041015625
0 0.74169921875 0.427734375 0.01171875 0.0205078125
0 0.8701171875 0.16162109375 0.0205078125 0.0400390625
0 0.70458984375 0.2666015625 0.01171875 0.02734375
0 0.78759765625 0.431640625 0.01171875 0.0283203125
0 0.619140625 0.046875 0.0185546875 0.03125
0 0.87744140625 0.140625 0.017578125 0.0361328125
0 0.7431640625 0.20947265625 0.0146484375 0.0234375
0 0.70556640625 0.30126953125 0.015625 0.03515625
0 0.75390625 0.3427734375 0.0087890625 0.01953125
0 0.66162109375 0.14306640625 0.0166015625 0.0322265625
0 0.62841796875 0.06884765625 0.0146484375 0.021484375
0 0.68408203125 0.1708984375 0.0146484375 0.0341796875
0 0.736328125 0.26513671875 0.0185546875 0.0322265625
0 0.6015625 0.21240234375 0.0166015625 0.0341796875
0 0.7958984375 0.3701171875 0.015625 0.041015625
0 0.8955078125 0.18115234375 0.0146484375 0.0380859375
0 0.7177734375 0.1962890625 0.01953125 0.02734375
0 0.7578125 0.14306640625 0.017578125 0.025390625
0 0.64404296875 0.20947265625 0.0146484375 0.0283203125
0 0.779296875 0.19677734375 0.021484375 0.0419921875
0 0.83056640625 0.08154296875 0.01171875 0.0205078125
0 0.99365234375 0.35107421875 0.0126953125 0.0263671875
0 0.8046875 0.4013671875 0.01953125 0.0283203125
0 0.75439453125 0.197265625 0.0166015625 0.029296875
0 0.748046875 0.2763671875 0.0146484375 0.0224609375
0 0.0517578125 0.19921875 0.0078125 0.009765625
0 0.02783203125 0.181640625 0.00390625 0.0087890625
0 0.8876953125 0.146484375 0.0126953125 0.025390625
0 0.109375 0.20166015625 0.0087890625 0.0107421875
0 0.30078125 0.37890625 0.0087890625 0.0146484375