0 0.0703125 0.876953125 0.009765625 0.02734375
0 0.3798828125 0.884765625 0.00927734375 0.029296875
0 0.173828125 0.87158203125 0.0126953125 0.02587890625
0 0.20751953125 0.8857421875 0.0107421875 0.02490234375
0 0.10205078125 0.873046875 0.0126953125 0.02685546875
0 0.35302734375 0.8330078125 0.009765625 0.02197265625
0 0.15625 0.87255859375 0.01416015625 0.02587890625
0 0.12109375 0.7900390625 0.01123046875 0.0224609375
0 0.15380859375 0.8984375 0.01513671875 0.02685546875
0 0.61376953125 0.8154296875 0.0146484375 0.02783203125
0 0.07763671875 0.9365234375 0.0185546875 0.03076171875
0 0.12890625 0.87744140625 0.01318359375 0.02587890625
0 0.01708984375 0.853515625 0.01220703125 0.02392578125
0 0.1572265625 0.6787109375 0.00830078125 0.017578125
0 0.21484375 0.75927734375 0.01220703125 0.021484375
0 0.46875 0.60498046875 0.01123046875 0.02001953125
0 0.3193359375 0.60791015625 0.00830078125 0.01611328125
0 0.39501953125 0.685546875 0.00927734375 0.01904296875
0 0.412109375 0.93212890625 0.01318359375 0.02294921875
0 0.3857421875 0.826171875 0.0166015625 0.02734375
0 0.28955078125 0.9140625 0.02099609375 0.029296875
0 0.646484375 0.7548828125 0.01171875 0.02685546875
0 0.4697265625 0.80322265625 0.01318359375 0.02294921875
0 0.5234375 0.83642578125 0.02001953125 0.02783203125
0 0.27685546875 0.8017578125 0.0166015625 0.02490234375
0 0.10595703125 0.71826171875 0.01220703125 0.02099609375
0 0.0830078125 0.857421875 0.0166015625 0.02880859375
0 0.6083984375 0.7529296875 0.01416015625 0.0263671875
0 0.64697265625 0.7109375 0.01025390625 0.021484375
0 0.62353515625 0.857421875 0.0234375 0.033203125
0 0.24658203125 0.80029296875 0.01416015625 0.01708984375
0 0.4228515625 0.8115234375 0.0166015625 0.02587890625
0 0.130859375 0.748046875 0.01611328125 0.0224609375
0 0.265625 0.76318359375 0.0146484375 0.0205078125
0 0.44189453125 0.83447265625 0.015625 0.021484375
0 0.60888671875 0.86865234375 0.02197265625 0.02880859375
0 0.1396484375 0.82421875 0.015625 0.0234375
0 0.30029296875 0.87060546875 0.01708984375 0.0283203125
0 0.07177734375 0.61962890625 0.00732421875 0.015625
0 0.40478515625 0.84033203125 0.01806640625 0.02490234375
0 0.38818359375 0.5634765625 0.0107421875 0.015625
0 0.10546875 0.7490234375 0.01123046875 0.01953125
0 0.13525390625 0.78369140625 0.015625 0.02392578125
0 0.078125 0.82421875 0.01513671875 0.02783203125
0 0.193359375 0.55029296875 0.01025390625 0.01513671875
0 0.57275390625 0.7802734375 0.01416015625 0.025390625
0 0.1181640625 0.57666015625 0.0078125 0.01318359375
0 0.6181640625 0.96875 0.01953125 0.0322265625
0 0.2509765625 0.81689453125 0.017578125 0.02294921875
0 0.3603515625 0.62451171875 0.01513671875 0.0166015625
0 0.525390625 0.66162109375 0.0146484375 0.021484375
0 0.31201171875 0.6455078125 0.00927734375 0.01611328125
0 0.08056640625 0.962890625 0.0234375 0.02978515625
0 0.1318359375 0.576171875 0.0107421875 0.01416015625
0 0.5380859375 0.845703125 0.02197265625 0.0283203125
0 0.43212890625 0.55810546875 0.0107421875 0.015625
0 0.23974609375 0.693359375 0.0107421875 0.0185546875
0 0.65087890625 0.72607421875 0.0166015625 0.02392578125
0 0.408203125 0.728515625 0.0126953125 0.02001953125
0 0.5263671875 0.818359375 0.0166015625 0.02783203125
0 0.4091796875 0.58203125 0.01220703125 0.01904296875
0 0.10205078125 0.61962890625 0.0078125 0.01123046875
0 0.33203125 0.56787109375 0.009765625 0.01416015625
0 0.25732421875 0.77880859375 0.01806640625 0.02001953125
0 0.58642578125 0.7529296875 0.01806640625 0.0244140625
0 0.11279296875 0.77978515625 0.013671875 0.0224609375
0 0.08984375 0.6201171875 0.00830078125 0.01806640625
0 0.3115234375 0.951171875 0.02294921875 0.02783203125
0 0.462890625 0.58544921875 0.01220703125 0.02001953125
0 0.0283203125 0.8662109375 0.0205078125 0.0283203125
0 0.009765625 0.650390625 0.01123046875 0.01806640625
0 0.40625 0.66552734375 0.0166015625 0.01904296875
0 0.2626953125 0.60107421875 0.013671875 0.017578125
0 0.318359375 0.54150390625 0.00830078125 0.01220703125
0 0.45703125 0.67724609375 0.01611328125 0.0205078125
0 0.4560546875 0.9296875 0.02392578125 0.03076171875
0 0.4814453125 0.86669921875 0.02099609375 0.02783203125
0 0.5625 0.7255859375 0.009765625 0.01953125
0 0.177734375 0.5400390625 0.00830078125 0.0146484375
0 0.1923828125 0.7900390625 0.0205078125 0.01416015625
0 0.3720703125 0.615234375 0.0126953125 0.0166015625
0 0.50146484375 0.875 0.02392578125 0.02685546875
0 0.05859375 0.9150390625 0.02197265625 0.029296875
0 0.47412109375 0.669921875 0.01708984375 0.0224609375
0 0.05126953125 0.81201171875 0.01025390625 0.013671875
0 0.236328125 0.61669921875 0.0146484375 0.01904296875
0 0.02587890625 0.623046875 0.01171875 0.01708984375
0 0.12548828125 0.6279296875 0.0126953125 0.01708984375
0 0.224609375 0.560546875 0.0068359375 0.01123046875
0 0.3974609375 0.7744140625 0.0166015625 0.02392578125
0 0.3720703125 0.85888671875 0.02197265625 0.02392578125
0 0.00390625 0.85693359375 0.0078125 0.0166015625
0 0.38525390625 0.9375 0.0224609375 0.02587890625
0 0.0966796875 0.939453125 0.02685546875 0.02978515625
0 0.1875 0.7783203125 0.017578125 0.02197265625
0 0.57568359375 0.73583984375 0.01953125 0.0244140625
0 0.3203125 0.55224609375 0.00927734375 0.01416015625
0 0.0908203125 0.98876953125 0.02099609375 0.0224609375
0 0.2900390625 0.53515625 0.01123046875 0.01416015625
0 0.33984375 0.55908203125 0.01171875 0.015625
0 0.04345703125 0.9599609375 0.0244140625 0.02978515625
0 0.41015625 0.94775390625 0.01904296875 0.0244140625
0 0.3974609375 0.5576171875 0.0126953125 0.01611328125
0 0.24169921875 0.5556640625 0.01220703125 0.015625
0 0.5703125 0.82470703125 0.021484375 0.02783203125
0 0.4296875 0.6611328125 0.01708984375 0.02099609375
0 0.3046875 0.53955078125 0.01171875 0.015625
0 0.5625 0.85400390625 0.02587890625 0.0302734375
0 0.390625 0.611328125 0.015625 0.01806640625
0 0.4423828125 0.607421875 0.01513671875 0.0185546875
0 0.330078125 0.595703125 0.01513671875 0.017578125
0 0.1064453125 0.54638671875 0.01171875 0.01416015625
0 0.4560546875 0.59423828125 0.01025390625 0.01318359375
0 0.189453125 0.95654296875 0.02490234375 0.033203125
0 0.2373046875 0.72900390625 0.01611328125 0.0224609375
0 0.349609375 0.53759765625 0.01220703125 0.0146484375
0 0.3828125 0.58984375 0.0107421875 0.01123046875
0 0.51416015625 0.646484375 0.0146484375 0.017578125
0 0.4345703125 0.755859375 0.02001953125 0.02392578125
0 0.6328125 0.9228515625 0.02587890625 0.0322265625
0 0.20751953125 0.90966796875 0.025390625 0.02978515625
0 0.15625 0.71875 0.01904296875 0.0224609375
0 0.42724609375 0.5947265625 0.0166015625 0.01611328125
0 0.62939453125 0.787109375 0.02197265625 0.0283203125
0 0.1005859375 0.6728515625 0.01611328125 0.01708984375
0 0.1162109375 0.70068359375 0.0185546875 0.0205078125
0 0.62255859375 0.67138671875 0.01416015625 0.0224609375
0 0.2216796875 0.60205078125 0.0166015625 0.01708984375
0 0.5576171875 0.87744140625 0.02783203125 0.03271484375
0 0.271484375 0.923828125 0.02734375 0.02783203125
0 0.369140625 0.576171875 0.01513671875 0.01806640625
0 0.68017578125 0.79931640625 0.0185546875 0.02783203125
0 0.0283203125 0.55517578125 0.01025390625 0.01171875
0 0.51904296875 0.80810546875 0.025390625 0.0263671875
0 0.5361328125 0.9443359375 0.02685546875 0.033203125
0 0.1162109375 0.533203125 0.0078125 0.013671875
0 0.501953125 0.490234375 0.01025390625 0.0146484375
0 0.41796875 0.615234375 0.02001953125 0.01953125
0 0.3740234375 0.94287109375 0.0234375 0.029296875
0 0.232421875 0.52001953125 0.0078125 0.013671875
0 0.20947265625 0.5634765625 0.0087890625 0.0068359375
0 0.61865234375 0.76806640625 0.025390625 0.01318359375
0 0.43115234375 0.720703125 0.009765625 0.01025390625