0 0.6494140625 0.23583984375 0.08447265625 0.21533203125
0 0.7421875 0.52783203125 0.1279296875 0.2138671875
0 0.27490234375 0.06787109375 0.14306640625 0.1357421875
0 0.90771484375 0.1083984375 0.0869140625 0.216796875
0 0.5517578125 0.41357421875 0.1123046875 0.26953125
0 0.375 0.37109375 0.125 0.23876953125
0 0.04541015625 0.548828125 0.08740234375 0.15966796875
0 0.42236328125 0.9140625 0.0859375 0.1669921875
0 0.11181640625 0.9150390625 0.07177734375 0.16796875
0 0.236328125 0.9521484375 0.1162109375 0.095703125
0 0.771484375 0.27392578125 0.10400390625 0.251953125
0 0.9365234375 0.951171875 0.12646484375 0.09228515625
0 0.203125 0.35400390625 0.1298828125 0.14892578125
0 0.9697265625 0.39208984375 0.0576171875 0.1435546875
0 0.20751953125 0.6328125 0.14013671875 0.19482421875