0 0.8564453125 0.8193359375 0.033203125 0.0380859375
0 0.7744140625 0.59521484375 0.01953125 0.0244140625
0 0.7470703125 0.67626953125 0.0224609375 0.02734375
0 0.94873046875 0.66748046875 0.025390625 0.03125
0 0.73828125 0.7470703125 0.0224609375 0.03125
0 0.99560546875 0.794921875 0.0087890625 0.03515625
0 0.677734375 0.830078125 0.0322265625 0.0361328125
0 0.83447265625 0.7724609375 0.0283203125 0.0341796875
0 0.63232421875 0.86669921875 0.0322265625 0.03515625
0 0.970703125 0.89208984375 0.025390625 0.0390625
0 0.51318359375 0.7177734375 0.0283203125 0.029296875
0 0.8662109375 0.47900390625 0.0205078125 0.0205078125
0 0.623046875 0.66552734375 0.0205078125 0.025390625
0 0.5185546875 0.857421875 0.0322265625 0.037109375
0 0.697265625 0.8505859375 0.029296875 0.0322265625
0 0.9482421875 0.7822265625 0.0322265625 0.03515625
0 0.8984375 0.51806640625 0.0185546875 0.021484375
0 0.83251953125 0.63671875 0.0205078125 0.0244140625
0 0.9140625 0.79736328125 0.0244140625 0.0341796875
0 0.91455078125 0.55810546875 0.017578125 0.0234375
0 0.9501953125 0.69921875 0.0244140625 0.03125
0 0.94873046875 0.81787109375 0.0322265625 0.03515625
0 0.8857421875 0.548828125 0.0224609375 0.0234375
0 0.888671875 0.67626953125 0.0205078125 0.0263671875
0 0.76611328125 0.6455078125 0.021484375 0.0234375
0 0.46337890625 0.744140625 0.02734375 0.0302734375
0 0.8486328125 0.57373046875 0.0224609375 0.025390625
0 0.88232421875 0.7568359375 0.021484375 0.0302734375
0 0.41455078125 0.7841796875 0.029296875 0.037109375
0 0.970703125 0.833984375 0.03125 0.03515625
0 0.494140625 0.51416015625 0.01953125 0.0185546875
0 0.39501953125 0.71630859375 0.0263671875 0.03125
0 0.58740234375 0.7353515625 0.01953125 0.029296875
0 0.44140625 0.89599609375 0.0263671875 0.037109375
0 0.470703125 0.7724609375 0.0234375 0.0302734375
0 0.919921875 0.86083984375 0.021484375 0.03125
0 0.5732421875 0.83984375 0.01953125 0.0302734375
0 0.5859375 0.65966796875 0.0234375 0.017578125
0 0.98486328125 0.482421875 0.015625 0.0205078125
0 0.556640625 0.7060546875 0.0166015625 0.025390625
0 0.556640625 0.7724609375 0.0263671875 0.0302734375
0 0.4833984375 0.796875 0.033203125 0.037109375
0 0.75537109375 0.48486328125 0.017578125 0.0205078125
0 0.62841796875 0.732421875 0.0234375 0.029296875
0 0.53857421875 0.783203125 0.029296875 0.0322265625
0 0.75830078125 0.7958984375 0.0234375 0.03125
0 0.88330078125 0.59814453125 0.01953125 0.0244140625
0 0.98828125 0.70361328125 0.0234375 0.0322265625
0 0.76513671875 0.5615234375 0.0146484375 0.0205078125
0 0.60595703125 0.7080078125 0.0205078125 0.029296875
0 0.736328125 0.423828125 0.015625 0.017578125
0 0.5615234375 0.56103515625 0.0205078125 0.0234375
0 0.4228515625 0.84912109375 0.0263671875 0.0380859375
0 0.8046875 0.45361328125 0.015625 0.0185546875
0 0.5 0.75146484375 0.02734375 0.033203125
0 0.91064453125 0.728515625 0.0244140625 0.0302734375
0 0.92626953125 0.7294921875 0.0205078125 0.0302734375
0 0.58984375 0.55908203125 0.0224609375 0.0224609375
0 0.8017578125 0.623046875 0.017578125 0.0263671875
0 0.39306640625 0.6787109375 0.021484375 0.029296875
0 0.8583984375 0.736328125 0.01953125 0.0244140625
0 0.43505859375 0.65771484375 0.0244140625 0.0263671875
0 0.376953125 0.6015625 0.021484375 0.025390625
0 0.345703125 0.736328125 0.0224609375 0.0302734375
0 0.64404296875 0.71630859375 0.0205078125 0.0302734375
0 0.96923828125 0.7841796875 0.0263671875 0.0361328125
0 0.677734375 0.71826171875 0.015625 0.0244140625
0 0.37158203125 0.68603515625 0.0205078125 0.0283203125
0 0.83251953125 0.748046875 0.0146484375 0.025390625
0 0.853515625 0.42578125 0.013671875 0.015625
0 0.65380859375 0.75 0.017578125 0.0283203125
0 0.91357421875 0.9140625 0.0205078125 0.02734375
0 0.88623046875 0.6357421875 0.021484375 0.02734375
0 0.96435546875 0.45703125 0.013671875 0.01953125
0 0.421875 0.6787109375 0.01953125 0.0234375
0 0.95068359375 0.39013671875 0.0126953125 0.013671875
0 0.7333984375 0.46875 0.0126953125 0.0185546875
0 0.91650390625 0.45849609375 0.0146484375 0.0185546875
0 0.65478515625 0.478515625 0.01953125 0.0205078125
0 0.36083984375 0.6572265625 0.021484375 0.0263671875
0 0.87890625 0.72998046875 0.017578125 0.0283203125
0 0.603515625 0.6220703125 0.0166015625 0.0224609375
0 0.830078125 0.65185546875 0.0205078125 0.0166015625
0 0.81787109375 0.392578125 0.0166015625 0.0166015625
0 0.75244140625 0.63427734375 0.017578125 0.021484375
0 0.77734375 0.68408203125 0.0205078125 0.0244140625
0 0.41845703125 0.7412109375 0.015625 0.0283203125
0 0.4599609375 0.64111328125 0.0205078125 0.021484375
0 0.44140625 0.76220703125 0.021484375 0.0322265625
0 0.66162109375 0.77392578125 0.0146484375 0.0302734375
0 0.62353515625 0.4228515625 0.015625 0.0166015625
0 0.86865234375 0.42041015625 0.0126953125 0.015625
0 0.61328125 0.4638671875 0.0185546875 0.0205078125
0 0.7841796875 0.41064453125 0.0126953125 0.015625
0 0.5947265625 0.5048828125 0.0185546875 0.021484375
0 0.45068359375 0.70068359375 0.017578125 0.0263671875
0 0.52099609375 0.48876953125 0.015625 0.021484375
0 0.86865234375 0.39404296875 0.0146484375 0.017578125
0 0.68701171875 0.41015625 0.013671875 0.013671875
0 0.54296875 0.5791015625 0.0205078125 0.0234375
0 0.609375 0.5771484375 0.015625 0.0205078125
0 0.669921875 0.53173828125 0.013671875 0.01953125
0 0.59130859375 0.45556640625 0.0146484375 0.0166015625
0 0.67041015625 0.41796875 0.0146484375 0.017578125
0 0.6142578125 0.50537109375 0.017578125 0.01953125
0 0.64453125 0.8408203125 0.021484375 0.0283203125
0 0.908203125 0.5947265625 0.015625 0.021484375
0 0.57470703125 0.47607421875 0.0166015625 0.01953125
0 0.84375 0.53466796875 0.0107421875 0.017578125
0 0.568359375 0.51220703125 0.015625 0.021484375
0 0.62939453125 0.51123046875 0.017578125 0.01953125
0 0.78125 0.6689453125 0.0146484375 0.0205078125
0 0.90673828125 0.62744140625 0.017578125 0.0234375
0 0.4296875 0.7958984375 0.0224609375 0.0322265625
0 0.52001953125 0.5078125 0.0166015625 0.025390625
0 0.47265625 0.57080078125 0.01953125 0.029296875
0 0.57666015625 0.45068359375 0.01171875 0.015625
0 0.54931640625 0.45458984375 0.009765625 0.015625
0 0.5146484375 0.57861328125 0.0126953125 0.0185546875
0 0.3623046875 0.642578125 0.015625 0.0205078125
0 0.8974609375 0.46337890625 0.01171875 0.0185546875
0 0.5341796875 0.50732421875 0.013671875 0.0205078125
0 0.900390625 0.6396484375 0.017578125 0.0224609375
0 0.97412109375 0.64892578125 0.0126953125 0.0146484375
0 0.6494140625 0.45068359375 0.0126953125 0.017578125
0 0.634765625 0.44189453125 0.0185546875 0.021484375
0 0.4326171875 0.78271484375 0.0185546875 0.02734375
0 0.60302734375 0.48046875 0.0126953125 0.0126953125
0 0.66943359375 0.48828125 0.0087890625 0.017578125
0 0.75439453125 0.42626953125 0.0078125 0.01171875
0 0.6279296875 0.43798828125 0.013671875 0.017578125
0 0.63818359375 0.828125 0.015625 0.0244140625
0 0.93212890625 0.80078125 0.0263671875 0.0341796875
0 0.4501953125 0.64453125 0.0146484375 0.0224609375
0 0.6572265625 0.421875 0.0078125 0.01171875
0 0.8876953125 0.46484375 0.0087890625 0.01171875
0 0.58154296875 0.486328125 0.009765625 0.0126953125
0 0.4716796875 0.564453125 0.0146484375 0.017578125
0 0.5771484375 0.50830078125 0.013671875 0.0166015625
0 0.5283203125 0.49609375 0.0146484375 0.0166015625
0 0.46484375 0.39892578125 0.013671875 0.015625
0 0.484375 0.78369140625 0.025390625 0.025390625
0 0.76953125 0.42578125 0.009765625 0.0078125
0 0.73876953125 0.3857421875 0.009765625 0.013671875
0 0.57958984375 0.61767578125 0.01171875 0.0126953125
0 0.4130859375 0.65966796875 0.033203125 0.01953125
0 0.859375 0.380859375 0.0126953125 0.015625