0 0.51806640625 0.7783203125 0.015625 0.0224609375
0 0.53076171875 0.78125 0.01953125 0.0244140625
0 0.5419921875 0.771484375 0.0146484375 0.0166015625
0 0.7314453125 0.70361328125 0.015625 0.0166015625
0 0.56640625 0.75634765625 0.015625 0.0205078125
0 0.61572265625 0.83447265625 0.015625 0.0224609375
0 0.4765625 0.77685546875 0.01171875 0.0185546875
0 0.8388671875 0.69970703125 0.013671875 0.0166015625
0 0.951171875 0.72900390625 0.0166015625 0.017578125
0 0.591796875 0.7060546875 0.017578125 0.0224609375
0 0.87353515625 0.7685546875 0.0146484375 0.017578125
0 0.7431640625 0.70361328125 0.013671875 0.0166015625
0 0.88134765625 0.7509765625 0.0107421875 0.0146484375
0 0.8525390625 0.77392578125 0.0166015625 0.0185546875
0 0.8984375 0.70556640625 0.0146484375 0.0166015625
0 0.46728515625 0.79736328125 0.0185546875 0.0205078125
0 0.64990234375 0.83203125 0.017578125 0.0224609375
0 0.54541015625 0.7294921875 0.015625 0.0146484375
0 0.60107421875 0.904296875 0.0185546875 0.0283203125
0 0.8173828125 0.69970703125 0.013671875 0.015625
0 0.86474609375 0.70361328125 0.013671875 0.0146484375
0 0.70751953125 0.7265625 0.015625 0.0166015625
0 0.8076171875 0.71044921875 0.0107421875 0.0126953125
0 0.615234375 0.8046875 0.0185546875 0.0224609375
0 0.88330078125 0.71044921875 0.015625 0.017578125
0 0.7958984375 0.74169921875 0.015625 0.017578125
0 0.6201171875 0.93701171875 0.0185546875 0.0224609375
0 0.59521484375 0.7646484375 0.0146484375 0.01953125
0 0.5244140625 0.7080078125 0.0107421875 0.017578125
0 0.93017578125 0.70166015625 0.009765625 0.009765625
0 0.57568359375 0.70703125 0.0185546875 0.01953125
0 0.60498046875 0.7666015625 0.01953125 0.01953125
0 0.91259765625 0.76611328125 0.0185546875 0.021484375
0 0.84033203125 0.9892578125 0.0166015625 0.021484375
0 0.96337890625 0.6982421875 0.0078125 0.0126953125
0 0.6923828125 0.70361328125 0.01171875 0.017578125
0 0.544921875 0.7392578125 0.0126953125 0.015625
0 0.6162109375 0.79443359375 0.0146484375 0.015625
0 0.9130859375 0.7568359375 0.01171875 0.013671875