0 0.51318359375 0.40087890625 0.015625 0.0244140625
0 0.47265625 0.46484375 0.02734375 0.0390625
0 0.22509765625 0.28369140625 0.0224609375 0.0341796875
0 0.0400390625 0.12451171875 0.021484375 0.033203125
0 0.33837890625 0.17041015625 0.0263671875 0.048828125
0 0.5263671875 0.33154296875 0.0205078125 0.0263671875
0 0.17578125 0.32763671875 0.01953125 0.03125
0 0.5361328125 0.00390625 0.021484375 0.0078125
0 0.05322265625 0.28955078125 0.0185546875 0.03125
0 0.115234375 0.28466796875 0.021484375 0.033203125
0 0.07861328125 0.1923828125 0.0205078125 0.03515625
0 0.56982421875 0.14697265625 0.0185546875 0.0283203125
0 0.12890625 0.23486328125 0.0224609375 0.033203125
0 0.53369140625 0.0205078125 0.021484375 0.0341796875
0 0.52685546875 0.2451171875 0.0185546875 0.0283203125
0 0.33203125 0.1552734375 0.015625 0.01953125
0 0.47998046875 0.2001953125 0.021484375 0.0302734375
0 0.52392578125 0.39599609375 0.0185546875 0.02734375
0 0.5087890625 0.31396484375 0.021484375 0.0322265625
0 0.328125 0.03759765625 0.0146484375 0.0185546875
0 0.3515625 0.1630859375 0.0205078125 0.03125
0 0.53857421875 0.02734375 0.01171875 0.017578125
0 0.083984375 0.3046875 0.015625 0.0185546875
0 0.58447265625 0.0078125 0.0107421875 0.015625