0 0.11181640625 0.47021484375 0.015625 0.01953125
0 0.0029296875 0.33154296875 0.005859375 0.0205078125
0 0.05810546875 0.37353515625 0.0185546875 0.0146484375
0 0.0908203125 0.8134765625 0.0205078125 0.021484375
0 0.126953125 0.31982421875 0.0107421875 0.01953125
0 0.0146484375 0.083984375 0.0185546875 0.0185546875
0 0.02880859375 0.2314453125 0.0205078125 0.01953125
0 0.091796875 0.34228515625 0.0146484375 0.015625
0 0.0615234375 0.240234375 0.0234375 0.021484375
0 0.00244140625 0.068359375 0.0048828125 0.015625
0 0.06982421875 0.98583984375 0.01953125 0.0234375
0 0.0390625 0.1494140625 0.017578125 0.015625
0 0.06640625 0.4794921875 0.0146484375 0.013671875
0 0.03076171875 0.4619140625 0.015625 0.017578125
0 0.07177734375 0.93505859375 0.0283203125 0.0341796875
0 0.1279296875 0.9716796875 0.033203125 0.0380859375
0 0.09033203125 0.23388671875 0.01953125 0.0185546875
0 0.0029296875 0.13134765625 0.005859375 0.0146484375
0 0.08837890625 0.4423828125 0.015625 0.0205078125
0 0.0029296875 0.16796875 0.005859375 0.015625
0 0.01953125 0.13232421875 0.015625 0.015625
0 0.16796875 0.39404296875 0.009765625 0.0263671875
0 0.01611328125 0.20654296875 0.0146484375 0.01953125
0 0.05078125 0.07861328125 0.015625 0.017578125
0 0.091796875 0.40625 0.0185546875 0.01953125
0 0.01806640625 0.0458984375 0.02734375 0.013671875
0 0.02783203125 0.20361328125 0.013671875 0.0185546875
0 0.06396484375 0.0673828125 0.0126953125 0.021484375
0 0.05078125 0.19482421875 0.0205078125 0.0166015625
0 0.00146484375 0.41162109375 0.0029296875 0.0185546875
0 0.00439453125 0.18408203125 0.0087890625 0.0126953125
0 0.13427734375 0.32666015625 0.0126953125 0.021484375