0 0.5400390625 0.6865234375 0.048828125 0.0537109375
0 0.5673828125 0.447265625 0.041015625 0.056640625
0 0.63037109375 0.6357421875 0.0517578125 0.0576171875
0 0.6826171875 0.4228515625 0.04296875 0.044921875
0 0.47265625 0.6884765625 0.044921875 0.048828125
0 0.71533203125 0.52880859375 0.0390625 0.0546875
0 0.396484375 0.96044921875 0.0380859375 0.056640625
0 0.56884765625 0.55224609375 0.03515625 0.0537109375
0 0.50634765625 0.7705078125 0.0478515625 0.0595703125
0 0.80908203125 0.2919921875 0.0576171875 0.0810546875
0 0.76171875 0.43017578125 0.046875 0.0634765625
0 0.3408203125 0.97119140625 0.0498046875 0.044921875
0 0.46875 0.52099609375 0.04296875 0.0458984375
0 0.61962890625 0.47705078125 0.0341796875 0.078125
0 0.85888671875 0.48486328125 0.0380859375 0.0576171875
0 0.884765625 0.71875 0.04296875 0.056640625
0 0.982421875 0.4609375 0.03515625 0.0693359375
0 0.59033203125 0.9765625 0.0517578125 0.046875
0 0.93505859375 0.5751953125 0.05078125 0.0859375
0 0.65771484375 0.4658203125 0.0400390625 0.064453125