0 0.23974609375 0.14794921875 0.0751953125 0.0908203125
0 0.5205078125 0.73486328125 0.0673828125 0.125
0 0.0078125 0.25390625 0.015625 0.083984375
0 0.59375 0.35693359375 0.05859375 0.095703125
0 0.3603515625 0.697265625 0.0888671875 0.1181640625
0 0.77880859375 0.23974609375 0.03515625 0.078125
0 0.71630859375 0.07275390625 0.05078125 0.0751953125
0 0.20263671875 0.27099609375 0.05859375 0.0673828125
0 0.21142578125 0.091796875 0.0498046875 0.06640625
0 0.39453125 0.91015625 0.06640625 0.1123046875
0 0.01025390625 0.396484375 0.0205078125 0.091796875
0 0.88916015625 0.01025390625 0.0361328125 0.0205078125
0 0.63037109375 0.01025390625 0.0576171875 0.0205078125
0 0.09765625 0.12060546875 0.0556640625 0.0615234375
0 0.703125 0.54150390625 0.0712890625 0.1318359375
0 0.75390625 0.2109375 0.041015625 0.0556640625
0 0.70068359375 0.45947265625 0.03515625 0.0810546875
0 0.509765625 0.16552734375 0.0302734375 0.04296875
0 0.26953125 0.6865234375 0.080078125 0.087890625
0 0.81005859375 0.0087890625 0.0458984375 0.017578125
0 0.251953125 0.05078125 0.02734375 0.033203125
0 0.33935546875 0.17724609375 0.048828125 0.0830078125
0 0.85986328125 0.43115234375 0.0498046875 0.076171875
0 0.5302734375 0.0302734375 0.04296875 0.060546875
0 0.51171875 0.14501953125 0.025390625 0.03125
0 0.73681640625 0.041015625 0.03515625 0.0419921875
0 0.21240234375 0.14697265625 0.0810546875 0.0966796875
0 0.14013671875 0.08740234375 0.0517578125 0.068359375