0 0.85986328125 0.1044921875 0.0146484375 0.03857421875
0 0.74658203125 0.109375 0.01611328125 0.0341796875
0 0.97119140625 0.533203125 0.01904296875 0.04443359375
0 0.4931640625 0.17236328125 0.013671875 0.0390625
0 0.37744140625 0.18701171875 0.0146484375 0.04443359375
0 0.884765625 0.1376953125 0.0126953125 0.0341796875
0 0.9873046875 0.1572265625 0.0146484375 0.04052734375
0 0.12255859375 0.07373046875 0.01806640625 0.0400390625
0 0.4775390625 0.08203125 0.0166015625 0.0537109375
0 0.998046875 0.494140625 0.00390625 0.029296875
0 0.91796875 0.17626953125 0.01318359375 0.041015625
0 0.85302734375 0.169921875 0.01123046875 0.03369140625
0 0.7646484375 0.1064453125 0.0146484375 0.03125
0 0.74755859375 0.01904296875 0.0126953125 0.0341796875
0 0.9287109375 0.09765625 0.01123046875 0.04150390625
0 0.6298828125 0.076171875 0.01171875 0.03076171875
0 0.6845703125 0.064453125 0.01123046875 0.03662109375
0 0.78857421875 0.02294921875 0.0126953125 0.0458984375
0 0.365234375 0.0205078125 0.01904296875 0.025390625
0 0.39501953125 0.0537109375 0.01416015625 0.04052734375
0 0.71826171875 0.1240234375 0.01171875 0.0458984375
0 0.55908203125 0.09228515625 0.01025390625 0.02880859375
0 0.5751953125 0.05029296875 0.0126953125 0.0400390625
0 0.732421875 0.11767578125 0.017578125 0.02880859375
0 0.603515625 0.03369140625 0.0146484375 0.0361328125
0 0.91943359375 0.0595703125 0.01318359375 0.0390625
0 0.99755859375 0.02392578125 0.00439453125 0.03759765625
0 0.66015625 0.05029296875 0.015625 0.03759765625
0 0.4384765625 0.1611328125 0.01318359375 0.0380859375
0 0.95751953125 0.12060546875 0.01171875 0.0322265625
0 0.4052734375 0.01123046875 0.0107421875 0.0224609375
0 0.4912109375 0.24169921875 0.01611328125 0.0400390625
0 0.7529296875 0.06005859375 0.01953125 0.02783203125
0 0.70068359375 0.02197265625 0.00830078125 0.0390625
0 0.62451171875 0.033203125 0.01220703125 0.0400390625
0 0.97314453125 0.01318359375 0.01025390625 0.0263671875
0 0.00927734375 0.15673828125 0.01806640625 0.0263671875
0 0.02587890625 0.1298828125 0.0244140625 0.0263671875
0 0.49365234375 0.27978515625 0.01806640625 0.04052734375
0 0.025390625 0.15576171875 0.0263671875 0.03466796875