0 0.90380859375 0.45849609375 0.0283203125 0.04638671875
0 0.75341796875 0.8837890625 0.02001953125 0.04052734375
0 0.73046875 0.11865234375 0.0283203125 0.0400390625
0 0.509765625 0.5439453125 0.017578125 0.04248046875
0 0.55859375 0.8798828125 0.0390625 0.046875
0 0.9814453125 0.78955078125 0.02392578125 0.044921875
0 0.849609375 0.22900390625 0.01953125 0.044921875
0 0.90234375 0.06103515625 0.02197265625 0.04296875
0 0.6328125 0.306640625 0.02099609375 0.04736328125
0 0.615234375 0.51806640625 0.02197265625 0.05419921875
0 0.66259765625 0.1259765625 0.02734375 0.0341796875
0 0.61669921875 0.24609375 0.0185546875 0.05224609375
0 0.681640625 0.259765625 0.02734375 0.0478515625
0 0.80615234375 0.54638671875 0.0244140625 0.03662109375
0 0.83154296875 0.1796875 0.01904296875 0.04833984375
0 0.72119140625 0.53955078125 0.0185546875 0.04443359375
0 0.490234375 0.9755859375 0.02587890625 0.04296875
0 0.56103515625 0.60693359375 0.029296875 0.048828125
0 0.708984375 0.83642578125 0.02001953125 0.04638671875
0 0.56689453125 0.9541015625 0.03662109375 0.0400390625
0 0.98095703125 0.49365234375 0.0283203125 0.041015625
0 0.9482421875 0.552734375 0.015625 0.04248046875
0 0.6171875 0.18701171875 0.017578125 0.04443359375
0 0.736328125 0.486328125 0.017578125 0.04296875
0 0.61962890625 0.90087890625 0.0390625 0.0556640625
0 0.61083984375 0.140625 0.02197265625 0.05517578125
0 0.70068359375 0.1025390625 0.0166015625 0.0439453125
0 0.84375 0.01513671875 0.0234375 0.0302734375
0 0.662109375 0.2158203125 0.02197265625 0.04736328125
0 0.58935546875 0.3037109375 0.02099609375 0.04541015625
0 0.724609375 0.01953125 0.01806640625 0.0380859375
0 0.75537109375 0.642578125 0.01611328125 0.025390625
0 0.5478515625 0.80224609375 0.0302734375 0.0556640625
0 0.68212890625 0.34619140625 0.01611328125 0.0546875
0 0.66357421875 0.08935546875 0.03173828125 0.03662109375
0 0.50634765625 0.93212890625 0.04443359375 0.0927734375
0 0.78515625 0.35205078125 0.013671875 0.03857421875
0 0.67138671875 0.2529296875 0.01708984375 0.03857421875
0 0.5546875 0.5 0.03076171875 0.04443359375
0 0.9697265625 0.42919921875 0.02685546875 0.03173828125
0 0.990234375 0.759765625 0.0185546875 0.0361328125
0 0.68896484375 0.9150390625 0.0283203125 0.0400390625
0 0.4501953125 0.16259765625 0.025390625 0.0458984375
0 0.888671875 0.79833984375 0.01904296875 0.04833984375
0 0.4921875 0.90185546875 0.015625 0.041015625
0 0.74072265625 0.20703125 0.0283203125 0.04345703125