0 0.9130859375 0.87255859375 0.0107421875 0.01806640625
0 0.94775390625 0.80615234375 0.01025390625 0.02099609375
0 0.9189453125 0.78125 0.0087890625 0.0224609375
0 0.85498046875 0.8916015625 0.0087890625 0.02294921875
0 0.88134765625 0.86181640625 0.0068359375 0.0166015625
0 0.9384765625 0.755859375 0.009765625 0.0205078125
0 0.962890625 0.79833984375 0.00830078125 0.021484375
0 0.89208984375 0.8017578125 0.00732421875 0.01904296875
0 0.93212890625 0.77587890625 0.01123046875 0.02490234375
0 0.9052734375 0.744140625 0.00830078125 0.01611328125
0 0.98388671875 0.4228515625 0.01025390625 0.0322265625
0 0.986328125 0.54296875 0.00927734375 0.01806640625
0 0.9443359375 0.79248046875 0.01171875 0.0107421875
0 0.912109375 0.75048828125 0.00732421875 0.0146484375
0 0.95166015625 0.84130859375 0.0078125 0.0234375
0 0.98974609375 0.716796875 0.0078125 0.02490234375
0 0.96240234375 0.4091796875 0.00830078125 0.01904296875
0 0.96142578125 0.9951171875 0.0126953125 0.009765625