0 0.07373046875 0.17236328125 0.01171875 0.01953125
0 0.02734375 0.45263671875 0.0166015625 0.025390625
0 0.2060546875 0.82568359375 0.017578125 0.025390625
0 0.1044921875 0.70654296875 0.015625 0.0263671875
0 0.12451171875 0.8203125 0.0146484375 0.03125
0 0.01220703125 0.951171875 0.021484375 0.017578125
0 0.12744140625 0.89794921875 0.0205078125 0.0283203125
0 0.1376953125 0.66259765625 0.021484375 0.0244140625
0 0.1044921875 0.8720703125 0.01171875 0.021484375
0 0.24365234375 0.84765625 0.0224609375 0.0224609375
0 0.2890625 0.90283203125 0.013671875 0.0205078125
0 0.03564453125 0.8916015625 0.0205078125 0.021484375
0 0.13232421875 0.6953125 0.013671875 0.0224609375
0 0.01220703125 0.91064453125 0.0244140625 0.0361328125
0 0.01806640625 0.8681640625 0.015625 0.0205078125
0 0.0029296875 0.900390625 0.005859375 0.029296875
0 0.01806640625 0.37548828125 0.0107421875 0.0234375
0 0.15625 0.7001953125 0.0205078125 0.02734375
0 0.2373046875 0.85693359375 0.01953125 0.0224609375
0 0.10888671875 0.9150390625 0.0185546875 0.0244140625
0 0.13720703125 0.68359375 0.0087890625 0.0166015625
0 0.1279296875 0.810546875 0.0087890625 0.0166015625