0 0.892578125 0.59765625 0.0224609375 0.0556640625
0 0.53857421875 0.326171875 0.033203125 0.046875
0 0.75439453125 0.45654296875 0.0283203125 0.0537109375
0 0.751953125 0.29052734375 0.01806640625 0.0498046875
0 0.6982421875 0.3125 0.02197265625 0.048828125
0 0.61083984375 0.10302734375 0.0224609375 0.0576171875
0 0.6611328125 0.13818359375 0.02294921875 0.0615234375
0 0.66064453125 0.869140625 0.029296875 0.05029296875
0 0.98779296875 0.57861328125 0.0244140625 0.05859375
0 0.49169921875 0.373046875 0.01953125 0.04345703125
0 0.54296875 0.43505859375 0.0263671875 0.05712890625
0 0.69091796875 0.7509765625 0.03125 0.05126953125
0 0.59814453125 0.33447265625 0.02685546875 0.0615234375
0 0.6103515625 0.7451171875 0.03515625 0.05712890625
0 0.7646484375 0.13232421875 0.02099609375 0.04736328125
0 0.79833984375 0.33740234375 0.0234375 0.0400390625
0 0.56982421875 0.80810546875 0.04052734375 0.0458984375
0 0.548828125 0.72607421875 0.03857421875 0.0498046875
0 0.66259765625 0.05712890625 0.02783203125 0.04150390625
0 0.591796875 0.044921875 0.0205078125 0.05419921875
0 0.9765625 0.2607421875 0.021484375 0.04296875
0 0.63720703125 0.015625 0.021484375 0.0302734375
0 0.93310546875 0.96533203125 0.033203125 0.06494140625
0 0.486328125 0.84716796875 0.0302734375 0.04931640625
0 0.56591796875 0.11083984375 0.0244140625 0.05078125
0 0.96630859375 0.19287109375 0.02685546875 0.03857421875
0 0.83349609375 0.01171875 0.0185546875 0.0234375
0 0.49658203125 0.9052734375 0.0185546875 0.03369140625
0 0.5 0.78662109375 0.0419921875 0.09423828125
0 0.7021484375 0.65234375 0.01953125 0.03662109375
0 0.72509765625 0.2890625 0.015625 0.033203125
0 0.72607421875 0.861328125 0.013671875 0.03271484375
0 0.74169921875 0.89501953125 0.01953125 0.04443359375
0 0.99658203125 0.32470703125 0.0068359375 0.03955078125
0 0.591796875 0.318359375 0.013671875 0.0341796875
0 0.53857421875 0.64892578125 0.03125 0.06396484375
0 0.4296875 0.71435546875 0.015625 0.0205078125
0 0.75732421875 0.716796875 0.013671875 0.0263671875
0 0.56005859375 0.09814453125 0.0146484375 0.02685546875
0 0.6533203125 0.0478515625 0.01708984375 0.02734375
0 0.787109375 0.01220703125 0.021484375 0.02392578125
0 0.44287109375 0.708984375 0.0400390625 0.052734375