0 0.69384765625 0.32958984375 0.01806640625 0.017578125
0 0.69580078125 0.32373046875 0.01611328125 0.01318359375
0 0.6953125 0.31494140625 0.01708984375 0.00927734375
0 0.7421875 0.259765625 0.013671875 0.02294921875
0 0.73095703125 0.2548828125 0.01513671875 0.02001953125
0 0.67138671875 0.259765625 0.015625 0.01904296875
0 0.71875 0.2880859375 0.0166015625 0.01806640625
0 0.71044921875 0.24658203125 0.015625 0.01513671875
0 0.32275390625 0.3623046875 0.0107421875 0.0166015625
0 0.21875 0.548828125 0.01416015625 0.01904296875
0 0.296875 0.40087890625 0.013671875 0.01708984375
0 0.51611328125 0.27001953125 0.01220703125 0.02001953125
0 0.18701171875 0.55712890625 0.01416015625 0.01953125
0 0.57763671875 0.30859375 0.01318359375 0.0185546875
0 0.62109375 0.2509765625 0.015625 0.01953125
0 0.4287109375 0.25048828125 0.013671875 0.0146484375
0 0.6884765625 0.265625 0.01416015625 0.01708984375
0 0.4453125 0.2236328125 0.013671875 0.01513671875
0 0.09326171875 0.462890625 0.01220703125 0.01708984375
0 0.08447265625 0.5693359375 0.01123046875 0.021484375
0 0.9228515625 0.29150390625 0.01611328125 0.0166015625
0 0.046875 0.5244140625 0.01123046875 0.0205078125
0 0.46875 0.326171875 0.0126953125 0.0185546875
0 0.12353515625 0.45166015625 0.01220703125 0.01611328125
0 0.6796875 0.30029296875 0.01416015625 0.01611328125
0 0.35400390625 0.33154296875 0.01318359375 0.01611328125
0 0.5966796875 0.23828125 0.0126953125 0.013671875
0 0.45751953125 0.21630859375 0.0126953125 0.0166015625
0 0.21533203125 0.5166015625 0.009765625 0.021484375
0 0.42626953125 0.2197265625 0.01318359375 0.01611328125
0 0.078125 0.51806640625 0.00830078125 0.0224609375
0 0.658203125 0.236328125 0.013671875 0.0166015625
0 0.0205078125 0.47509765625 0.0078125 0.02294921875
0 0.58837890625 0.244140625 0.013671875 0.0166015625
0 0.04150390625 0.6962890625 0.01123046875 0.0244140625
0 0.38671875 0.21728515625 0.0078125 0.015625
0 0.30908203125 0.29296875 0.009765625 0.013671875
0 0.01708984375 0.54638671875 0.0107421875 0.01904296875
0 0.158203125 0.4716796875 0.00927734375 0.01708984375
0 0.4912109375 0.2275390625 0.01318359375 0.01171875
0 0.56982421875 0.22265625 0.0087890625 0.01513671875
0 0.2353515625 0.43017578125 0.00732421875 0.01806640625
0 0.05712890625 0.7392578125 0.00830078125 0.02294921875
0 0.14892578125 0.4765625 0.00732421875 0.0185546875
0 0.107421875 0.482421875 0.0068359375 0.0185546875
0 0.2353515625 0.48583984375 0.0068359375 0.02001953125
0 0.15673828125 0.55712890625 0.00830078125 0.0166015625
0 0.0703125 0.52197265625 0.00830078125 0.02099609375
0 0.087890625 0.86669921875 0.015625 0.03369140625
0 0.140625 0.4140625 0.005859375 0.01953125
0 0.13134765625 0.41796875 0.00537109375 0.01904296875
0 0.02734375 0.5419921875 0.00732421875 0.02001953125
0 0.16943359375 0.77685546875 0.01171875 0.033203125
0 0.50390625 0.22265625 0.00927734375 0.01220703125
0 0.30908203125 0.421875 0.009765625 0.0166015625
0 0.51220703125 0.26904296875 0.00439453125 0.01513671875
0 0.65771484375 0.22412109375 0.009765625 0.0166015625
0 0.666015625 0.22412109375 0.0126953125 0.02099609375
0 0.0673828125 0.99462890625 0.013671875 0.009765625