0 0.06005859375 0.0791015625 0.01611328125 0.0341796875
0 0.3955078125 0.1826171875 0.01611328125 0.0380859375
0 0.22705078125 0.017578125 0.02197265625 0.03173828125
0 0.1572265625 0.4052734375 0.02001953125 0.0390625
0 0.22314453125 0.47998046875 0.013671875 0.0322265625
0 0.3330078125 0.275390625 0.0185546875 0.041015625
0 0.03515625 0.5751953125 0.01708984375 0.0498046875
0 0.0390625 0.3203125 0.0126953125 0.037109375
0 0.26220703125 0.01708984375 0.02197265625 0.03173828125
0 0.021484375 0.259765625 0.0146484375 0.03857421875
0 0.19970703125 0.87109375 0.01708984375 0.03955078125
0 0.255859375 0.466796875 0.02490234375 0.03955078125
0 0.076171875 0.84619140625 0.01904296875 0.0380859375
0 0.05908203125 0.57421875 0.0166015625 0.04345703125
0 0.08349609375 0.25 0.015625 0.037109375
0 0.18701171875 0.98681640625 0.01416015625 0.025390625
0 0.2412109375 0.54736328125 0.01904296875 0.03564453125
0 0.07080078125 0.90625 0.0185546875 0.052734375
0 0.2373046875 0.22998046875 0.0166015625 0.0390625
0 0.04931640625 0.17236328125 0.01416015625 0.03564453125
0 0.3369140625 0.2236328125 0.021484375 0.04638671875
0 0.2734375 0.5224609375 0.02099609375 0.0419921875
0 0.04931640625 0.14013671875 0.01708984375 0.03369140625
0 0.0712890625 0.5634765625 0.01611328125 0.04541015625
0 0.2783203125 0.2041015625 0.01953125 0.0361328125
0 0.328125 0.04150390625 0.01416015625 0.021484375
0 0.30615234375 0.05078125 0.02490234375 0.0283203125
0 0.17626953125 0.0888671875 0.02099609375 0.04150390625
0 0.24609375 0.13232421875 0.02197265625 0.0390625
0 0.2275390625 0.14501953125 0.015625 0.03076171875
0 0.1611328125 0.17236328125 0.02197265625 0.03125
0 0.01318359375 0.1025390625 0.0166015625 0.0361328125
0 0.0244140625 0.05859375 0.0107421875 0.029296875
0 0.3486328125 0.05810546875 0.0166015625 0.02099609375
0 0.3291015625 0.08349609375 0.01318359375 0.03125
0 0.173828125 0.1611328125 0.02197265625 0.02197265625
0 0.13720703125 0.1396484375 0.02001953125 0.0322265625
0 0.13671875 0.11767578125 0.021484375 0.03466796875
0 0.0849609375 0.03466796875 0.00732421875 0.02197265625
0 0.15234375 0.11572265625 0.02001953125 0.03955078125
0 0.0283203125 0.11181640625 0.017578125 0.02294921875
0 0.02099609375 0.09375 0.02001953125 0.029296875
0 0.279296875 0.87890625 0.01025390625 0.02197265625
0 0.07958984375 0.20068359375 0.00927734375 0.0146484375