0 0.22021484375 0.525390625 0.009765625 0.02880859375
0 0.10595703125 0.7109375 0.0146484375 0.01416015625
0 0.296875 0.7607421875 0.0107421875 0.02783203125
0 0.08642578125 0.82666015625 0.01708984375 0.01953125
0 0.072265625 0.865234375 0.02001953125 0.01025390625
0 0.91357421875 0.689453125 0.01611328125 0.0146484375
0 0.9228515625 0.646484375 0.01123046875 0.017578125
0 0.92919921875 0.68994140625 0.0166015625 0.0126953125
0 0.92822265625 0.7001953125 0.01513671875 0.0087890625
0 0.8544921875 0.6162109375 0.0146484375 0.01953125
0 0.8095703125 0.60400390625 0.01220703125 0.01904296875
0 0.103515625 0.927734375 0.01171875 0.01513671875
0 0.111328125 0.92431640625 0.00927734375 0.02099609375
0 0.04931640625 0.57763671875 0.01806640625 0.01416015625
0 0.115234375 0.84326171875 0.0185546875 0.025390625
0 0.0556640625 0.9072265625 0.013671875 0.01416015625
0 0.04833984375 0.80322265625 0.01708984375 0.01806640625
0 0.8037109375 0.47265625 0.03076171875 0.02001953125
0 0.6708984375 0.72119140625 0.0244140625 0.0224609375
0 0.466796875 0.78759765625 0.025390625 0.0185546875
0 0.7099609375 0.75537109375 0.02685546875 0.01416015625
0 0.81103515625 0.49658203125 0.0234375 0.02490234375
0 0.8662109375 0.5556640625 0.02001953125 0.0224609375
0 0.87890625 0.521484375 0.01416015625 0.01611328125
0 0.8818359375 0.63671875 0.0166015625 0.01318359375
0 0.14794921875 0.4560546875 0.03271484375 0.01611328125
0 0.21435546875 0.45703125 0.02978515625 0.015625
0 0.634765625 0.8017578125 0.029296875 0.01708984375
0 0.9306640625 0.58740234375 0.0244140625 0.01220703125
0 0.3359375 0.48388671875 0.02587890625 0.01611328125
0 0.421875 0.44970703125 0.02587890625 0.0185546875
0 0.65234375 0.7138671875 0.02294921875 0.01318359375
0 0.7734375 0.47021484375 0.0302734375 0.013671875
0 0.4970703125 0.5322265625 0.02197265625 0.01220703125
0 0.013671875 0.98193359375 0.01806640625 0.0185546875
0 0.8798828125 0.5810546875 0.02783203125 0.01708984375
0 0.607421875 0.61328125 0.0224609375 0.01318359375