0 0.55078125 0.4404296875 0.0166015625 0.03515625
0 0.7578125 0.4482421875 0.0224609375 0.046875
0 0.701171875 0.32373046875 0.01708984375 0.04833984375
0 0.93603515625 0.0634765625 0.01123046875 0.03076171875
0 0.53369140625 0.65380859375 0.02099609375 0.048828125
0 0.72119140625 0.13818359375 0.01611328125 0.048828125
0 0.41748046875 0.1015625 0.0224609375 0.033203125
0 0.65283203125 0.20849609375 0.01806640625 0.0322265625
0 0.3466796875 0.12158203125 0.01416015625 0.02734375
0 0.28076171875 0.056640625 0.01416015625 0.025390625
0 0.20361328125 0.0859375 0.017578125 0.0234375
0 0.3671875 0.046875 0.0224609375 0.017578125
0 0.337890625 0.06005859375 0.01611328125 0.02099609375
0 0.57421875 0.22607421875 0.01123046875 0.03369140625
0 0.525390625 0.29296875 0.01806640625 0.03466796875
0 0.42431640625 0.2666015625 0.01806640625 0.03076171875
0 0.6982421875 0.1474609375 0.01171875 0.0322265625
0 0.3564453125 0.22509765625 0.0126953125 0.03271484375
0 0.37841796875 0.064453125 0.013671875 0.03173828125
0 0.29150390625 0.0498046875 0.0107421875 0.02001953125
0 0.3447265625 0.5498046875 0.0263671875 0.05712890625