0 0.625 0.45166015625 0.0419921875 0.056640625
0 0.37451171875 0.5634765625 0.0458984375 0.0556640625
0 0.37548828125 0.61572265625 0.0439453125 0.0390625
0 0.068359375 0.75439453125 0.0556640625 0.052734375
0 0.1806640625 0.3740234375 0.0361328125 0.0576171875
0 0.5068359375 0.41015625 0.037109375 0.041015625
0 0.34033203125 0.33349609375 0.0380859375 0.046875
0 0.173828125 0.51416015625 0.0478515625 0.046875
0 0.5322265625 0.5126953125 0.04296875 0.0439453125
0 0.51806640625 0.72021484375 0.044921875 0.0546875
0 0.28759765625 0.2490234375 0.0380859375 0.041015625
0 0.31494140625 0.16455078125 0.0419921875 0.041015625
0 0.16015625 0.59130859375 0.048828125 0.0556640625
0 0.189453125 0.24853515625 0.044921875 0.048828125
0 0.537109375 0.3779296875 0.0341796875 0.04296875
0 0.3642578125 0.2861328125 0.0400390625 0.04296875
0 0.3544921875 0.44482421875 0.0498046875 0.05078125
0 0.76123046875 0.10009765625 0.033203125 0.0361328125
0 0.2314453125 0.380859375 0.0361328125 0.0380859375
0 0.775390625 0.6640625 0.0419921875 0.0625
0 0.19091796875 0.6748046875 0.05859375 0.0546875
0 0.5625 0.23828125 0.029296875 0.033203125
0 0.4931640625 0.09326171875 0.033203125 0.0341796875
0 0.48046875 0.69921875 0.05078125 0.0537109375
0 0.97802734375 0.4794921875 0.02734375 0.0458984375
0 0.20654296875 0.42578125 0.041015625 0.041015625
0 0.6328125 0.19970703125 0.0283203125 0.0341796875
0 0.673828125 0.35546875 0.03125 0.0439453125
0 0.79638671875 0.1787109375 0.0361328125 0.046875
0 0.57763671875 0.19384765625 0.0322265625 0.0361328125
0 0.54541015625 0.65673828125 0.0361328125 0.0556640625
0 0.6689453125 0.31787109375 0.03125 0.0439453125
0 0.90869140625 0.6669921875 0.0458984375 0.0439453125
0 0.90380859375 0.21044921875 0.0263671875 0.0400390625
0 0.451171875 0.6748046875 0.0439453125 0.044921875
0 0.9267578125 0.3740234375 0.03125 0.0458984375
0 0.8271484375 0.341796875 0.037109375 0.0517578125
0 0.4931640625 0.619140625 0.04296875 0.0478515625
0 0.70849609375 0.35009765625 0.0341796875 0.046875
0 0.3115234375 0.67919921875 0.04296875 0.0498046875
0 0.61181640625 0.07958984375 0.02734375 0.0302734375
0 0.70458984375 0.6142578125 0.0380859375 0.044921875
0 0.92236328125 0.11865234375 0.03125 0.03515625
0 0.26953125 0.19580078125 0.0390625 0.0439453125
0 0.11328125 0.1279296875 0.0380859375 0.046875
0 0.80322265625 0.37646484375 0.03125 0.0322265625
0 0.42822265625 0.6953125 0.041015625 0.0458984375
0 0.263671875 0.2265625 0.03515625 0.0419921875
0 0.51708984375 0.10302734375 0.033203125 0.0322265625
0 0.48046875 0.11181640625 0.041015625 0.037109375
0 0.13720703125 0.12353515625 0.03515625 0.0361328125