0 0.14013671875 0.900390625 0.033203125 0.037109375
0 0.09716796875 0.96533203125 0.04296875 0.046875
0 0.048828125 0.83544921875 0.025390625 0.03125
0 0.41552734375 0.763671875 0.0234375 0.029296875
0 0.38232421875 0.87939453125 0.0322265625 0.037109375
0 0.36669921875 0.86474609375 0.0302734375 0.0322265625
0 0.28759765625 0.8681640625 0.03515625 0.03515625
0 0.27099609375 0.7421875 0.0185546875 0.021484375
0 0.06494140625 0.95751953125 0.0361328125 0.044921875
0 0.134765625 0.9736328125 0.04296875 0.0478515625
0 0.26171875 0.9169921875 0.0244140625 0.0361328125
0 0.1689453125 0.900390625 0.02734375 0.0205078125
0 0.50341796875 0.92919921875 0.03515625 0.046875
0 0.0361328125 0.76513671875 0.0234375 0.0224609375
0 0.341796875 0.97802734375 0.0390625 0.0439453125
0 0.6171875 0.93310546875 0.029296875 0.0380859375
0 0.08984375 0.7841796875 0.0205078125 0.0234375
0 0.2998046875 0.91650390625 0.029296875 0.041015625
0 0.2470703125 0.69970703125 0.021484375 0.021484375
0 0.19091796875 0.7431640625 0.0234375 0.0234375
0 0.83740234375 0.9462890625 0.048828125 0.0419921875
0 0.29296875 0.96630859375 0.0302734375 0.0439453125
0 0.736328125 0.96240234375 0.052734375 0.033203125
0 0.359375 0.693359375 0.013671875 0.017578125
0 0.10302734375 0.66552734375 0.0146484375 0.015625
0 0.3056640625 0.81396484375 0.0244140625 0.03125
0 0.23095703125 0.90478515625 0.01953125 0.0400390625
0 0.19921875 0.783203125 0.0263671875 0.0263671875
0 0.52880859375 0.990234375 0.0322265625 0.01953125
0 0.23486328125 0.6767578125 0.017578125 0.0185546875
0 0.47021484375 0.76513671875 0.01171875 0.0205078125
0 0.078125 0.70654296875 0.01953125 0.0205078125
0 0.28662109375 0.66650390625 0.015625 0.0185546875
0 0.1376953125 0.80859375 0.03125 0.03125
0 0.0693359375 0.7216796875 0.0244140625 0.0224609375
0 0.29296875 0.82568359375 0.0244140625 0.02734375
0 0.16015625 0.68701171875 0.0087890625 0.009765625
0 0.45458984375 0.736328125 0.01171875 0.0224609375
0 0.21142578125 0.77685546875 0.01953125 0.0263671875
0 0.03466796875 0.6650390625 0.0146484375 0.017578125
0 0.17724609375 0.68896484375 0.0107421875 0.0087890625
0 0.2119140625 0.74755859375 0.0205078125 0.01953125
0 0.0244140625 0.7060546875 0.0126953125 0.0205078125
0 0.03857421875 0.720703125 0.013671875 0.0205078125
0 0.36572265625 0.74267578125 0.025390625 0.021484375
0 0.056640625 0.7041015625 0.01171875 0.017578125
0 0.4404296875 0.6689453125 0.017578125 0.021484375
0 0.04296875 0.6826171875 0.013671875 0.0166015625
0 0.02783203125 0.689453125 0.01953125 0.0185546875
0 0.23095703125 0.66455078125 0.015625 0.0166015625
0 0.21728515625 0.6591796875 0.0126953125 0.015625
0 0.2548828125 0.73681640625 0.01171875 0.013671875
0 0.05810546875 0.67626953125 0.009765625 0.0166015625
0 0.2275390625 0.74267578125 0.01171875 0.0205078125
0 0.021484375 0.68798828125 0.0107421875 0.017578125
0 0.42822265625 0.671875 0.01953125 0.021484375
0 0.08154296875 0.6708984375 0.01171875 0.017578125
0 0.22216796875 0.74755859375 0.017578125 0.0205078125
0 0.0380859375 0.84912109375 0.0107421875 0.0283203125
0 0.3740234375 0.7412109375 0.01171875 0.015625
0 0.2275390625 0.66943359375 0.0341796875 0.03515625
0 0.03076171875 0.76318359375 0.013671875 0.0166015625
0 0.07080078125 0.6748046875 0.0107421875 0.015625
0 0.04833984375 0.70751953125 0.0185546875 0.0166015625