0 0.791015625 0.15576171875 0.02001953125 0.02001953125
0 0.9208984375 0.04541015625 0.02197265625 0.02294921875
0 0.84521484375 0.15576171875 0.02587890625 0.02587890625
0 0.837890625 0.2939453125 0.01953125 0.02490234375
0 0.81787109375 0.17919921875 0.02294921875 0.03125
0 0.740234375 0.01318359375 0.02001953125 0.0234375
0 0.712890625 0.08349609375 0.02392578125 0.0224609375
0 0.8955078125 0.27490234375 0.02392578125 0.02099609375
0 0.703125 0.1142578125 0.01318359375 0.02197265625
0 0.80126953125 0.23876953125 0.0185546875 0.029296875
0 0.89404296875 0.10302734375 0.02294921875 0.02783203125
0 0.70556640625 0.04638671875 0.0185546875 0.02099609375
0 0.8251953125 0.25 0.01904296875 0.02587890625
0 0.955078125 0.3193359375 0.02685546875 0.01904296875
0 0.90576171875 0.13037109375 0.02392578125 0.02490234375
0 0.916015625 0.1513671875 0.0244140625 0.02783203125
0 0.8818359375 0.0625 0.02001953125 0.01953125
0 0.90771484375 0.22265625 0.0166015625 0.029296875
0 0.88037109375 0.328125 0.01806640625 0.029296875
0 0.79443359375 0.22119140625 0.02490234375 0.03369140625