0 0.90966796875 0.16552734375 0.0361328125 0.0517578125
0 0.935546875 0.1591796875 0.0361328125 0.0458984375
0 0.81396484375 0.30859375 0.0341796875 0.060546875
0 0.88525390625 0.22265625 0.0302734375 0.0498046875
0 0.89013671875 0.296875 0.046875 0.0498046875
0 0.95166015625 0.44482421875 0.0419921875 0.072265625
0 0.9736328125 0.11474609375 0.0283203125 0.0390625
0 0.97412109375 0.22314453125 0.033203125 0.0517578125
0 0.90625 0.12060546875 0.01953125 0.0263671875
0 0.7685546875 0.36962890625 0.033203125 0.0654296875
0 0.92822265625 0.07275390625 0.015625 0.0244140625
0 0.99169921875 0.318359375 0.0166015625 0.046875