0 0.20263671875 0.1865234375 0.0263671875 0.03125
0 0.26513671875 0.21142578125 0.01171875 0.013671875
0 0.3818359375 0.28857421875 0.0146484375 0.0166015625
0 0.0859375 0.2666015625 0.01171875 0.013671875
0 0.0908203125 0.767578125 0.0283203125 0.0224609375
0 0.03271484375 0.42431640625 0.0146484375 0.0146484375
0 0.02294921875 0.6142578125 0.0185546875 0.0185546875
0 0.3125 0.85498046875 0.0205078125 0.0185546875
0 0.06396484375 0.400390625 0.01953125 0.0205078125
0 0.03369140625 0.3330078125 0.01171875 0.0146484375
0 0.06298828125 0.333984375 0.015625 0.015625
0 0.17529296875 0.9189453125 0.0224609375 0.021484375
0 0.06201171875 0.72705078125 0.017578125 0.0185546875
0 0.322265625 0.8271484375 0.017578125 0.01953125
0 0.2236328125 0.80078125 0.0185546875 0.01953125
0 0.39697265625 0.49853515625 0.017578125 0.017578125
0 0.4560546875 0.45556640625 0.017578125 0.017578125
0 0.48681640625 0.4404296875 0.0166015625 0.0166015625
0 0.31494140625 0.8994140625 0.0224609375 0.01953125
0 0.07275390625 0.31982421875 0.0146484375 0.0146484375
0 0.1650390625 0.9765625 0.0205078125 0.021484375
0 0.12353515625 0.51123046875 0.013671875 0.0185546875
0 0.11279296875 0.787109375 0.0185546875 0.0205078125
0 0.21728515625 0.2021484375 0.01171875 0.013671875
0 0.4638671875 0.39013671875 0.017578125 0.021484375
0 0.2412109375 0.30078125 0.0166015625 0.017578125
0 0.20556640625 0.22509765625 0.0087890625 0.0126953125
0 0.09521484375 0.3623046875 0.015625 0.015625
0 0.107421875 0.5830078125 0.017578125 0.01953125
0 0.11865234375 0.4365234375 0.017578125 0.017578125
0 0.23291015625 0.216796875 0.013671875 0.0126953125
0 0.103515625 0.30029296875 0.0107421875 0.013671875
0 0.060546875 0.654296875 0.0166015625 0.0166015625
0 0.236328125 0.42431640625 0.015625 0.0166015625
0 0.13720703125 0.59814453125 0.0166015625 0.021484375
0 0.32421875 0.56396484375 0.0146484375 0.0205078125
0 0.275390625 0.3662109375 0.015625 0.015625
0 0.34619140625 0.8076171875 0.0185546875 0.017578125
0 0.248046875 0.7236328125 0.0185546875 0.0185546875
0 0.34619140625 0.96875 0.0263671875 0.02734375
0 0.24560546875 0.23681640625 0.01171875 0.0146484375
0 0.3701171875 0.57421875 0.0185546875 0.0224609375
0 0.2392578125 0.8701171875 0.0224609375 0.0185546875
0 0.12646484375 0.83740234375 0.01953125 0.021484375
0 0.0673828125 0.810546875 0.017578125 0.015625
0 0.197265625 0.443359375 0.0166015625 0.017578125
0 0.205078125 0.931640625 0.0205078125 0.01953125
0 0.24755859375 0.8017578125 0.017578125 0.021484375
0 0.14794921875 0.623046875 0.0185546875 0.017578125
0 0.29248046875 0.203125 0.01953125 0.0185546875
0 0.32470703125 0.423828125 0.0126953125 0.015625
0 0.3984375 0.56103515625 0.01953125 0.017578125
0 0.31005859375 0.966796875 0.01953125 0.025390625
0 0.36181640625 0.6376953125 0.0185546875 0.0244140625
0 0.13232421875 0.3603515625 0.0126953125 0.0146484375
0 0.23974609375 0.3486328125 0.0126953125 0.0166015625
0 0.1953125 0.29150390625 0.0126953125 0.0146484375
0 0.060546875 0.94873046875 0.01953125 0.0224609375
0 0.2275390625 0.44287109375 0.029296875 0.0244140625
0 0.36279296875 0.33740234375 0.0126953125 0.015625
0 0.41455078125 0.5263671875 0.0146484375 0.015625
0 0.337890625 0.46337890625 0.015625 0.017578125
0 0.166015625 0.99169921875 0.021484375 0.0166015625
0 0.09716796875 0.4599609375 0.0224609375 0.0224609375
0 0.3798828125 0.853515625 0.01953125 0.0185546875
0 0.091796875 0.451171875 0.0146484375 0.017578125
0 0.224609375 0.51123046875 0.0146484375 0.015625
0 0.3583984375 0.53271484375 0.017578125 0.017578125
0 0.00830078125 0.63720703125 0.0087890625 0.015625
0 0.0712890625 0.71337890625 0.0166015625 0.015625
0 0.1494140625 0.3486328125 0.0126953125 0.0146484375
0 0.1103515625 0.666015625 0.015625 0.0185546875
0 0.16943359375 0.5 0.015625 0.0166015625
0 0.2353515625 0.5556640625 0.017578125 0.0166015625
0 0.18798828125 0.23095703125 0.0126953125 0.015625
0 0.13330078125 0.384765625 0.0146484375 0.0166015625
0 0.26416015625 0.50927734375 0.0126953125 0.0146484375
0 0.29052734375 0.73681640625 0.0185546875 0.0185546875
0 0.10693359375 0.68896484375 0.0166015625 0.017578125
0 0.33349609375 0.896484375 0.021484375 0.0185546875
0 0.33544921875 0.60546875 0.0166015625 0.017578125
0 0.267578125 0.26318359375 0.01171875 0.015625
0 0.1083984375 0.6484375 0.015625 0.017578125
0 0.197265625 0.9482421875 0.01953125 0.017578125
0 0.2041015625 0.5546875 0.0166015625 0.0185546875
0 0.28759765625 0.4873046875 0.0107421875 0.0185546875
0 0.44091796875 0.39111328125 0.015625 0.0234375
0 0.142578125 0.29736328125 0.01171875 0.0126953125
0 0.1904296875 0.3505859375 0.013671875 0.015625
0 0.3583984375 0.92138671875 0.01953125 0.0185546875
0 0.15185546875 0.36767578125 0.01171875 0.0185546875
0 0.28369140625 0.64404296875 0.01953125 0.0205078125
0 0.34033203125 0.49365234375 0.0166015625 0.015625
0 0.1455078125 0.52392578125 0.0166015625 0.0166015625
0 0.07568359375 0.46142578125 0.0146484375 0.021484375
0 0.1611328125 0.37646484375 0.01953125 0.0185546875
0 0.34326171875 0.83984375 0.017578125 0.0166015625
0 0.2861328125 0.32568359375 0.013671875 0.0166015625
0 0.1318359375 0.2529296875 0.01171875 0.0126953125
0 0.38916015625 0.31689453125 0.0166015625 0.0234375
0 0.1748046875 0.33349609375 0.0126953125 0.015625
0 0.19189453125 0.8310546875 0.0224609375 0.021484375
0 0.1572265625 0.435546875 0.0146484375 0.013671875
0 0.193359375 0.3701171875 0.013671875 0.017578125
0 0.3974609375 0.42138671875 0.0126953125 0.0107421875
0 0.02685546875 0.884765625 0.0205078125 0.0234375
0 0.18408203125 0.6015625 0.01171875 0.015625
0 0.451171875 0.47509765625 0.0234375 0.021484375
0 0.06201171875 0.306640625 0.0107421875 0.01171875
0 0.43115234375 0.68359375 0.0166015625 0.025390625
0 0.384765625 0.693359375 0.0185546875 0.0302734375
0 0.3603515625 0.3134765625 0.0107421875 0.0166015625
0 0.3720703125 0.74462890625 0.015625 0.0185546875
0 0.30859375 0.6357421875 0.015625 0.015625
0 0.21728515625 0.4833984375 0.0126953125 0.015625
0 0.4931640625 0.73095703125 0.0146484375 0.0244140625
0 0.41162109375 0.87353515625 0.0146484375 0.02734375
0 0.34228515625 0.64453125 0.015625 0.0166015625
0 0.171875 0.5380859375 0.015625 0.017578125
0 0.19189453125 0.517578125 0.013671875 0.0146484375
0 0.1513671875 0.31298828125 0.013671875 0.017578125
0 0.14599609375 0.32568359375 0.0126953125 0.013671875
0 0.16845703125 0.25244140625 0.01171875 0.0107421875
0 0.3076171875 0.54150390625 0.01171875 0.013671875
0 0.25537109375 0.255859375 0.0126953125 0.0146484375
0 0.21728515625 0.26318359375 0.01171875 0.0126953125
0 0.35791015625 0.6630859375 0.017578125 0.0244140625
0 0.20361328125 0.3115234375 0.017578125 0.025390625
0 0.1787109375 0.529296875 0.0166015625 0.0146484375
0 0.38330078125 0.61865234375 0.0224609375 0.0234375
0 0.3583984375 0.86572265625 0.0126953125 0.0263671875
0 0.28515625 0.53759765625 0.01171875 0.013671875
0 0.2216796875 0.32763671875 0.0126953125 0.013671875
0 0.1826171875 0.62939453125 0.0146484375 0.0146484375
0 0.23828125 0.6376953125 0.0126953125 0.0146484375
0 0.197265625 0.5673828125 0.0126953125 0.015625
0 0.2138671875 0.236328125 0.0107421875 0.015625
0 0.25146484375 0.349609375 0.009765625 0.013671875
0 0.0185546875 0.91015625 0.009765625 0.0224609375
0 0.24267578125 0.330078125 0.0107421875 0.0146484375
0 0.33837890625 0.576171875 0.021484375 0.01953125
0 0.37451171875 0.60986328125 0.0146484375 0.01953125
0 0.32177734375 0.33642578125 0.0107421875 0.0166015625
0 0.2734375 0.3271484375 0.01171875 0.013671875
0 0.43115234375 0.47314453125 0.0146484375 0.0166015625
0 0.01220703125 0.7724609375 0.005859375 0.015625
0 0.32373046875 0.2548828125 0.0107421875 0.015625
0 0.115234375 0.39404296875 0.013671875 0.0166015625
0 0.3642578125 0.6728515625 0.0234375 0.01953125
0 0.27734375 0.41796875 0.0107421875 0.0126953125
0 0.1044921875 0.4755859375 0.01171875 0.0126953125
0 0.09521484375 0.87939453125 0.013671875 0.0166015625
0 0.091796875 0.7939453125 0.0146484375 0.0185546875
0 0.08349609375 0.84228515625 0.0146484375 0.0166015625
0 0.28955078125 0.66845703125 0.0146484375 0.0146484375
0 0.10400390625 0.8037109375 0.0126953125 0.0166015625
0 0.1455078125 0.6044921875 0.017578125 0.0166015625
0 0.4072265625 0.3349609375 0.0146484375 0.021484375
0 0.341796875 0.525390625 0.0146484375 0.0126953125
0 0.00830078125 0.44677734375 0.0166015625 0.015625
0 0.3330078125 0.26123046875 0.013671875 0.015625
0 0.3369140625 0.6875 0.01953125 0.025390625
0 0.24267578125 0.650390625 0.015625 0.0205078125
0 0.24609375 0.380859375 0.0087890625 0.015625
0 0.30078125 0.93017578125 0.017578125 0.021484375
0 0.4462890625 0.52392578125 0.0087890625 0.021484375
0 0.359375 0.658203125 0.0068359375 0.017578125
0 0.39501953125 0.29638671875 0.0166015625 0.0205078125
0 0.2294921875 0.11083984375 0.0107421875 0.01171875
0 0.53466796875 0.49658203125 0.009765625 0.0107421875
0 0.49658203125 0.44287109375 0.013671875 0.013671875