0 0.4296875 0.62646484375 0.02978515625 0.07666015625
0 0.8359375 0.26953125 0.01416015625 0.05810546875
0 0.7353515625 0.31591796875 0.02197265625 0.05126953125
0 0.28466796875 0.31201171875 0.0244140625 0.05224609375
0 0.63037109375 0.27783203125 0.01318359375 0.0654296875
0 0.8076171875 0.17236328125 0.01904296875 0.052734375
0 0.79345703125 0.1025390625 0.01953125 0.0634765625
0 0.20166015625 0.69873046875 0.03125 0.04931640625
0 0.76416015625 0.0673828125 0.01513671875 0.05517578125
0 0.46142578125 0.12841796875 0.01708984375 0.0478515625
0 0.408203125 0.2294921875 0.017578125 0.05615234375
0 0.48095703125 0.310546875 0.029296875 0.04833984375
0 0.59423828125 0.9326171875 0.0322265625 0.0751953125
0 0.8125 0.54638671875 0.02392578125 0.0693359375
0 0.54833984375 0.30908203125 0.0283203125 0.05322265625
0 0.52490234375 0.46240234375 0.017578125 0.06689453125
0 0.609375 0.52978515625 0.017578125 0.068359375
0 0.0888671875 0.734375 0.03173828125 0.08447265625
0 0.35400390625 0.17333984375 0.01806640625 0.05712890625
0 0.4365234375 0.1513671875 0.01611328125 0.046875
0 0.99072265625 0.27734375 0.017578125 0.07470703125
0 0.6357421875 0.087890625 0.02099609375 0.0546875
0 0.56103515625 0.1865234375 0.01806640625 0.06298828125
0 0.4892578125 0.46728515625 0.02197265625 0.06689453125
0 0.54541015625 0.1552734375 0.0146484375 0.04150390625
0 0.7451171875 0.03076171875 0.0205078125 0.05322265625
0 0.255859375 0.55029296875 0.03271484375 0.03759765625
0 0.8525390625 0.02685546875 0.01953125 0.0537109375
0 0.65673828125 0.751953125 0.03076171875 0.0595703125
0 0.53173828125 0.24072265625 0.0244140625 0.0498046875
0 0.7978515625 0.658203125 0.02099609375 0.0859375
0 0.509765625 0.39697265625 0.029296875 0.0634765625
0 0.2587890625 0.58544921875 0.02587890625 0.05810546875
0 0.419921875 0.06591796875 0.0361328125 0.04345703125
0 0.44677734375 0.3505859375 0.01904296875 0.07177734375
0 0.7158203125 0.08154296875 0.0234375 0.0546875
0 0.97021484375 0.08740234375 0.03466796875 0.03759765625
0 0.1787109375 0.46142578125 0.03076171875 0.05908203125
0 0.94775390625 0.12939453125 0.0302734375 0.06982421875
0 0.57958984375 0.607421875 0.02001953125 0.06201171875
0 0.421875 0.2138671875 0.03125 0.0419921875
0 0.78662109375 0.05322265625 0.01611328125 0.0322265625
0 0.43212890625 0.10791015625 0.017578125 0.0400390625
0 0.5830078125 0.08984375 0.02685546875 0.04052734375
0 0.31201171875 0.8349609375 0.0361328125 0.060546875
0 0.61669921875 0.0556640625 0.01953125 0.04345703125
0 0.38720703125 0.140625 0.025390625 0.04931640625
0 0.8017578125 0.01953125 0.01806640625 0.0341796875
0 0.24072265625 0.9306640625 0.037109375 0.08251953125
0 0.630859375 0.18310546875 0.02392578125 0.0595703125
0 0.38818359375 0.1083984375 0.0263671875 0.0341796875
0 0.93017578125 0.03515625 0.03466796875 0.0380859375
0 0.64306640625 0.4443359375 0.02392578125 0.05859375
0 0.58447265625 0.013671875 0.0302734375 0.0263671875
0 0.974609375 0.0625 0.029296875 0.0224609375
0 0.857421875 0.06884765625 0.02197265625 0.037109375
0 0.42041015625 0.146484375 0.01806640625 0.037109375
0 0.951171875 0.05224609375 0.02197265625 0.0302734375
0 0.99169921875 0.10693359375 0.0166015625 0.03076171875
0 0.93798828125 0.0107421875 0.02490234375 0.021484375
0 0.08984375 0.67724609375 0.0205078125 0.052734375
0 0.17626953125 0.990234375 0.01953125 0.01953125