0 0.21630859375 0.3193359375 0.02099609375 0.0244140625
0 0.52734375 0.2373046875 0.0185546875 0.0263671875
0 0.44140625 0.919921875 0.02001953125 0.0244140625
0 0.63818359375 0.23974609375 0.01953125 0.0263671875
0 0.48876953125 0.43115234375 0.0146484375 0.015625
0 0.29443359375 0.865234375 0.0185546875 0.029296875
0 0.1396484375 0.26416015625 0.0224609375 0.0244140625
0 0.697265625 0.40087890625 0.0185546875 0.02099609375
0 0.3193359375 0.87255859375 0.01611328125 0.02490234375
0 0.365234375 0.5341796875 0.015625 0.02685546875
0 0.48046875 0.8623046875 0.00927734375 0.0185546875
0 0.42724609375 0.439453125 0.01171875 0.0185546875
0 0.86962890625 0.23291015625 0.01708984375 0.0224609375
0 0.77734375 0.30419921875 0.015625 0.05712890625
0 0.88330078125 0.23291015625 0.0185546875 0.0205078125
0 0.3896484375 0.6376953125 0.01171875 0.02734375
0 0.267578125 0.818359375 0.01806640625 0.0224609375
0 0.2958984375 0.41796875 0.01025390625 0.02294921875
0 0.6064453125 0.58447265625 0.01904296875 0.0234375
0 0.4990234375 0.66357421875 0.015625 0.02685546875
0 0.93896484375 0.7763671875 0.01025390625 0.0283203125
0 0.96435546875 0.3388671875 0.01220703125 0.03466796875
0 0.36279296875 0.908203125 0.01416015625 0.0341796875
0 0.66845703125 0.68896484375 0.02001953125 0.02294921875
0 0.7607421875 0.37109375 0.01318359375 0.021484375
0 0.6591796875 0.51171875 0.01318359375 0.02685546875
0 0.298828125 0.9384765625 0.01611328125 0.03173828125
0 0.98779296875 0.3896484375 0.0205078125 0.02001953125
0 0.6611328125 0.2705078125 0.01953125 0.0244140625
0 0.70068359375 0.2529296875 0.025390625 0.02734375
0 0.5048828125 0.57373046875 0.01708984375 0.021484375
0 0.9658203125 0.8759765625 0.013671875 0.025390625
0 0.3515625 0.693359375 0.01708984375 0.025390625
0 0.9814453125 0.8974609375 0.0166015625 0.0224609375
0 0.98095703125 0.35791015625 0.017578125 0.0224609375
0 0.47119140625 0.4521484375 0.01416015625 0.0185546875
0 0.3876953125 0.8671875 0.0087890625 0.02392578125
0 0.7177734375 0.69091796875 0.01513671875 0.03076171875
0 0.46337890625 0.56884765625 0.01220703125 0.01904296875
0 0.38134765625 0.84619140625 0.015625 0.017578125
0 0.7021484375 0.8720703125 0.01416015625 0.02294921875
0 0.99658203125 0.4462890625 0.0068359375 0.021484375
0 0.74609375 0.689453125 0.0166015625 0.02978515625
0 0.3154296875 0.7353515625 0.01123046875 0.015625
0 0.83544921875 0.6611328125 0.02001953125 0.02734375
0 0.4228515625 0.705078125 0.01953125 0.02734375
0 0.52685546875 0.68798828125 0.01611328125 0.02294921875
0 0.30810546875 0.66064453125 0.02001953125 0.01708984375
0 0.3193359375 0.626953125 0.017578125 0.02197265625
0 0.8486328125 0.4033203125 0.01904296875 0.02197265625
0 0.96826171875 0.48876953125 0.01806640625 0.02783203125
0 0.30810546875 0.6865234375 0.01708984375 0.01513671875
0 0.9345703125 0.58984375 0.017578125 0.02392578125
0 0.73388671875 0.2197265625 0.0126953125 0.01904296875
0 0.45654296875 0.48583984375 0.01171875 0.02099609375
0 0.80078125 0.744140625 0.01806640625 0.03564453125
0 0.544921875 0.2880859375 0.015625 0.0283203125
0 0.87890625 0.97119140625 0.009765625 0.02490234375
0 0.54052734375 0.49755859375 0.01708984375 0.02392578125
0 0.43505859375 0.4931640625 0.0126953125 0.02978515625
0 0.69970703125 0.677734375 0.01171875 0.0322265625
0 0.8564453125 0.28759765625 0.0166015625 0.02197265625
0 0.92333984375 0.9287109375 0.01611328125 0.02783203125
0 0.2900390625 0.625 0.0185546875 0.025390625
0 0.53369140625 0.47509765625 0.01611328125 0.03173828125
0 0.98583984375 0.580078125 0.01708984375 0.02490234375
0 0.89306640625 0.75390625 0.01806640625 0.03173828125
0 0.91455078125 0.6640625 0.02001953125 0.02587890625
0 0.3525390625 0.73046875 0.0146484375 0.03125
0 0.8955078125 0.541015625 0.01611328125 0.033203125
0 0.91552734375 0.8330078125 0.0185546875 0.02880859375
0 0.72802734375 0.62109375 0.0205078125 0.0205078125
0 0.50390625 0.458984375 0.015625 0.0322265625
0 0.89794921875 0.49951171875 0.0166015625 0.02392578125
0 0.68115234375 0.27880859375 0.017578125 0.017578125
0 0.75048828125 0.7900390625 0.009765625 0.02099609375
0 0.96435546875 0.9453125 0.01708984375 0.025390625
0 0.4677734375 0.53369140625 0.01416015625 0.01953125
0 0.42724609375 0.56005859375 0.01611328125 0.0302734375
0 0.302734375 0.40771484375 0.00927734375 0.02197265625
0 0.8466796875 0.51904296875 0.017578125 0.0302734375
0 0.88525390625 0.9306640625 0.01806640625 0.0322265625
0 0.9287109375 0.630859375 0.0185546875 0.03369140625
0 0.6806640625 0.24365234375 0.01806640625 0.0166015625
0 0.7548828125 0.7822265625 0.01806640625 0.0361328125
0 0.87548828125 0.48828125 0.0166015625 0.02734375
0 0.74462890625 0.92626953125 0.015625 0.02197265625
0 0.92822265625 0.4501953125 0.01904296875 0.0244140625
0 0.44189453125 0.20166015625 0.01318359375 0.0224609375
0 0.82861328125 0.33984375 0.02001953125 0.02685546875
0 0.9140625 0.63525390625 0.01806640625 0.02490234375
0 0.3359375 0.67529296875 0.01513671875 0.0322265625
0 0.3525390625 0.9912109375 0.01318359375 0.017578125
0 0.67724609375 0.58544921875 0.015625 0.02734375
0 0.68017578125 0.88232421875 0.00830078125 0.0224609375
0 0.33349609375 0.203125 0.01611328125 0.025390625
0 0.654296875 0.484375 0.02001953125 0.0244140625
0 0.25732421875 0.2109375 0.01611328125 0.025390625
0 0.0068359375 0.2109375 0.013671875 0.01953125
0 0.8798828125 0.8017578125 0.01025390625 0.02099609375
0 0.7216796875 0.595703125 0.025390625 0.0341796875
0 0.52392578125 0.521484375 0.01220703125 0.02490234375
0 0.44921875 0.205078125 0.03271484375 0.0390625
0 0.3056640625 0.20556640625 0.02099609375 0.03515625
0 0.76171875 0.412109375 0.01416015625 0.0380859375
0 0.08642578125 0.234375 0.02197265625 0.033203125
0 0.876953125 0.83740234375 0.009765625 0.0234375
0 0.75146484375 0.5771484375 0.0087890625 0.01416015625
0 0.07470703125 0.1982421875 0.01904296875 0.0283203125
0 0.3603515625 0.59130859375 0.0078125 0.01611328125
0 0.74462890625 0.46435546875 0.0107421875 0.01904296875
0 0.71044921875 0.59228515625 0.01025390625 0.025390625
0 0.83056640625 0.6689453125 0.01123046875 0.0146484375