0 0.494140625 0.2666015625 0.0673828125 0.0908203125
0 0.634765625 0.30029296875 0.0849609375 0.10546875
0 0.56494140625 0.40478515625 0.1044921875 0.11328125
0 0.1591796875 0.13525390625 0.0576171875 0.0634765625
0 0.48193359375 0.3115234375 0.072265625 0.0751953125
0 0.6083984375 0.2197265625 0.0771484375 0.0947265625
0 0.5859375 0.56591796875 0.08203125 0.126953125
0 0.5205078125 0.04150390625 0.0673828125 0.0654296875
0 0.263671875 0.1162109375 0.0517578125 0.0576171875
0 0.70458984375 0.22705078125 0.0859375 0.0986328125
0 0.3486328125 0.16943359375 0.0791015625 0.0830078125
0 0.662109375 0.2294921875 0.08203125 0.0927734375
0 0.03759765625 0.400390625 0.0751953125 0.119140625
0 0.2919921875 0.75390625 0.10546875 0.09765625
0 0.134765625 0.275390625 0.087890625 0.1015625
0 0.73974609375 0.677734375 0.138671875 0.1455078125
0 0.6396484375 0.04052734375 0.048828125 0.048828125
0 0.95849609375 0.2587890625 0.0830078125 0.095703125
0 0.361328125 0.00732421875 0.068359375 0.0146484375
0 0.25244140625 0.1875 0.0810546875 0.09375
0 0.24755859375 0.6416015625 0.1416015625 0.1748046875
0 0.86181640625 0.35888671875 0.0712890625 0.0869140625
0 0.29541015625 0.125 0.0673828125 0.0751953125
0 0.48046875 0.02197265625 0.060546875 0.0439453125
0 0.43701171875 0.029296875 0.0693359375 0.05859375
0 0.34033203125 0.91015625 0.0771484375 0.13671875
0 0.43896484375 0.01025390625 0.0517578125 0.0205078125
0 0.96484375 0.6708984375 0.03125 0.0654296875
0 0.9150390625 0.13525390625 0.0546875 0.07421875
0 0.42578125 0.43115234375 0.05859375 0.0703125
0 0.10498046875 0.0244140625 0.0263671875 0.048828125
0 0.62451171875 0.03515625 0.0205078125 0.0390625
0 0.693359375 0.19287109375 0.03515625 0.03125