0 0.72900390625 0.14599609375 0.0283203125 0.0537109375
0 0.89404296875 0.17333984375 0.0341796875 0.0537109375
0 0.91796875 0.09765625 0.0283203125 0.03125
0 0.8466796875 0.1513671875 0.0302734375 0.046875
0 0.71923828125 0.20458984375 0.03125 0.0546875
0 0.9892578125 0.45068359375 0.021484375 0.0673828125
0 0.861328125 0.3564453125 0.0380859375 0.0712890625
0 0.94921875 0.51171875 0.05859375 0.0732421875
0 0.9130859375 0.462890625 0.068359375 0.080078125
0 0.99169921875 0.2529296875 0.0166015625 0.0546875
0 0.99169921875 0.291015625 0.0166015625 0.060546875
0 0.8125 0.1376953125 0.0263671875 0.0537109375
0 0.849609375 0.267578125 0.0380859375 0.0712890625
0 0.9560546875 0.3642578125 0.0478515625 0.0673828125
0 0.98193359375 0.36279296875 0.033203125 0.0537109375