0 0.59765625 0.51318359375 0.00927734375 0.01220703125
0 0.591796875 0.5087890625 0.00830078125 0.01318359375
0 0.74951171875 0.64306640625 0.0126953125 0.01708984375
0 0.7578125 0.63720703125 0.01171875 0.02392578125
0 0.8974609375 0.578125 0.01513671875 0.01416015625
0 0.89013671875 0.56884765625 0.0107421875 0.01220703125
0 0.8671875 0.56005859375 0.0126953125 0.01904296875
0 0.87841796875 0.572265625 0.0126953125 0.01708984375
0 0.6689453125 0.5517578125 0.0126953125 0.013671875
0 0.67138671875 0.56103515625 0.013671875 0.01025390625
0 0.58544921875 0.5322265625 0.01318359375 0.0146484375
0 0.6748046875 0.529296875 0.01171875 0.0126953125
0 0.70849609375 0.646484375 0.01171875 0.0146484375
0 0.466796875 0.66162109375 0.01416015625 0.01806640625
0 0.94091796875 0.720703125 0.01123046875 0.0224609375
0 0.427734375 0.56494140625 0.0107421875 0.01806640625
0 0.56005859375 0.6064453125 0.0087890625 0.015625
0 0.4990234375 0.51708984375 0.01123046875 0.0146484375
0 0.77392578125 0.505859375 0.009765625 0.01953125
0 0.51611328125 0.57177734375 0.00927734375 0.01318359375
0 0.91015625 0.603515625 0.009765625 0.01171875
0 0.65869140625 0.58642578125 0.01513671875 0.0126953125
0 0.5107421875 0.52294921875 0.0107421875 0.01611328125
0 0.5302734375 0.6005859375 0.009765625 0.0146484375
0 0.13671875 0.87548828125 0.01611328125 0.01904296875
0 0.52392578125 0.62451171875 0.0107421875 0.01416015625
0 0.5732421875 0.58642578125 0.0078125 0.015625
0 0.82177734375 0.529296875 0.01171875 0.01513671875
0 0.4775390625 0.5458984375 0.00830078125 0.01416015625
0 0.71533203125 0.6611328125 0.01611328125 0.01953125
0 0.5322265625 0.55322265625 0.00830078125 0.013671875
0 0.84033203125 0.70947265625 0.00927734375 0.0166015625
0 0.29296875 0.802734375 0.01416015625 0.017578125
0 0.2939453125 0.828125 0.013671875 0.0205078125
0 0.44189453125 0.68603515625 0.0087890625 0.01611328125
0 0.17138671875 0.8564453125 0.017578125 0.01806640625
0 0.4619140625 0.66650390625 0.00537109375 0.00927734375
0 0.36572265625 0.740234375 0.00830078125 0.01806640625