0 0.00927734375 0.419921875 0.01123046875 0.02197265625
0 0.03759765625 0.4169921875 0.015625 0.02197265625
0 0.1884765625 0.33740234375 0.01318359375 0.02001953125
0 0.19287109375 0.3466796875 0.02001953125 0.015625
0 0.50927734375 0.25341796875 0.01318359375 0.02197265625
0 0.51416015625 0.24755859375 0.0107421875 0.021484375
0 0.3173828125 0.28515625 0.0146484375 0.0205078125
0 0.01708984375 0.4189453125 0.0146484375 0.02197265625
0 0.197265625 0.4794921875 0.01513671875 0.01904296875
0 0.2861328125 0.23046875 0.01416015625 0.0166015625
0 0.169921875 0.33740234375 0.01220703125 0.015625
0 0.29931640625 0.263671875 0.0146484375 0.02001953125
0 0.283203125 0.36572265625 0.01416015625 0.01708984375
0 0.2548828125 0.421875 0.0146484375 0.01904296875
0 0.4306640625 0.22705078125 0.017578125 0.0185546875
0 0.0283203125 0.626953125 0.0146484375 0.02197265625
0 0.310546875 0.21630859375 0.0087890625 0.0224609375
0 0.34619140625 0.1904296875 0.0146484375 0.01708984375
0 0.3525390625 0.22412109375 0.0087890625 0.0185546875
0 0.60400390625 0.24560546875 0.017578125 0.01708984375
0 0.201171875 0.296875 0.01123046875 0.017578125
0 0.15625 0.58251953125 0.013671875 0.02099609375
0 0.47314453125 0.26171875 0.0146484375 0.015625
0 0.0068359375 0.62939453125 0.0087890625 0.0263671875
0 0.1884765625 0.2998046875 0.01123046875 0.02099609375
0 0.0849609375 0.43603515625 0.01123046875 0.0185546875
0 0.3779296875 0.2197265625 0.00634765625 0.0205078125
0 0.00830078125 0.935546875 0.0146484375 0.02734375
0 0.3623046875 0.18310546875 0.00732421875 0.02294921875
0 0.0087890625 0.70751953125 0.00830078125 0.02734375
0 0.455078125 0.05224609375 0.00927734375 0.02001953125
0 0.02197265625 0.73095703125 0.0087890625 0.0263671875
0 0.0029296875 0.77587890625 0.00537109375 0.02197265625
0 0.25634765625 0.248046875 0.01025390625 0.01953125