0 0.33251953125 0.8994140625 0.0224609375 0.02490234375
0 0.86083984375 0.53369140625 0.01123046875 0.01904296875
0 0.8525390625 0.533203125 0.00927734375 0.0234375
0 0.9912109375 0.470703125 0.017578125 0.01904296875
0 0.837890625 0.517578125 0.01416015625 0.01416015625
0 0.95947265625 0.51904296875 0.0126953125 0.01806640625
0 0.83056640625 0.529296875 0.01171875 0.0234375
0 0.97509765625 0.53076171875 0.015625 0.0166015625
0 0.81787109375 0.52099609375 0.01318359375 0.01708984375
0 0.98046875 0.4892578125 0.01318359375 0.0166015625
0 0.841796875 0.5419921875 0.0107421875 0.01953125
0 0.93017578125 0.61865234375 0.017578125 0.01611328125
0 0.95947265625 0.49609375 0.01416015625 0.0166015625
0 0.8974609375 0.6103515625 0.013671875 0.01513671875
0 0.91943359375 0.51611328125 0.01220703125 0.01416015625
0 0.95751953125 0.63134765625 0.01611328125 0.01708984375
0 0.98095703125 0.46826171875 0.0126953125 0.01708984375
0 0.80615234375 0.49755859375 0.0126953125 0.01611328125
0 0.65576171875 0.798828125 0.013671875 0.0263671875
0 0.66552734375 0.57763671875 0.0146484375 0.01806640625
0 0.9208984375 0.443359375 0.01416015625 0.01611328125
0 0.82958984375 0.5888671875 0.00830078125 0.02783203125
0 0.52001953125 0.9609375 0.01171875 0.03662109375
0 0.818359375 0.646484375 0.009765625 0.02001953125
0 0.81787109375 0.6953125 0.01416015625 0.02001953125