0 0.64794921875 0.45263671875 0.03466796875 0.03857421875
0 0.81689453125 0.7392578125 0.04345703125 0.03515625
0 0.693359375 0.56591796875 0.0322265625 0.048828125
0 0.7548828125 0.66064453125 0.048828125 0.06201171875
0 0.5849609375 0.4873046875 0.0205078125 0.037109375
0 0.5458984375 0.6982421875 0.0556640625 0.0546875
0 0.80810546875 0.4140625 0.0283203125 0.03759765625
0 0.4296875 0.5087890625 0.0263671875 0.04150390625
0 0.43115234375 0.568359375 0.029296875 0.02197265625
0 0.72265625 0.4248046875 0.02587890625 0.0302734375
0 0.8857421875 0.748046875 0.04541015625 0.04052734375
0 0.5576171875 0.4453125 0.03955078125 0.04150390625
0 0.8427734375 0.46337890625 0.03271484375 0.04052734375
0 0.8408203125 0.61865234375 0.02685546875 0.0576171875
0 0.70849609375 0.9697265625 0.07373046875 0.060546875
0 0.85302734375 0.94970703125 0.072265625 0.08837890625
0 0.939453125 0.322265625 0.02587890625 0.02783203125
0 0.78369140625 0.96484375 0.08544921875 0.06982421875
0 0.904296875 0.36328125 0.02392578125 0.0244140625
0 0.8818359375 0.29638671875 0.0234375 0.02197265625
0 0.98291015625 0.693359375 0.0341796875 0.03125
0 0.83203125 0.224609375 0.0146484375 0.01708984375
0 0.90478515625 0.51025390625 0.0341796875 0.03564453125
0 0.59423828125 0.60693359375 0.048828125 0.03125
0 0.98583984375 0.3603515625 0.0263671875 0.02880859375
0 0.75927734375 0.27294921875 0.01123046875 0.02490234375
0 0.9443359375 0.52880859375 0.0478515625 0.0478515625
0 0.84716796875 0.29296875 0.0234375 0.02197265625
0 0.8056640625 0.83349609375 0.07470703125 0.07470703125
0 0.85302734375 0.48046875 0.03466796875 0.0390625
0 0.9287109375 0.5458984375 0.0478515625 0.0546875
0 0.94091796875 0.26123046875 0.02294921875 0.0205078125
0 0.94970703125 0.1962890625 0.01806640625 0.0205078125
0 0.70556640625 0.619140625 0.0556640625 0.05859375
0 0.98974609375 0.74951171875 0.02001953125 0.056640625
0 0.74462890625 0.81884765625 0.05615234375 0.0693359375
0 0.94482421875 0.2197265625 0.0205078125 0.01953125
0 0.84423828125 0.27197265625 0.025390625 0.01904296875
0 0.8544921875 0.884765625 0.0556640625 0.04150390625
0 0.95849609375 0.80908203125 0.06591796875 0.078125
0 0.73486328125 0.208984375 0.0166015625 0.0205078125
0 0.99658203125 0.33642578125 0.0068359375 0.03076171875
0 0.896484375 0.18896484375 0.025390625 0.021484375
0 0.595703125 0.6591796875 0.037109375 0.03466796875
0 0.98486328125 0.25927734375 0.0302734375 0.0224609375
0 0.7509765625 0.2109375 0.01708984375 0.01953125
0 0.6845703125 0.623046875 0.017578125 0.04248046875