0 0.76806640625 0.9580078125 0.0146484375 0.0224609375
0 0.97705078125 0.95068359375 0.01611328125 0.0185546875
0 0.9765625 0.96923828125 0.0126953125 0.021484375
0 0.8857421875 0.72509765625 0.0087890625 0.02587890625
0 0.86572265625 0.73828125 0.0126953125 0.02294921875
0 0.8544921875 0.98095703125 0.01416015625 0.02099609375
0 0.9521484375 0.6875 0.01318359375 0.01708984375
0 0.7744140625 0.9912109375 0.009765625 0.017578125
0 0.873046875 0.8701171875 0.01611328125 0.01806640625
0 0.9912109375 0.908203125 0.017578125 0.02001953125
0 0.78857421875 0.8232421875 0.00634765625 0.0166015625
0 0.88525390625 0.91064453125 0.015625 0.015625