0 0.1044921875 0.14453125 0.01416015625 0.017578125
0 0.04248046875 0.21142578125 0.0126953125 0.02197265625
0 0.0771484375 0.43505859375 0.01953125 0.01904296875
0 0.03857421875 0.1796875 0.015625 0.01611328125
0 0.0771484375 0.06201171875 0.01220703125 0.01708984375
0 0.107421875 0.10400390625 0.01318359375 0.017578125
0 0.1435546875 0.54736328125 0.0185546875 0.0205078125
0 0.060546875 0.0478515625 0.01318359375 0.01904296875
0 0.06005859375 0.1875 0.0126953125 0.017578125
0 0.06396484375 0.0107421875 0.0126953125 0.0146484375
0 0.11376953125 0.19189453125 0.01416015625 0.0166015625
0 0.00634765625 0.52978515625 0.01220703125 0.01904296875
0 0.01318359375 0.09423828125 0.015625 0.0185546875
0 0.04443359375 0.0341796875 0.0126953125 0.017578125
0 0.06884765625 0.1240234375 0.01806640625 0.017578125
0 0.0439453125 0.01953125 0.01416015625 0.01806640625
0 0.1494140625 0.09423828125 0.015625 0.02490234375
0 0.01220703125 0.013671875 0.0244140625 0.0234375
0 0.109375 0.55322265625 0.01611328125 0.02001953125
0 0.00390625 0.146484375 0.00732421875 0.01513671875
0 0.02587890625 0.00439453125 0.017578125 0.00830078125
0 0.0029296875 0.01171875 0.00537109375 0.017578125
0 0.005859375 0.349609375 0.0107421875 0.0244140625
0 0.12158203125 0.5595703125 0.02294921875 0.0224609375
0 0.00341796875 0.56005859375 0.0068359375 0.02099609375
0 0.048828125 0.2099609375 0.0107421875 0.0205078125
0 0.07080078125 0.43603515625 0.00830078125 0.01318359375