0 0.63916015625 0.2763671875 0.0244140625 0.0458984375
0 0.6064453125 0.01318359375 0.015625 0.0263671875
0 0.08349609375 0.64013671875 0.0224609375 0.044921875
0 0.2998046875 0.45166015625 0.0244140625 0.0390625
0 0.36669921875 0.41650390625 0.02734375 0.0419921875
0 0.6025390625 0.15673828125 0.015625 0.0390625
0 0.2333984375 0.52685546875 0.0185546875 0.0380859375
0 0.40283203125 0.1865234375 0.0234375 0.03515625
0 0.369140625 0.5654296875 0.0302734375 0.0400390625
0 0.13525390625 0.1484375 0.0234375 0.0478515625
0 0.35888671875 0.24169921875 0.02734375 0.0341796875
0 0.421875 0.6240234375 0.0283203125 0.041015625
0 0.3701171875 0.13720703125 0.0224609375 0.0361328125
0 0.35400390625 0.1357421875 0.0244140625 0.0302734375
0 0.33056640625 0.18017578125 0.0283203125 0.0283203125
0 0.08984375 0.09912109375 0.01953125 0.029296875
0 0.33935546875 0.29931640625 0.0224609375 0.0390625
0 0.15283203125 0.333984375 0.0244140625 0.0400390625
0 0.265625 0.1533203125 0.01953125 0.0283203125
0 0.3505859375 0.49462890625 0.017578125 0.03515625
0 0.38720703125 0.1083984375 0.017578125 0.0322265625
0 0.01025390625 0.18798828125 0.0205078125 0.0283203125
0 0.36376953125 0.07470703125 0.0244140625 0.0390625
0 0.25048828125 0.216796875 0.0234375 0.03515625
0 0.5009765625 0.20703125 0.0244140625 0.029296875
0 0.41357421875 0.34814453125 0.0146484375 0.0419921875
0 0.138671875 0.22314453125 0.0244140625 0.0244140625
0 0.01416015625 0.24609375 0.0234375 0.0419921875
0 0.14599609375 0.05517578125 0.0244140625 0.0322265625
0 0.18994140625 0.1328125 0.0205078125 0.029296875
0 0.46630859375 0.3984375 0.0322265625 0.05078125
0 0.39892578125 0.05419921875 0.017578125 0.0302734375
0 0.56640625 0.39208984375 0.033203125 0.046875
0 0.02294921875 0.53369140625 0.025390625 0.0263671875
0 0.337890625 0.03955078125 0.0263671875 0.033203125
0 0.22216796875 0.2685546875 0.021484375 0.0380859375
0 0.22119140625 0.15869140625 0.013671875 0.029296875
0 0.0458984375 0.10205078125 0.015625 0.0302734375
0 0.4267578125 0.05078125 0.0244140625 0.0302734375
0 0.37158203125 0.4990234375 0.021484375 0.0517578125
0 0.07666015625 0.7392578125 0.0224609375 0.029296875
0 0.05419921875 0.32421875 0.01953125 0.0234375
0 0.37841796875 0.0615234375 0.0146484375 0.0322265625
0 0.12890625 0.3701171875 0.013671875 0.041015625
0 0.10888671875 0.744140625 0.0341796875 0.05859375
0 0.43017578125 0.03564453125 0.017578125 0.0322265625
0 0.025390625 0.201171875 0.0263671875 0.0341796875
0 0.24951171875 0.6650390625 0.0341796875 0.0361328125
0 0.36865234375 0.021484375 0.021484375 0.01953125
0 0.0263671875 0.55615234375 0.03125 0.03515625
0 0.05615234375 0.06201171875 0.017578125 0.0244140625
0 0.4150390625 0.650390625 0.017578125 0.03515625
0 0.10107421875 0.794921875 0.033203125 0.0458984375
0 0.3115234375 0.46826171875 0.01953125 0.0302734375
0 0.04443359375 0.82568359375 0.0234375 0.05859375
0 0.32763671875 0.029296875 0.0126953125 0.0244140625
0 0.0546875 0.11767578125 0.0146484375 0.0263671875
0 0.275390625 0.14794921875 0.017578125 0.0322265625