0 0.65673828125 0.50830078125 0.021484375 0.02587890625
0 0.4716796875 0.0224609375 0.01904296875 0.0322265625
0 0.8623046875 0.1611328125 0.01416015625 0.03515625
0 0.27099609375 0.0849609375 0.01220703125 0.03857421875
0 0.42431640625 0.1708984375 0.01220703125 0.03125
0 0.31640625 0.15966796875 0.0126953125 0.03369140625
0 0.27587890625 0.3759765625 0.01025390625 0.0361328125
0 0.669921875 0.27783203125 0.00927734375 0.03076171875
0 0.01806640625 0.455078125 0.01220703125 0.03466796875
0 0.361328125 0.12890625 0.01220703125 0.0322265625
0 0.34814453125 0.169921875 0.0107421875 0.03173828125
0 0.1240234375 0.10888671875 0.01123046875 0.03759765625
0 0.5478515625 0.23974609375 0.00927734375 0.04052734375
0 0.13623046875 0.1201171875 0.00927734375 0.04150390625
0 0.16845703125 0.2939453125 0.01171875 0.0361328125
0 0.5625 0.373046875 0.01123046875 0.0322265625
0 0.46435546875 0.13427734375 0.0146484375 0.033203125
0 0.82568359375 0.09521484375 0.013671875 0.03466796875
0 0.4912109375 0.1435546875 0.01025390625 0.03955078125
0 0.05859375 0.4814453125 0.0166015625 0.02734375
0 0.0908203125 0.240234375 0.0126953125 0.03857421875
0 0.57958984375 0.0556640625 0.0107421875 0.037109375
0 0.0927734375 0.06201171875 0.01025390625 0.03759765625
0 0.31689453125 0.212890625 0.00927734375 0.029296875
0 0.57666015625 0.2900390625 0.01123046875 0.03515625
0 0.71923828125 0.29296875 0.01904296875 0.02587890625
0 0.990234375 0.34375 0.01904296875 0.033203125
0 0.09814453125 0.1513671875 0.01123046875 0.03662109375
0 0.31689453125 0.05126953125 0.013671875 0.03662109375
0 0.06201171875 0.09423828125 0.01123046875 0.03515625
0 0.71875 0.32861328125 0.01513671875 0.0341796875
0 0.11083984375 0.1884765625 0.0107421875 0.0390625
0 0.5693359375 0.03466796875 0.0126953125 0.03564453125
0 0.146484375 0.0849609375 0.01708984375 0.0263671875
0 0.85791015625 0.39697265625 0.0205078125 0.0263671875
0 0.17041015625 0.26806640625 0.01220703125 0.0400390625
0 0.1875 0.0927734375 0.0107421875 0.0380859375
0 0.66943359375 0.42041015625 0.021484375 0.02978515625
0 0.12353515625 0.0654296875 0.0107421875 0.0361328125
0 0.10302734375 0.427734375 0.01171875 0.02880859375
0 0.6982421875 0.25439453125 0.0107421875 0.0390625
0 0.0048828125 0.1123046875 0.00927734375 0.03662109375
0 0.01953125 0.02392578125 0.017578125 0.02099609375
0 0.68896484375 0.013671875 0.01025390625 0.02685546875
0 0.0185546875 0.0537109375 0.01318359375 0.033203125
0 0.083984375 0.01025390625 0.01416015625 0.0205078125
0 0.04736328125 0.00830078125 0.0087890625 0.01611328125