0 0.263671875 0.2900390625 0.02587890625 0.02001953125
0 0.25341796875 0.38623046875 0.015625 0.02099609375
0 0.119140625 0.32666015625 0.02490234375 0.02099609375
0 0.20947265625 0.45654296875 0.02099609375 0.0234375
0 0.25634765625 0.427734375 0.0224609375 0.01953125
0 0.40966796875 0.5390625 0.02685546875 0.02294921875
0 0.30078125 0.302734375 0.0224609375 0.01953125
0 0.4248046875 0.3603515625 0.021484375 0.0224609375
0 0.1796875 0.32568359375 0.01904296875 0.01708984375
0 0.4296875 0.15576171875 0.02197265625 0.021484375
0 0.27392578125 0.3662109375 0.0185546875 0.0166015625
0 0.4951171875 0.255859375 0.021484375 0.02392578125
0 0.1005859375 0.13525390625 0.02294921875 0.021484375
0 0.525390625 0.4736328125 0.0185546875 0.01806640625
0 0.07177734375 0.2265625 0.02392578125 0.02099609375
0 0.4853515625 0.55224609375 0.0283203125 0.021484375
0 0.50244140625 0.451171875 0.0205078125 0.025390625
0 0.24609375 0.44921875 0.01953125 0.02294921875
0 0.43115234375 0.400390625 0.025390625 0.01904296875
0 0.3525390625 0.4755859375 0.025390625 0.01953125
0 0.33349609375 0.4208984375 0.02880859375 0.02001953125
0 0.28564453125 0.0771484375 0.0224609375 0.02001953125
0 0.67822265625 0.00732421875 0.01806640625 0.013671875
0 0.255859375 0.52392578125 0.01513671875 0.01611328125
0 0.4951171875 0.2314453125 0.0146484375 0.01611328125
0 0.0712890625 0.1494140625 0.0244140625 0.02197265625
0 0.6005859375 0.16796875 0.0185546875 0.0224609375
0 0.54052734375 0.0703125 0.0185546875 0.01611328125
0 0.28857421875 0.619140625 0.02587890625 0.0224609375
0 0.4208984375 0.42333984375 0.0224609375 0.01806640625
0 0.5830078125 0.98583984375 0.01025390625 0.0283203125
0 0.58349609375 0.21826171875 0.017578125 0.02490234375
0 0.599609375 0.41796875 0.01806640625 0.02392578125
0 0.17822265625 0.39208984375 0.0205078125 0.02001953125
0 0.3662109375 0.68994140625 0.02734375 0.03369140625
0 0.17626953125 0.4462890625 0.021484375 0.02490234375
0 0.013671875 0.4267578125 0.021484375 0.0205078125
0 0.49560546875 0.314453125 0.02392578125 0.02783203125
0 0.07421875 0.02001953125 0.02685546875 0.02001953125
0 0.58837890625 0.173828125 0.01904296875 0.02001953125
0 0.62158203125 0.966796875 0.017578125 0.02685546875
0 0.58935546875 0.42431640625 0.00927734375 0.01416015625