0 0.43896484375 0.5869140625 0.009765625 0.02734375
0 0.4462890625 0.58984375 0.0107421875 0.0185546875
0 0.5087890625 0.7822265625 0.009765625 0.021484375
0 0.455078125 0.9560546875 0.0068359375 0.0185546875
0 0.359375 0.58837890625 0.0068359375 0.017578125
0 0.55029296875 0.76171875 0.0087890625 0.01953125
0 0.40478515625 0.72265625 0.009765625 0.021484375
0 0.59423828125 0.93310546875 0.0078125 0.0205078125
0 0.42626953125 0.55810546875 0.0078125 0.01953125
0 0.44970703125 0.56787109375 0.009765625 0.017578125
0 0.603515625 0.9375 0.009765625 0.0185546875
0 0.49072265625 0.962890625 0.0068359375 0.021484375
0 0.5322265625 0.6962890625 0.0107421875 0.01953125
0 0.59619140625 0.86572265625 0.0078125 0.01953125
0 0.41357421875 0.75048828125 0.0078125 0.021484375
0 0.33544921875 0.5419921875 0.0078125 0.0185546875
0 0.56005859375 0.9404296875 0.0087890625 0.01953125
0 0.20703125 0.48095703125 0.01171875 0.0234375
0 0.30224609375 0.4921875 0.0078125 0.0166015625
0 0.4521484375 0.9912109375 0.0087890625 0.0146484375
0 0.63427734375 0.974609375 0.0126953125 0.015625
0 0.22021484375 0.431640625 0.009765625 0.0146484375
0 0.49853515625 0.59521484375 0.0078125 0.017578125
0 0.583984375 0.9208984375 0.009765625 0.0205078125
0 0.1943359375 0.43115234375 0.0087890625 0.0126953125
0 0.2021484375 0.4658203125 0.01171875 0.013671875