0 0.025390625 0.3525390625 0.0146484375 0.0234375
0 0.0537109375 0.353515625 0.0185546875 0.0244140625
0 0.21435546875 0.29541015625 0.015625 0.021484375
0 0.21728515625 0.3056640625 0.0224609375 0.0185546875
0 0.54345703125 0.25732421875 0.0166015625 0.0234375
0 0.54931640625 0.251953125 0.013671875 0.0224609375
0 0.34912109375 0.26171875 0.017578125 0.0224609375
0 0.033203125 0.3525390625 0.017578125 0.0234375
0 0.203125 0.4375 0.017578125 0.0205078125
0 0.32568359375 0.203125 0.0166015625 0.0185546875
0 0.19580078125 0.29296875 0.0146484375 0.017578125
0 0.333984375 0.23828125 0.017578125 0.021484375
0 0.30419921875 0.3369140625 0.0166015625 0.0185546875
0 0.26806640625 0.388671875 0.017578125 0.0205078125
0 0.46923828125 0.22021484375 0.01953125 0.0205078125
0 0.01513671875 0.56005859375 0.017578125 0.0234375
0 0.35205078125 0.19287109375 0.01171875 0.0234375
0 0.390625 0.171875 0.0166015625 0.0185546875
0 0.392578125 0.2060546875 0.01171875 0.01953125
0 0.63818359375 0.2626953125 0.01953125 0.01953125
0 0.232421875 0.25732421875 0.013671875 0.0185546875
0 0.14794921875 0.53369140625 0.0166015625 0.0224609375
0 0.50634765625 0.26025390625 0.0166015625 0.017578125
0 0.21923828125 0.25830078125 0.013671875 0.0224609375
0 0.09814453125 0.37890625 0.013671875 0.01953125
0 0.41796875 0.20556640625 0.0087890625 0.021484375
0 0.40771484375 0.1669921875 0.0107421875 0.0234375
0 0.51806640625 0.05029296875 0.01171875 0.021484375
0 0.2939453125 0.216796875 0.0126953125 0.0205078125