0 0.45751953125 0.54931640625 0.01611328125 0.03515625
0 0.2841796875 0.337890625 0.01220703125 0.02783203125
0 0.4052734375 0.64453125 0.01611328125 0.015625
0 0.5078125 0.75244140625 0.01318359375 0.033203125
0 0.1015625 0.32568359375 0.01171875 0.03271484375
0 0.5 0.681640625 0.0107421875 0.03125
0 0.041015625 0.7958984375 0.0126953125 0.0341796875
0 0.4267578125 0.75830078125 0.017578125 0.02880859375
0 0.4560546875 0.79541015625 0.01123046875 0.03076171875
0 0.0537109375 0.41162109375 0.02001953125 0.0244140625
0 0.361328125 0.8447265625 0.01708984375 0.0263671875
0 0.42041015625 0.61279296875 0.01416015625 0.03369140625
0 0.0322265625 0.48388671875 0.01904296875 0.02392578125
0 0.0615234375 0.3671875 0.0185546875 0.0283203125
0 0.357421875 0.6484375 0.01416015625 0.03564453125
0 0.33447265625 0.9306640625 0.00830078125 0.01953125
0 0.15576171875 0.48974609375 0.01513671875 0.02783203125
0 0.0126953125 0.4296875 0.013671875 0.02685546875
0 0.25439453125 0.5615234375 0.01416015625 0.02734375
0 0.23974609375 0.63134765625 0.013671875 0.0224609375
0 0.32763671875 0.56201171875 0.01708984375 0.0263671875
0 0.27978515625 0.84033203125 0.0185546875 0.0244140625
0 0.27880859375 0.65478515625 0.0185546875 0.0283203125
0 0.04296875 0.83642578125 0.013671875 0.02880859375
0 0.0380859375 0.37060546875 0.0185546875 0.02685546875
0 0.2861328125 0.716796875 0.01123046875 0.015625
0 0.22998046875 0.5986328125 0.0166015625 0.02587890625
0 0.10546875 0.91650390625 0.00732421875 0.02001953125
0 0.15478515625 0.8828125 0.01611328125 0.02685546875
0 0.27001953125 0.97314453125 0.01318359375 0.0400390625
0 0.1064453125 0.52734375 0.01513671875 0.02685546875
0 0.0703125 0.70556640625 0.01708984375 0.02783203125
0 0.52001953125 0.91162109375 0.01416015625 0.0224609375
0 0.1884765625 0.5009765625 0.01806640625 0.0244140625
0 0.31005859375 0.744140625 0.0166015625 0.03271484375
0 0.1142578125 0.55419921875 0.01513671875 0.0283203125
0 0.232421875 0.7958984375 0.01171875 0.0302734375
0 0.21337890625 0.880859375 0.01611328125 0.0361328125
0 0.0751953125 0.587890625 0.01806640625 0.037109375
0 0.244140625 0.8330078125 0.015625 0.0302734375
0 0.57080078125 0.927734375 0.00732421875 0.01513671875
0 0.52392578125 0.83447265625 0.01953125 0.02734375
0 0.27783203125 0.953125 0.01220703125 0.03125
0 0.2998046875 0.60107421875 0.0166015625 0.0263671875
0 0.541015625 0.92236328125 0.0126953125 0.015625
0 0.1787109375 0.927734375 0.01318359375 0.025390625
0 0.189453125 0.7421875 0.01416015625 0.03466796875
0 0.064453125 0.9833984375 0.01611328125 0.0244140625
0 0.310546875 0.642578125 0.017578125 0.02587890625
0 0.0966796875 0.7626953125 0.01611328125 0.025390625
0 0.068359375 0.62939453125 0.01806640625 0.029296875
0 0.10693359375 0.98828125 0.01220703125 0.02294921875
0 0.12255859375 0.744140625 0.01513671875 0.03466796875
0 0.5185546875 0.88623046875 0.0126953125 0.02197265625
0 0.2890625 0.9775390625 0.01708984375 0.03515625
0 0.07666015625 0.85009765625 0.01806640625 0.03369140625
0 0.15478515625 0.91650390625 0.015625 0.03173828125
0 0.1328125 0.6357421875 0.01123046875 0.01904296875
0 0.09130859375 0.94775390625 0.01416015625 0.02734375
0 0.12939453125 0.97900390625 0.0146484375 0.02978515625
0 0.1708984375 0.74169921875 0.01318359375 0.03271484375
0 0.21533203125 0.54736328125 0.01904296875 0.0341796875
0 0.4296875 0.943359375 0.02197265625 0.0263671875
0 0.19873046875 0.5625 0.017578125 0.03125
0 0.142578125 0.9775390625 0.01513671875 0.03271484375
0 0.25439453125 0.7236328125 0.01025390625 0.025390625
0 0.1728515625 0.9833984375 0.01513671875 0.02978515625
0 0.0048828125 0.380859375 0.0087890625 0.01953125
0 0.0849609375 0.8896484375 0.02001953125 0.02880859375
0 0.1630859375 0.60107421875 0.0185546875 0.0302734375
0 0.16748046875 0.552734375 0.021484375 0.0302734375
0 0.18896484375 0.56494140625 0.01611328125 0.0283203125
0 0.2314453125 0.77197265625 0.009765625 0.02392578125
0 0.44775390625 0.95751953125 0.013671875 0.0361328125
0 0.23974609375 0.693359375 0.01513671875 0.0439453125
0 0.134765625 0.5712890625 0.01708984375 0.02783203125
0 0.15966796875 0.931640625 0.017578125 0.03662109375
0 0.171875 0.8779296875 0.0166015625 0.03125
0 0.0830078125 0.64501953125 0.0185546875 0.029296875
0 0.166015625 0.578125 0.017578125 0.02490234375
0 0.00537109375 0.56640625 0.009765625 0.01904296875
0 0.4404296875 0.9609375 0.009765625 0.03173828125
0 0.1552734375 0.94873046875 0.01123046875 0.021484375
0 0.24169921875 0.72998046875 0.0107421875 0.02099609375
0 0.24560546875 0.73876953125 0.00830078125 0.0205078125