0 0.306640625 0.9921875 0.017578125 0.015625
0 0.24072265625 0.71044921875 0.013671875 0.02734375
0 0.2431640625 0.66845703125 0.0107421875 0.0244140625
0 0.18603515625 0.65625 0.0166015625 0.0263671875
0 0.09326171875 0.36572265625 0.0146484375 0.017578125
0 0.2265625 0.76171875 0.021484375 0.0244140625
0 0.2666015625 0.82421875 0.0166015625 0.0224609375
0 0.0263671875 0.47021484375 0.01171875 0.0166015625
0 0.0263671875 0.6533203125 0.0166015625 0.0185546875
0 0.12548828125 0.517578125 0.017578125 0.0185546875
0 0.154296875 0.63671875 0.017578125 0.0205078125
0 0.02978515625 0.54736328125 0.015625 0.017578125
0 0.14697265625 0.70361328125 0.0185546875 0.0224609375
0 0.271484375 0.74853515625 0.0146484375 0.02734375
0 0.11962890625 0.75341796875 0.0185546875 0.0205078125
0 0.05517578125 0.66064453125 0.015625 0.0185546875
0 0.24560546875 0.79541015625 0.017578125 0.0205078125
0 0.28076171875 0.91015625 0.015625 0.033203125
0 0.09423828125 0.99365234375 0.0224609375 0.0126953125
0 0.06689453125 0.43994140625 0.0087890625 0.0244140625
0 0.16015625 0.52392578125 0.0166015625 0.0205078125
0 0.15576171875 0.6103515625 0.01171875 0.021484375
0 0.1494140625 0.80859375 0.0166015625 0.02734375
0 0.13623046875 0.57177734375 0.0146484375 0.0224609375
0 0.25830078125 0.90185546875 0.0126953125 0.0322265625
0 0.06103515625 0.69677734375 0.017578125 0.021484375
0 0.1806640625 0.97119140625 0.0224609375 0.0263671875
0 0.21826171875 0.845703125 0.01953125 0.0244140625
0 0.21240234375 0.919921875 0.0224609375 0.0244140625
0 0.35107421875 0.98095703125 0.013671875 0.0361328125
0 0.1376953125 0.4951171875 0.009765625 0.0234375
0 0.00927734375 0.33642578125 0.015625 0.015625
0 0.0458984375 0.51416015625 0.01953125 0.01953125
0 0.10400390625 0.5615234375 0.0185546875 0.021484375
0 0.146484375 0.93603515625 0.0224609375 0.0263671875
0 0.123046875 0.70703125 0.015625 0.0205078125
0 0.05078125 0.8720703125 0.0283203125 0.033203125
0 0.17236328125 0.884765625 0.021484375 0.0234375
0 0.07763671875 0.52294921875 0.015625 0.017578125
0 0.1181640625 0.91162109375 0.0205078125 0.0224609375
0 0.10205078125 0.7880859375 0.0185546875 0.021484375
0 0.06884765625 0.54150390625 0.0146484375 0.0205078125
0 0.1513671875 0.50732421875 0.0146484375 0.0283203125
0 0.04345703125 0.82763671875 0.01953125 0.0234375
0 0.0400390625 0.7021484375 0.01953125 0.0224609375
0 0.16796875 0.849609375 0.0224609375 0.0224609375
0 0.0771484375 0.71484375 0.0107421875 0.0302734375
0 0.05419921875 0.919921875 0.0244140625 0.0283203125
0 0.07958984375 0.82275390625 0.021484375 0.021484375
0 0.1259765625 0.97216796875 0.0224609375 0.021484375
0 0.12109375 0.6015625 0.013671875 0.01953125
0 0.10498046875 0.841796875 0.0146484375 0.0302734375
0 0.13037109375 0.84521484375 0.0146484375 0.0283203125
0 0.11376953125 0.640625 0.0107421875 0.0283203125
0 0.0927734375 0.8564453125 0.01953125 0.0263671875
0 0.13818359375 0.86767578125 0.021484375 0.021484375
0 0.12060546875 0.615234375 0.013671875 0.025390625
0 0.09130859375 0.62353515625 0.0166015625 0.0244140625
0 0.09033203125 0.875 0.015625 0.025390625
0 0.0810546875 0.865234375 0.0205078125 0.021484375
0 0.03759765625 0.798828125 0.0185546875 0.0283203125
0 0.107421875 0.6298828125 0.021484375 0.0244140625
0 0.12841796875 0.88330078125 0.0283203125 0.0302734375
0 0.04248046875 0.87744140625 0.013671875 0.0263671875
0 0.0673828125 0.79541015625 0.021484375 0.021484375
0 0.05419921875 0.75537109375 0.0205078125 0.0263671875
0 0.25341796875 0.95263671875 0.03125 0.03515625
0 0.2412109375 0.9248046875 0.03515625 0.025390625
0 0.22509765625 0.775390625 0.0166015625 0.025390625