0 0.6787109375 0.12841796875 0.068359375 0.0771484375
0 0.33447265625 0.72314453125 0.0908203125 0.1064453125
0 0.77490234375 0.212890625 0.056640625 0.0615234375
0 0.15087890625 0.5087890625 0.0859375 0.0869140625
0 0.61962890625 0.5615234375 0.07421875 0.08984375
0 0.6142578125 0.36328125 0.060546875 0.0703125
0 0.3701171875 0.60009765625 0.0771484375 0.0947265625
0 0.904296875 0.3408203125 0.068359375 0.078125
0 0.83984375 0.029296875 0.0400390625 0.0478515625
0 0.54541015625 0.49267578125 0.0771484375 0.0810546875
0 0.89306640625 0.2451171875 0.0419921875 0.056640625
0 0.21484375 0.7119140625 0.0927734375 0.103515625
0 0.34228515625 0.39599609375 0.0732421875 0.0830078125
0 0.7451171875 0.0302734375 0.025390625 0.0419921875
0 0.1552734375 0.43798828125 0.0693359375 0.0732421875
0 0.6865234375 0.64013671875 0.0693359375 0.0966796875
0 0.77197265625 0.6259765625 0.07421875 0.1044921875
0 0.08642578125 0.32958984375 0.0595703125 0.0751953125
0 0.4970703125 0.0927734375 0.0400390625 0.0419921875
0 0.5 0.57373046875 0.0634765625 0.06640625
0 0.08154296875 0.849609375 0.083984375 0.06640625
0 0.10009765625 0.52783203125 0.0654296875 0.048828125
0 0.03759765625 0.39599609375 0.0458984375 0.0361328125
0 0.203125 0.88671875 0.0927734375 0.072265625
0 0.64599609375 0.64697265625 0.0673828125 0.0908203125
0 0.837890625 0.498046875 0.0654296875 0.0810546875
0 0.4697265625 0.17529296875 0.0537109375 0.0595703125
0 0.009765625 0.21435546875 0.01953125 0.0498046875
0 0.24658203125 0.81884765625 0.0966796875 0.1015625
0 0.15234375 0.287109375 0.05859375 0.05859375
0 0.77783203125 0.37451171875 0.0517578125 0.0576171875
0 0.21142578125 0.099609375 0.0400390625 0.0390625
0 0.7353515625 0.62255859375 0.0556640625 0.09765625
0 0.06103515625 0.265625 0.0478515625 0.0556640625
0 0.392578125 0.205078125 0.0537109375 0.060546875
0 0.71533203125 0.09130859375 0.044921875 0.0517578125
0 0.423828125 0.248046875 0.0439453125 0.0546875
0 0.0107421875 0.3408203125 0.021484375 0.03515625
0 0.02490234375 0.16943359375 0.0400390625 0.044921875
0 0.87890625 0.0341796875 0.02734375 0.052734375
0 0.333984375 0.28857421875 0.0361328125 0.0732421875
0 0.40478515625 0.32470703125 0.0302734375 0.0673828125
0 0.5419921875 0.41015625 0.0400390625 0.083984375
0 0.2529296875 0.18896484375 0.0458984375 0.0458984375
0 0.15380859375 0.09912109375 0.046875 0.0439453125
0 0.2119140625 0.1708984375 0.0517578125 0.0517578125
0 0.62548828125 0.27880859375 0.0498046875 0.0380859375
0 0.4619140625 0.14453125 0.04296875 0.0380859375
0 0.2548828125 0.29541015625 0.05859375 0.056640625
0 0.2392578125 0.2470703125 0.0673828125 0.060546875
0 0.18115234375 0.60546875 0.072265625 0.083984375
0 0.1376953125 0.39892578125 0.07421875 0.0703125
0 0.5478515625 0.19921875 0.0537109375 0.05859375
0 0.439453125 0.1630859375 0.0458984375 0.044921875
0 0.0703125 0.22021484375 0.0546875 0.0556640625
0 0.2255859375 0.28955078125 0.0556640625 0.0625
0 0.27880859375 0.14794921875 0.0419921875 0.052734375
0 0.25048828125 0.15771484375 0.0478515625 0.0498046875
0 0.3896484375 0.39501953125 0.0361328125 0.0400390625
0 0.29248046875 0.107421875 0.0224609375 0.0498046875
0 0.27001953125 0.10791015625 0.0400390625 0.03125
0 0.93701171875 0.0263671875 0.0224609375 0.048828125
0 0.4736328125 0.1298828125 0.0302734375 0.04296875
0 0.4453125 0.5107421875 0.041015625 0.064453125
0 0.06298828125 0.30078125 0.0458984375 0.033203125
0 0.52978515625 0.16064453125 0.0322265625 0.0361328125
0 0.01220703125 0.546875 0.0244140625 0.0361328125
0 0.22021484375 0.14208984375 0.0322265625 0.0322265625
0 0.712890625 0.06201171875 0.017578125 0.0205078125
0 0.2265625 0.22607421875 0.0458984375 0.0322265625
0 0.119140625 0.37841796875 0.03125 0.0263671875
0 0.22265625 0.10400390625 0.0146484375 0.021484375