0 0.18505859375 0.58056640625 0.0244140625 0.046875
0 0.4248046875 0.24462890625 0.0234375 0.0361328125
0 0.357421875 0.3828125 0.0234375 0.046875
0 0.42919921875 0.73291015625 0.0224609375 0.0263671875
0 0.42578125 0.20166015625 0.025390625 0.03125
0 0.435546875 0.3359375 0.017578125 0.0224609375
0 0.30615234375 0.31591796875 0.0234375 0.0380859375
0 0.2578125 0.357421875 0.0283203125 0.041015625
0 0.75830078125 0.87451171875 0.025390625 0.033203125
0 0.34521484375 0.5029296875 0.0234375 0.044921875
0 0.89794921875 0.48486328125 0.03125 0.046875
0 0.6220703125 0.28466796875 0.021484375 0.03125
0 0.30908203125 0.36279296875 0.0205078125 0.0322265625
0 0.77099609375 0.216796875 0.0205078125 0.0302734375
0 0.94873046875 0.43212890625 0.0263671875 0.041015625
0 0.263671875 0.30029296875 0.025390625 0.0322265625
0 0.22998046875 0.56982421875 0.01953125 0.037109375
0 0.27099609375 0.4453125 0.0224609375 0.041015625
0 0.3525390625 0.67529296875 0.0234375 0.0244140625
0 0.95654296875 0.47998046875 0.0244140625 0.04296875
0 0.42578125 0.51318359375 0.0234375 0.033203125
0 0.56591796875 0.34912109375 0.025390625 0.03515625
0 0.322265625 0.50830078125 0.0205078125 0.03515625
0 0.5927734375 0.22900390625 0.01953125 0.0341796875
0 0.30810546875 0.42919921875 0.0185546875 0.03515625
0 0.806640625 0.337890625 0.0244140625 0.0341796875
0 0.3623046875 0.94384765625 0.02734375 0.033203125
0 0.84033203125 0.64794921875 0.0224609375 0.0390625
0 0.66845703125 0.37548828125 0.0234375 0.0478515625
0 0.66650390625 0.33935546875 0.0166015625 0.0302734375
0 0.91455078125 0.8583984375 0.0283203125 0.03515625
0 0.908203125 0.56396484375 0.0234375 0.041015625
0 0.57275390625 0.74072265625 0.0234375 0.0380859375
0 0.919921875 0.67822265625 0.0263671875 0.0322265625
0 0.28173828125 0.70361328125 0.0224609375 0.033203125
0 0.91015625 0.529296875 0.021484375 0.0341796875
0 0.47802734375 0.46240234375 0.0205078125 0.02734375
0 0.77783203125 0.40869140625 0.0234375 0.037109375
0 0.75927734375 0.5078125 0.0263671875 0.0419921875
0 0.5625 0.5576171875 0.021484375 0.037109375
0 0.5400390625 0.6318359375 0.0205078125 0.0322265625
0 0.58447265625 0.7041015625 0.01953125 0.03125
0 0.22021484375 0.435546875 0.02734375 0.0419921875
0 0.39306640625 0.625 0.017578125 0.0322265625
0 0.75244140625 0.97998046875 0.0283203125 0.0400390625
0 0.9208984375 0.80078125 0.0263671875 0.0361328125
0 0.72021484375 0.90771484375 0.01953125 0.03125
0 0.376953125 0.49658203125 0.0224609375 0.0400390625
0 0.1796875 0.6552734375 0.0224609375 0.033203125
0 0.5400390625 0.41162109375 0.021484375 0.041015625
0 0.8232421875 0.93310546875 0.021484375 0.03125
0 0.17431640625 0.89599609375 0.0263671875 0.0361328125
0 0.8544921875 0.984375 0.02734375 0.03125
0 0.4775390625 0.6025390625 0.0234375 0.029296875
0 0.71044921875 0.50634765625 0.01953125 0.0341796875
0 0.7724609375 0.353515625 0.025390625 0.03125
0 0.505859375 0.39599609375 0.0185546875 0.02734375
0 0.33154296875 0.6953125 0.0263671875 0.0341796875
0 0.17236328125 0.80126953125 0.025390625 0.0361328125
0 0.7900390625 0.841796875 0.0224609375 0.0361328125
0 0.51806640625 0.46484375 0.0166015625 0.0322265625
0 0.37158203125 0.3115234375 0.015625 0.0263671875
0 0.681640625 0.302734375 0.0185546875 0.0341796875
0 0.42138671875 0.59326171875 0.017578125 0.029296875
0 0.63330078125 0.46484375 0.021484375 0.0419921875
0 0.37890625 0.2958984375 0.015625 0.0302734375
0 0.4609375 0.9765625 0.0302734375 0.0341796875
0 0.5078125 0.955078125 0.025390625 0.044921875
0 0.23193359375 0.43994140625 0.0234375 0.041015625
0 0.55810546875 0.48095703125 0.02734375 0.037109375
0 0.78955078125 0.90576171875 0.0263671875 0.04296875
0 0.41748046875 0.662109375 0.0283203125 0.033203125
0 0.490234375 0.8251953125 0.02734375 0.03515625
0 0.51611328125 0.2607421875 0.0224609375 0.029296875
0 0.71337890625 0.6455078125 0.021484375 0.04296875
0 0.49462890625 0.548828125 0.0185546875 0.033203125
0 0.47119140625 0.81201171875 0.025390625 0.033203125
0 0.708984375 0.83642578125 0.0234375 0.0322265625
0 0.576171875 0.4697265625 0.017578125 0.025390625
0 0.64111328125 0.8818359375 0.0244140625 0.048828125
0 0.48974609375 0.79833984375 0.0263671875 0.033203125
0 0.560546875 0.94140625 0.0283203125 0.044921875
0 0.51025390625 0.8115234375 0.0234375 0.0419921875
0 0.2978515625 0.75732421875 0.01953125 0.021484375
0 0.6630859375 0.61572265625 0.025390625 0.0419921875
0 0.58056640625 0.58251953125 0.0283203125 0.052734375
0 0.705078125 0.48876953125 0.0263671875 0.0458984375
0 0.69677734375 0.34375 0.0224609375 0.037109375
0 0.66845703125 0.83056640625 0.025390625 0.0341796875
0 0.13623046875 0.78173828125 0.0126953125 0.01953125
0 0.67333984375 0.65966796875 0.025390625 0.0419921875
0 0.70361328125 0.82763671875 0.0234375 0.0322265625
0 0.62939453125 0.515625 0.0234375 0.0322265625
0 0.68212890625 0.9482421875 0.029296875 0.0478515625
0 0.54248046875 0.55078125 0.0224609375 0.0302734375
0 0.41748046875 0.8486328125 0.015625 0.0283203125
0 0.68603515625 0.80615234375 0.0234375 0.0361328125
0 0.6044921875 0.3994140625 0.0185546875 0.0283203125
0 0.30908203125 0.80517578125 0.0244140625 0.0244140625
0 0.189453125 0.8427734375 0.0283203125 0.044921875
0 0.3818359375 0.4775390625 0.0205078125 0.0302734375
0 0.70458984375 0.62255859375 0.0205078125 0.04296875
0 0.6865234375 0.681640625 0.01953125 0.021484375
0 0.48828125 0.56298828125 0.0185546875 0.041015625
0 0.9462890625 0.78125 0.0087890625 0.0234375
0 0.3115234375 0.7939453125 0.0224609375 0.0263671875
0 0.16845703125 0.87353515625 0.025390625 0.037109375
0 0.50390625 0.8291015625 0.0185546875 0.033203125
0 0.705078125 0.76611328125 0.021484375 0.0322265625