0 0.14111328125 0.6650390625 0.021484375 0.033203125
0 0.15234375 0.64404296875 0.0234375 0.0341796875
0 0.07177734375 0.4765625 0.0205078125 0.0322265625
0 0.166015625 0.916015625 0.0205078125 0.0341796875
0 0.0810546875 0.72998046875 0.0166015625 0.0322265625
0 0.10986328125 0.6767578125 0.015625 0.03125
0 0.03955078125 0.66357421875 0.01953125 0.03125
0 0.08544921875 0.56591796875 0.01953125 0.0205078125
0 0.142578125 0.90869140625 0.0205078125 0.02734375
0 0.0458984375 0.45654296875 0.0205078125 0.0224609375
0 0.0234375 0.796875 0.01953125 0.0185546875