0 0.39453125 0.08544921875 0.03515625 0.07421875
0 0.2705078125 0.21337890625 0.037109375 0.052734375
0 0.09716796875 0.287109375 0.025390625 0.076171875
0 0.17431640625 0.3330078125 0.02734375 0.078125
0 0.2470703125 0.36865234375 0.02734375 0.060546875
0 0.18603515625 0.3876953125 0.037109375 0.056640625
0 0.6220703125 0.0322265625 0.0322265625 0.060546875
0 0.88037109375 0.10986328125 0.0234375 0.06640625
0 0.28369140625 0.31689453125 0.029296875 0.06640625
0 0.09228515625 0.17236328125 0.033203125 0.052734375
0 0.62890625 0.5947265625 0.021484375 0.064453125
0 0.357421875 0.62646484375 0.0283203125 0.078125
0 0.4482421875 0.13037109375 0.03515625 0.0556640625
0 0.3408203125 0.6015625 0.041015625 0.046875
0 0.45068359375 0.267578125 0.0390625 0.046875
0 0.53125 0.54931640625 0.025390625 0.0751953125
0 0.31787109375 0.423828125 0.0234375 0.06640625
0 0.5625 0.5859375 0.0234375 0.0732421875
0 0.58984375 0.22412109375 0.033203125 0.0517578125
0 0.4287109375 0.876953125 0.0380859375 0.068359375
0 0.40478515625 0.35009765625 0.0400390625 0.05078125
0 0.42333984375 0.572265625 0.0400390625 0.0546875
0 0.31884765625 0.353515625 0.037109375 0.029296875
0 0.84521484375 0.36181640625 0.0341796875 0.060546875
0 0.623046875 0.80615234375 0.025390625 0.052734375
0 0.88818359375 0.2314453125 0.01953125 0.060546875
0 0.7626953125 0.1513671875 0.03515625 0.0322265625
0 0.76806640625 0.955078125 0.025390625 0.0732421875
0 0.7880859375 0.52392578125 0.021484375 0.0615234375
0 0.80224609375 0.7255859375 0.0361328125 0.05078125
0 0.447265625 0.708984375 0.044921875 0.046875
0 0.73779296875 0.20751953125 0.01953125 0.068359375
0 0.97119140625 0.19775390625 0.0185546875 0.0712890625
0 0.873046875 0.02294921875 0.025390625 0.0458984375
0 0.5224609375 0.60498046875 0.0419921875 0.044921875
0 0.56005859375 0.912109375 0.048828125 0.05078125
0 0.9873046875 0.65380859375 0.0244140625 0.0419921875
0 0.73193359375 0.23876953125 0.03125 0.06640625
0 0.783203125 0.1123046875 0.033203125 0.0458984375
0 0.98681640625 0.62255859375 0.0263671875 0.0546875
0 0.7021484375 0.8876953125 0.04296875 0.048828125
0 0.673828125 0.5068359375 0.033203125 0.04296875
0 0.94384765625 0.4296875 0.0341796875 0.05078125
0 0.666015625 0.978515625 0.04296875 0.0390625
0 0.982421875 0.93408203125 0.029296875 0.0517578125
0 0.884765625 0.193359375 0.021484375 0.0703125
0 0.310546875 0.38037109375 0.037109375 0.04296875
0 0.2705078125 0.16748046875 0.0302734375 0.041015625
0 0.94482421875 0.021484375 0.033203125 0.04296875