0 0.35302734375 0.74853515625 0.01708984375 0.0224609375
0 0.4169921875 0.6259765625 0.015625 0.01611328125
0 0.44921875 0.54248046875 0.015625 0.01806640625
0 0.666015625 0.61669921875 0.0146484375 0.01953125
0 0.4013671875 0.37841796875 0.01318359375 0.0166015625
0 0.23388671875 0.7265625 0.01953125 0.0234375
0 0.27880859375 0.7236328125 0.02197265625 0.02197265625
0 0.548828125 0.82666015625 0.01904296875 0.0263671875
0 0.5185546875 0.68115234375 0.01611328125 0.01806640625
0 0.61669921875 0.8896484375 0.021484375 0.02294921875
0 0.67626953125 0.94970703125 0.01806640625 0.02197265625
0 0.3896484375 0.857421875 0.02197265625 0.02392578125
0 0.296875 0.51171875 0.01611328125 0.02197265625
0 0.2724609375 0.6396484375 0.01171875 0.0244140625
0 0.388671875 0.80517578125 0.0205078125 0.02392578125
0 0.79541015625 0.8505859375 0.02587890625 0.029296875
0 0.4658203125 0.86865234375 0.02001953125 0.02294921875
0 0.427734375 0.70556640625 0.0185546875 0.0205078125
0 0.416015625 0.67041015625 0.0146484375 0.01953125
0 0.755859375 0.783203125 0.0185546875 0.021484375
0 0.697265625 0.544921875 0.013671875 0.02099609375
0 0.68310546875 0.73974609375 0.01953125 0.02099609375
0 0.82958984375 0.68701171875 0.01708984375 0.01953125
0 0.69482421875 0.478515625 0.0166015625 0.01904296875
0 0.56640625 0.71484375 0.01708984375 0.021484375
0 0.4599609375 0.4619140625 0.013671875 0.02294921875
0 0.3720703125 0.3818359375 0.01416015625 0.01953125
0 0.71630859375 0.96337890625 0.0185546875 0.025390625
0 0.6865234375 0.70947265625 0.01904296875 0.01806640625
0 0.3583984375 0.77685546875 0.01708984375 0.0185546875
0 0.87646484375 0.8125 0.015625 0.02197265625
0 0.36767578125 0.927734375 0.02001953125 0.01904296875
0 0.4248046875 0.80419921875 0.01953125 0.0283203125
0 0.47265625 0.76513671875 0.0166015625 0.01953125
0 0.7333984375 0.74560546875 0.01904296875 0.02001953125
0 0.576171875 0.92529296875 0.02099609375 0.02490234375
0 0.51611328125 0.833984375 0.0166015625 0.0166015625
0 0.56494140625 0.5830078125 0.01611328125 0.02197265625
0 0.80859375 0.79833984375 0.017578125 0.02490234375
0 0.86767578125 0.759765625 0.01513671875 0.0234375
0 0.337890625 0.64501953125 0.01123046875 0.01904296875
0 0.6416015625 0.45751953125 0.015625 0.01806640625
0 0.5595703125 0.66552734375 0.017578125 0.021484375
0 0.4609375 0.33056640625 0.017578125 0.01953125
0 0.92578125 0.93505859375 0.0185546875 0.02099609375
0 0.3388671875 0.552734375 0.01708984375 0.015625
0 0.78515625 0.9375 0.02001953125 0.02197265625
0 0.4228515625 0.7548828125 0.01611328125 0.029296875
0 0.47119140625 0.3701171875 0.01513671875 0.01953125
0 0.83447265625 0.88134765625 0.01953125 0.01708984375
0 0.50732421875 0.431640625 0.01513671875 0.015625
0 0.65283203125 0.96630859375 0.021484375 0.02001953125
0 0.4560546875 0.9287109375 0.0234375 0.0283203125
0 0.58349609375 0.49072265625 0.01513671875 0.021484375
0 0.51513671875 0.58056640625 0.0166015625 0.017578125
0 0.54052734375 0.509765625 0.015625 0.01904296875
0 0.67431640625 0.548828125 0.0166015625 0.0234375
0 0.650390625 0.64013671875 0.017578125 0.021484375
0 0.6650390625 0.416015625 0.01416015625 0.01708984375
0 0.4306640625 0.86181640625 0.01953125 0.025390625
0 0.4306640625 0.39697265625 0.009765625 0.01611328125
0 0.77099609375 0.494140625 0.01171875 0.02197265625
0 0.64501953125 0.541015625 0.013671875 0.02099609375
0 0.47900390625 0.51025390625 0.01806640625 0.0185546875
0 0.779296875 0.43896484375 0.01318359375 0.01953125
0 0.57861328125 0.47021484375 0.0146484375 0.01806640625
0 0.9423828125 0.6689453125 0.015625 0.0244140625
0 0.4814453125 0.736328125 0.013671875 0.01416015625
0 0.6025390625 0.470703125 0.01513671875 0.01611328125
0 0.54638671875 0.46484375 0.01416015625 0.01611328125
0 0.43798828125 0.37060546875 0.0126953125 0.01513671875
0 0.609375 0.400390625 0.013671875 0.015625
0 0.298828125 0.53466796875 0.0185546875 0.0234375
0 0.79443359375 0.791015625 0.01806640625 0.01904296875
0 0.4736328125 0.77734375 0.017578125 0.02392578125
0 0.88134765625 0.49755859375 0.015625 0.01953125
0 0.783203125 0.41064453125 0.01611328125 0.0185546875
0 0.70849609375 0.68212890625 0.015625 0.02490234375
0 0.60986328125 0.4970703125 0.015625 0.02001953125
0 0.8525390625 0.521484375 0.01220703125 0.0166015625
0 0.38671875 0.53662109375 0.01416015625 0.02490234375
0 0.3603515625 0.3818359375 0.0126953125 0.01806640625
0 0.5673828125 0.41357421875 0.01318359375 0.01318359375
0 0.29541015625 0.5546875 0.02099609375 0.02587890625
0 0.435546875 0.84228515625 0.02197265625 0.0322265625
0 0.59765625 0.65771484375 0.0185546875 0.01904296875
0 0.7431640625 0.76220703125 0.01708984375 0.0185546875
0 0.6259765625 0.6669921875 0.017578125 0.01953125
0 0.83447265625 0.96533203125 0.01708984375 0.02587890625
0 0.69287109375 0.40283203125 0.009765625 0.017578125
0 0.6181640625 0.62548828125 0.015625 0.0185546875
0 0.4814453125 0.67138671875 0.009765625 0.01806640625
0 0.2265625 0.6953125 0.01708984375 0.0263671875
0 0.60205078125 0.5576171875 0.01318359375 0.01611328125
0 0.61669921875 0.3583984375 0.01123046875 0.01806640625
0 0.3310546875 0.5263671875 0.01318359375 0.01611328125
0 0.7255859375 0.494140625 0.01416015625 0.01953125
0 0.56884765625 0.6357421875 0.0166015625 0.0185546875
0 0.92236328125 0.63037109375 0.013671875 0.01904296875
0 0.54150390625 0.58642578125 0.01318359375 0.0205078125
0 0.78369140625 0.72900390625 0.01953125 0.02490234375
0 0.78955078125 0.8759765625 0.01953125 0.02392578125
0 0.806640625 0.67333984375 0.01953125 0.02294921875
0 0.47119140625 0.490234375 0.009765625 0.017578125
0 0.64892578125 0.76318359375 0.01513671875 0.0185546875
0 0.60009765625 0.69482421875 0.01708984375 0.0234375
0 0.61328125 0.7041015625 0.015625 0.01806640625
0 0.3935546875 0.431640625 0.0166015625 0.01708984375
0 0.65185546875 0.40576171875 0.0146484375 0.0166015625
0 0.8701171875 0.470703125 0.01318359375 0.0146484375
0 0.3271484375 0.697265625 0.01123046875 0.02587890625
0 0.56640625 0.43359375 0.013671875 0.0185546875
0 0.50927734375 0.451171875 0.02099609375 0.01953125
0 0.56298828125 0.36376953125 0.01171875 0.01318359375
0 0.48876953125 0.9833984375 0.01904296875 0.0283203125
0 0.4716796875 0.41357421875 0.0126953125 0.01513671875
0 0.458984375 0.7861328125 0.017578125 0.02587890625
0 0.93115234375 0.7392578125 0.01416015625 0.02734375
0 0.3046875 0.734375 0.02392578125 0.0205078125
0 0.2861328125 0.75390625 0.01416015625 0.02685546875
0 0.505859375 0.72265625 0.0126953125 0.01953125
0 0.541015625 0.4892578125 0.01513671875 0.01806640625
0 0.4501953125 0.3486328125 0.01318359375 0.01953125
0 0.8564453125 0.48583984375 0.01513671875 0.0244140625
0 0.59326171875 0.8134765625 0.01708984375 0.02099609375
0 0.5322265625 0.59716796875 0.02734375 0.0341796875
0 0.572265625 0.44384765625 0.01220703125 0.01611328125
0 0.52294921875 0.38037109375 0.01123046875 0.0107421875
0 0.451171875 0.8720703125 0.021484375 0.02392578125
0 0.46826171875 0.51513671875 0.01025390625 0.01416015625
0 0.55126953125 0.85693359375 0.01806640625 0.01708984375
0 0.61669921875 0.662109375 0.01513671875 0.01708984375
0 0.4931640625 0.365234375 0.01220703125 0.01953125
0 0.466796875 0.5966796875 0.01025390625 0.013671875
0 0.91357421875 0.9521484375 0.0166015625 0.02880859375
0 0.7568359375 0.38427734375 0.01220703125 0.01025390625
0 0.4345703125 0.501953125 0.01611328125 0.0166015625
0 0.4072265625 0.43115234375 0.0126953125 0.01416015625
0 0.4873046875 0.544921875 0.01171875 0.0166015625
0 0.46875 0.38623046875 0.01416015625 0.01953125
0 0.494140625 0.4775390625 0.01513671875 0.0146484375
0 0.3515625 0.44921875 0.009765625 0.01904296875
0 0.6357421875 0.498046875 0.009765625 0.0224609375
0 0.4677734375 0.90087890625 0.0185546875 0.02587890625
0 0.9013671875 0.927734375 0.0185546875 0.021484375
0 0.67236328125 0.57421875 0.0146484375 0.01318359375
0 0.63330078125 0.740234375 0.0166015625 0.025390625
0 0.3173828125 0.80078125 0.00927734375 0.02392578125
0 0.92236328125 0.94873046875 0.01806640625 0.0283203125
0 0.47119140625 0.884765625 0.01318359375 0.02001953125
0 0.3212890625 0.703125 0.01416015625 0.021484375
0 0.19677734375 0.810546875 0.0166015625 0.015625
0 0.48046875 0.890625 0.01806640625 0.01904296875
0 0.34326171875 0.46044921875 0.01416015625 0.0185546875
0 0.59765625 0.798828125 0.01171875 0.02197265625
0 0.6552734375 0.3896484375 0.01318359375 0.0166015625
0 0.68701171875 0.49169921875 0.0166015625 0.0166015625
0 0.84521484375 0.90087890625 0.01025390625 0.0244140625
0 0.353515625 0.38916015625 0.01611328125 0.01416015625
0 0.4365234375 0.7392578125 0.0146484375 0.0146484375
0 0.51123046875 0.90380859375 0.01416015625 0.017578125
0 0.8017578125 0.88232421875 0.01611328125 0.0322265625