0 0.68603515625 0.77587890625 0.041015625 0.08984375
0 0.59521484375 0.08203125 0.0302734375 0.0576171875
0 0.1787109375 0.787109375 0.0322265625 0.078125
0 0.4189453125 0.97998046875 0.033203125 0.03125
0 0.58984375 0.2177734375 0.0361328125 0.076171875
0 0.13232421875 0.14111328125 0.04296875 0.064453125
0 0.53759765625 0.22119140625 0.037109375 0.064453125
0 0.4560546875 0.0869140625 0.03515625 0.0546875
0 0.64892578125 0.48193359375 0.0439453125 0.0693359375
0 0.4541015625 0.54541015625 0.03125 0.0625
0 0.27734375 0.626953125 0.0205078125 0.068359375
0 0.5791015625 0.84765625 0.02734375 0.0791015625
0 0.78857421875 0.8154296875 0.0419921875 0.0634765625
0 0.6591796875 0.9599609375 0.0458984375 0.0732421875
0 0.4287109375 0.4990234375 0.029296875 0.056640625
0 0.4521484375 0.8876953125 0.0537109375 0.078125
0 0.29248046875 0.28955078125 0.037109375 0.0517578125
0 0.08642578125 0.5556640625 0.021484375 0.064453125
0 0.76171875 0.99267578125 0.068359375 0.0146484375
0 0.79296875 0.94921875 0.03515625 0.0458984375
0 0.42724609375 0.63671875 0.0390625 0.0625
0 0.4931640625 0.603515625 0.04296875 0.0693359375
0 0.7001953125 0.9853515625 0.041015625 0.029296875
0 0.05615234375 0.9345703125 0.03125 0.044921875
0 0.07275390625 0.92529296875 0.0361328125 0.05859375
0 0.5048828125 0.64990234375 0.0400390625 0.0537109375