0 0.62158203125 0.25146484375 0.04052734375 0.05908203125
0 0.23876953125 0.38916015625 0.0400390625 0.037109375
0 0.08935546875 0.2421875 0.02294921875 0.0576171875
0 0.8994140625 0.294921875 0.03857421875 0.0859375
0 0.16259765625 0.05126953125 0.02099609375 0.03857421875
0 0.34423828125 0.9755859375 0.052734375 0.04833984375
0 0.07958984375 0.15380859375 0.03515625 0.0615234375
0 0.2822265625 0.18212890625 0.0224609375 0.05859375
0 0.07373046875 0.642578125 0.02685546875 0.04931640625
0 0.20947265625 0.0751953125 0.0205078125 0.05322265625
0 0.28564453125 0.16552734375 0.0146484375 0.0263671875
0 0.7783203125 0.9892578125 0.01611328125 0.021484375
0 0.15869140625 0.0380859375 0.0146484375 0.0205078125