0 0.20361328125 0.66796875 0.044921875 0.046875
0 0.38818359375 0.82666015625 0.046875 0.0615234375
0 0.4794921875 0.47900390625 0.037109375 0.048828125
0 0.22265625 0.7080078125 0.0439453125 0.0439453125
0 0.3583984375 0.8173828125 0.03515625 0.0498046875
0 0.400390625 0.6806640625 0.03515625 0.05078125
0 0.158203125 0.69677734375 0.03515625 0.0498046875
0 0.3212890625 0.7373046875 0.041015625 0.056640625
0 0.4072265625 0.53857421875 0.0361328125 0.0546875
0 0.11669921875 0.296875 0.04296875 0.041015625
0 0.2578125 0.7998046875 0.041015625 0.0517578125
0 0.01904296875 0.47509765625 0.0361328125 0.048828125
0 0.2998046875 0.52294921875 0.044921875 0.0517578125
0 0.3466796875 0.76171875 0.03515625 0.068359375
0 0.01953125 0.60302734375 0.0283203125 0.048828125