0 0.6123046875 0.4267578125 0.03173828125 0.05126953125
0 0.390625 0.58837890625 0.0361328125 0.04931640625
0 0.40234375 0.63916015625 0.03857421875 0.03125
0 0.130859375 0.83837890625 0.0478515625 0.0439453125
0 0.16162109375 0.443359375 0.025390625 0.05322265625
0 0.48779296875 0.41064453125 0.03076171875 0.03515625
0 0.30908203125 0.3701171875 0.02978515625 0.04150390625
0 0.18408203125 0.58154296875 0.04052734375 0.0390625
0 0.5341796875 0.505859375 0.03564453125 0.037109375
0 0.5634765625 0.71142578125 0.03564453125 0.0478515625
0 0.240234375 0.298828125 0.03125 0.03564453125
0 0.2490234375 0.21044921875 0.03515625 0.03466796875
0 0.1865234375 0.66015625 0.03955078125 0.04833984375
0 0.14404296875 0.318359375 0.037109375 0.0419921875
0 0.5107421875 0.373046875 0.02685546875 0.03857421875
0 0.32275390625 0.31884765625 0.033203125 0.03662109375
0 0.34619140625 0.47607421875 0.0419921875 0.04345703125
0 0.67236328125 0.0546875 0.02685546875 0.03125
0 0.21240234375 0.439453125 0.0302734375 0.0322265625
0 0.80322265625 0.60302734375 0.03125 0.05712890625
0 0.23388671875 0.7353515625 0.05029296875 0.04541015625
0 0.5068359375 0.23095703125 0.0244140625 0.0283203125
0 0.40869140625 0.103515625 0.02734375 0.029296875
0 0.5224609375 0.69873046875 0.0419921875 0.0458984375
0 0.96337890625 0.38037109375 0.0185546875 0.04296875
0 0.197265625 0.48828125 0.03466796875 0.03466796875
0 0.5673828125 0.1787109375 0.0224609375 0.02978515625
0 0.64013671875 0.322265625 0.02392578125 0.03955078125
0 0.72314453125 0.1240234375 0.02783203125 0.04248046875
0 0.51220703125 0.1845703125 0.02685546875 0.03076171875
0 0.5771484375 0.64404296875 0.0263671875 0.0517578125
0 0.62744140625 0.28662109375 0.02392578125 0.03955078125
0 0.9345703125 0.578125 0.03955078125 0.03662109375
0 0.8349609375 0.1328125 0.01953125 0.03662109375
0 0.48876953125 0.68115234375 0.03662109375 0.0380859375
0 0.89111328125 0.2880859375 0.02294921875 0.0419921875
0 0.787109375 0.27734375 0.0283203125 0.046875
0 0.51806640625 0.6181640625 0.03466796875 0.04150390625
0 0.6728515625 0.31005859375 0.0263671875 0.04248046875
0 0.35302734375 0.71435546875 0.03466796875 0.0439453125
0 0.921875 0.02587890625 0.0234375 0.03125
0 0.52197265625 0.0654296875 0.0224609375 0.02587890625
0 0.72412109375 0.5693359375 0.0302734375 0.03955078125
0 0.9892578125 0.1396484375 0.021484375 0.03662109375
0 0.833984375 0.0390625 0.02587890625 0.0302734375
0 0.98876953125 0.2607421875 0.02197265625 0.04052734375
0 0.21142578125 0.25048828125 0.03125 0.03857421875
0 0.04443359375 0.21630859375 0.0302734375 0.041015625
0 0.77099609375 0.31591796875 0.0263671875 0.02734375
0 0.47021484375 0.7060546875 0.033203125 0.03955078125
0 0.2119140625 0.28173828125 0.0283203125 0.037109375
0 0.970703125 0.2373046875 0.029296875 0.04443359375
0 0.43408203125 0.1083984375 0.02880859375 0.0263671875
0 0.400390625 0.12451171875 0.03515625 0.03076171875
0 0.06689453125 0.20703125 0.029296875 0.03076171875