0 0.6669921875 0.1845703125 0.0205078125 0.03515625
0 0.45361328125 0.4091796875 0.0166015625 0.0263671875
0 0.52197265625 0.43017578125 0.0244140625 0.0361328125
0 0.82763671875 0.1181640625 0.017578125 0.0302734375
0 0.94921875 0.21240234375 0.013671875 0.03125
0 0.29931640625 0.19873046875 0.017578125 0.0263671875
0 0.76513671875 0.03564453125 0.013671875 0.0224609375
0 0.76806640625 0.142578125 0.0205078125 0.033203125
0 0.51953125 0.12646484375 0.025390625 0.0478515625
0 0.7431640625 0.08642578125 0.01953125 0.029296875
0 0.73095703125 0.20166015625 0.01953125 0.0361328125
0 0.5185546875 0.11279296875 0.015625 0.0205078125
0 0.37841796875 0.25341796875 0.0185546875 0.029296875
0 0.4033203125 0.21142578125 0.0205078125 0.0263671875
0 0.50390625 0.12353515625 0.0205078125 0.0322265625
0 0.27978515625 0.0693359375 0.0205078125 0.03125
0 0.4228515625 0.32275390625 0.03125 0.048828125
0 0.47509765625 0.0048828125 0.0146484375 0.009765625
0 0.76220703125 0.04736328125 0.01171875 0.0185546875
0 0.44140625 0.01123046875 0.009765625 0.015625
0 0.2626953125 0.04150390625 0.0126953125 0.0107421875
0 0.4169921875 0.33544921875 0.017578125 0.0283203125
0 0.37646484375 0.26123046875 0.0087890625 0.013671875
0 0.4853515625 0.12841796875 0.0087890625 0.0146484375