0 0.40234375 0.427734375 0.0380859375 0.0390625
0 0.42919921875 0.103515625 0.0400390625 0.0458984375
0 0.3583984375 0.70166015625 0.0390625 0.05859375
0 0.85205078125 0.5322265625 0.0556640625 0.0634765625
0 0.42578125 0.18505859375 0.03515625 0.03515625
0 0.84228515625 0.20849609375 0.0361328125 0.037109375
0 0.51318359375 0.875 0.0458984375 0.05859375
0 0.36474609375 0.34033203125 0.041015625 0.0439453125
0 0.3564453125 0.02783203125 0.029296875 0.0556640625
0 0.99267578125 0.17041015625 0.0146484375 0.0380859375
0 0.3935546875 0.53271484375 0.03515625 0.056640625
0 0.39306640625 0.4296875 0.013671875 0.0166015625
0 0.36865234375 0.6884765625 0.0126953125 0.021484375