0 0.35205078125 0.44287109375 0.0419921875 0.08984375
0 0.44189453125 0.28271484375 0.044921875 0.0927734375
0 0.35107421875 0.1513671875 0.0478515625 0.068359375
0 0.4326171875 0.453125 0.064453125 0.0966796875
0 0.40234375 0.060546875 0.0234375 0.076171875
0 0.20751953125 0.84765625 0.0546875 0.123046875
0 0.42578125 0.10107421875 0.0546875 0.07421875
0 0.10888671875 0.4169921875 0.05859375 0.060546875
0 0.3408203125 0.841796875 0.03515625 0.126953125
0 0.05126953125 0.056640625 0.0439453125 0.060546875
0 0.080078125 0.65576171875 0.0380859375 0.1123046875
0 0.224609375 0.05126953125 0.0458984375 0.068359375
0 0.04296875 0.48046875 0.0634765625 0.078125