0 0.923828125 0.791015625 0.01220703125 0.03857421875
0 0.50927734375 0.7919921875 0.01025390625 0.02783203125
0 0.6748046875 0.865234375 0.0107421875 0.03955078125
0 0.85498046875 0.5478515625 0.01416015625 0.03369140625
0 0.80712890625 0.95849609375 0.0126953125 0.03564453125
0 0.6708984375 0.921875 0.01318359375 0.033203125
0 0.9462890625 0.830078125 0.01025390625 0.03076171875
0 0.74365234375 0.85498046875 0.01123046875 0.0302734375
0 0.5771484375 0.8076171875 0.01318359375 0.0361328125
0 0.50341796875 0.90869140625 0.01171875 0.03271484375
0 0.21044921875 0.75341796875 0.0126953125 0.03125
0 0.310546875 0.74658203125 0.01708984375 0.0361328125
0 0.45556640625 0.98681640625 0.01220703125 0.0263671875
0 0.38818359375 0.599609375 0.017578125 0.02734375
0 0.4970703125 0.75244140625 0.013671875 0.037109375
0 0.90087890625 0.4150390625 0.017578125 0.017578125
0 0.20068359375 0.41064453125 0.021484375 0.0224609375
0 0.9365234375 0.375 0.0185546875 0.0205078125
0 0.97314453125 0.81396484375 0.01416015625 0.0380859375
0 0.63232421875 0.794921875 0.01123046875 0.0419921875
0 0.26220703125 0.4365234375 0.01513671875 0.03857421875
0 0.09375 0.64697265625 0.01513671875 0.03076171875
0 0.56103515625 0.513671875 0.01416015625 0.03271484375
0 0.73193359375 0.60498046875 0.01416015625 0.03759765625
0 0.11181640625 0.35546875 0.02099609375 0.02734375
0 0.56298828125 0.76416015625 0.013671875 0.03369140625
0 0.26904296875 0.90380859375 0.0126953125 0.03466796875
0 0.38525390625 0.45654296875 0.01416015625 0.0380859375
0 0.7890625 0.95849609375 0.0126953125 0.041015625
0 0.123046875 0.90966796875 0.0126953125 0.0322265625
0 0.80517578125 0.70361328125 0.01416015625 0.03271484375
0 0.9384765625 0.546875 0.01025390625 0.03515625
0 0.4677734375 0.5166015625 0.0126953125 0.03955078125
0 0.54541015625 0.45703125 0.01513671875 0.03125
0 0.54541015625 0.70703125 0.015625 0.0322265625
0 0.50927734375 0.369140625 0.01806640625 0.02392578125
0 0.6767578125 0.740234375 0.01025390625 0.03662109375
0 0.943359375 0.783203125 0.01220703125 0.0322265625
0 0.078125 0.70361328125 0.01708984375 0.03076171875
0 0.27685546875 0.78662109375 0.01806640625 0.03564453125
0 0.751953125 0.51904296875 0.013671875 0.0380859375
0 0.5087890625 0.869140625 0.01318359375 0.03759765625
0 0.37646484375 0.3759765625 0.02001953125 0.02734375
0 0.68603515625 0.564453125 0.01708984375 0.03271484375
0 0.9091796875 0.4912109375 0.01611328125 0.029296875
0 0.2880859375 0.53564453125 0.0126953125 0.0400390625
0 0.8798828125 0.501953125 0.01953125 0.02587890625
0 0.4150390625 0.41064453125 0.01171875 0.04052734375
0 0.517578125 0.3388671875 0.0224609375 0.017578125
0 0.4072265625 0.83349609375 0.02001953125 0.0556640625
0 0.9970703125 0.67626953125 0.005859375 0.033203125
0 0.64990234375 0.85546875 0.013671875 0.041015625
0 0.47412109375 0.462890625 0.01318359375 0.03662109375
0 0.27099609375 0.6376953125 0.01708984375 0.03369140625
0 0.77392578125 0.69970703125 0.01220703125 0.0419921875
0 0.5185546875 0.82763671875 0.0146484375 0.03515625
0 0.68701171875 0.48046875 0.009765625 0.03515625
0 0.69970703125 0.77734375 0.01416015625 0.03466796875
0 0.5625 0.962890625 0.013671875 0.0380859375
0 0.84033203125 0.49609375 0.01708984375 0.02978515625
0 0.66162109375 0.642578125 0.01708984375 0.02490234375
0 0.236328125 0.724609375 0.02197265625 0.02490234375
0 0.744140625 0.546875 0.0146484375 0.0322265625
0 0.830078125 0.890625 0.01416015625 0.03759765625
0 0.9130859375 0.5498046875 0.0107421875 0.0361328125
0 0.98291015625 0.90283203125 0.015625 0.037109375
0 0.1708984375 0.8173828125 0.013671875 0.04248046875
0 0.7685546875 0.62353515625 0.015625 0.03369140625
0 0.3427734375 0.83544921875 0.01904296875 0.03564453125
0 0.62109375 0.53759765625 0.0146484375 0.03564453125
0 0.376953125 0.80908203125 0.015625 0.03076171875
0 0.763671875 0.76904296875 0.01123046875 0.03125
0 0.64306640625 0.4765625 0.01611328125 0.03662109375
0 0.50244140625 0.68701171875 0.01611328125 0.0361328125
0 0.318359375 0.86474609375 0.015625 0.04150390625
0 0.4453125 0.4423828125 0.01416015625 0.0361328125
0 0.5791015625 0.89306640625 0.013671875 0.03564453125
0 0.90576171875 0.7021484375 0.015625 0.03564453125
0 0.6865234375 0.681640625 0.01416015625 0.03466796875
0 0.46826171875 0.6796875 0.01708984375 0.03466796875
0 0.68798828125 0.91650390625 0.01220703125 0.03466796875
0 0.734375 0.9521484375 0.01171875 0.03857421875
0 0.3515625 0.57568359375 0.01123046875 0.0390625
0 0.94970703125 0.525390625 0.01416015625 0.0341796875
0 0.9306640625 0.837890625 0.0107421875 0.03466796875
0 0.986328125 0.70703125 0.01513671875 0.03955078125
0 0.81689453125 0.75732421875 0.01171875 0.033203125
0 0.826171875 0.58984375 0.01513671875 0.03271484375
0 0.943359375 0.6162109375 0.0126953125 0.03369140625
0 0.7158203125 0.69775390625 0.0146484375 0.0302734375
0 0.88623046875 0.87451171875 0.01318359375 0.0400390625
0 0.4921875 0.6015625 0.017578125 0.03564453125
0 0.85791015625 0.81201171875 0.01513671875 0.037109375
0 0.6669921875 0.962890625 0.0107421875 0.0322265625
0 0.83544921875 0.6787109375 0.01416015625 0.033203125
0 0.86572265625 0.79833984375 0.01318359375 0.037109375
0 0.76806640625 0.5849609375 0.01513671875 0.03369140625
0 0.83154296875 0.5322265625 0.01171875 0.0380859375
0 0.97119140625 0.94189453125 0.0126953125 0.03564453125
0 0.6201171875 0.82958984375 0.0166015625 0.037109375
0 0.92822265625 0.3349609375 0.02197265625 0.02392578125
0 0.849609375 0.666015625 0.01416015625 0.03173828125
0 0.96435546875 0.48974609375 0.0185546875 0.025390625
0 0.83984375 0.8212890625 0.013671875 0.04150390625
0 0.81005859375 0.55126953125 0.0146484375 0.03564453125
0 0.9970703125 0.96875 0.00537109375 0.02294921875
0 0.79248046875 0.7529296875 0.0126953125 0.0361328125
0 0.802734375 0.5947265625 0.01416015625 0.037109375
0 0.95654296875 0.759765625 0.00927734375 0.03759765625
0 0.701171875 0.49951171875 0.01611328125 0.03662109375
0 0.990234375 0.76806640625 0.01806640625 0.03369140625
0 0.765625 0.98193359375 0.01708984375 0.03466796875
0 0.93603515625 0.736328125 0.0126953125 0.03857421875
0 0.99658203125 0.99609375 0.00634765625 0.0078125
0 0.9453125 0.73583984375 0.01513671875 0.03955078125
0 0.8125 0.9892578125 0.01025390625 0.02099609375