0 0.76806640625 0.2255859375 0.025390625 0.0830078125
0 0.46630859375 0.0966796875 0.0234375 0.0751953125
0 0.6982421875 0.50732421875 0.0322265625 0.0859375
0 0.875 0.5244140625 0.04296875 0.072265625
0 0.14111328125 0.48486328125 0.0458984375 0.087890625
0 0.7734375 0.45458984375 0.0390625 0.095703125
0 0.8203125 0.42529296875 0.03125 0.0634765625
0 0.43115234375 0.50830078125 0.0517578125 0.064453125
0 0.82666015625 0.02392578125 0.056640625 0.046875
0 0.26123046875 0.580078125 0.044921875 0.0390625
0 0.20751953125 0.171875 0.025390625 0.08984375
0 0.24365234375 0.13525390625 0.03515625 0.080078125