0 0.935546875 0.4375 0.03369140625 0.033203125
0 0.98388671875 0.03369140625 0.03076171875 0.0625
0 0.96337890625 0.49853515625 0.0390625 0.0341796875
0 0.869140625 0.658203125 0.03369140625 0.05615234375
0 0.98046875 0.20556640625 0.03857421875 0.04931640625
0 0.87353515625 0.712890625 0.03173828125 0.0556640625
0 0.85107421875 0.5927734375 0.04345703125 0.08642578125
0 0.91796875 0.27001953125 0.04345703125 0.03955078125
0 0.81494140625 0.98681640625 0.0341796875 0.02587890625
0 0.9287109375 0.66748046875 0.0341796875 0.0498046875
0 0.9677734375 0.65185546875 0.04150390625 0.03369140625