0 0.0048828125 0.68408203125 0.009765625 0.0302734375
0 0.25439453125 0.62451171875 0.025390625 0.02734375
0 0.01025390625 0.59521484375 0.0205078125 0.0263671875
0 0.20166015625 0.77685546875 0.03515625 0.037109375
0 0.1044921875 0.56396484375 0.017578125 0.0185546875
0 0.26513671875 0.66162109375 0.02734375 0.02734375
0 0.1171875 0.7958984375 0.0419921875 0.0458984375
0 0.05029296875 0.6298828125 0.0302734375 0.0302734375
0 0.29248046875 0.732421875 0.0234375 0.02734375
0 0.1953125 0.70556640625 0.0205078125 0.0283203125
0 0.06591796875 0.611328125 0.0234375 0.0263671875
0 0.1640625 0.61279296875 0.0126953125 0.015625
0 0.21923828125 0.720703125 0.0263671875 0.02734375
0 0.06884765625 0.56494140625 0.0283203125 0.025390625
0 0.0048828125 0.81640625 0.009765625 0.048828125
0 0.33935546875 0.87744140625 0.0380859375 0.044921875
0 0.23291015625 0.60498046875 0.0234375 0.0234375
0 0.54931640625 0.84912109375 0.01953125 0.02734375
0 0.06201171875 0.73681640625 0.0234375 0.0341796875
0 0.01220703125 0.57080078125 0.0205078125 0.0234375
0 0.0419921875 0.6025390625 0.0185546875 0.021484375
0 0.0146484375 0.619140625 0.017578125 0.02734375
0 0.31640625 0.6279296875 0.0224609375 0.0244140625
0 0.025390625 0.54296875 0.0185546875 0.0224609375
0 0.18310546875 0.62060546875 0.015625 0.01171875
0 0.4765625 0.82373046875 0.033203125 0.0419921875
0 0.40283203125 0.69091796875 0.0146484375 0.0205078125
0 0.3642578125 0.8955078125 0.0390625 0.0458984375
0 0.3212890625 0.96826171875 0.0400390625 0.0205078125
0 0.521484375 0.79541015625 0.0166015625 0.0322265625
0 0.0283203125 0.5673828125 0.01953125 0.0224609375
0 0.2421875 0.7158203125 0.01953125 0.0263671875
0 0.2138671875 0.767578125 0.0234375 0.03515625
0 0.27099609375 0.720703125 0.0146484375 0.0166015625
0 0.2373046875 0.59228515625 0.0166015625 0.0146484375
0 0.0478515625 0.56494140625 0.013671875 0.021484375
0 0.41357421875 0.76611328125 0.0244140625 0.0234375
0 0.3984375 0.77197265625 0.015625 0.017578125
0 0.48779296875 0.6865234375 0.0185546875 0.0224609375