0 0.11962890625 0.94189453125 0.025390625 0.0498046875
0 0.46630859375 0.94287109375 0.03125 0.0556640625
0 0.06201171875 0.833984375 0.02197265625 0.04541015625
0 0.6904296875 0.916015625 0.0166015625 0.05224609375
0 0.80126953125 0.96630859375 0.02001953125 0.0634765625
0 0.9130859375 0.96533203125 0.0302734375 0.06103515625
0 0.79296875 0.84423828125 0.017578125 0.048828125
0 0.6044921875 0.39208984375 0.01904296875 0.02392578125
0 0.71875 0.603515625 0.0263671875 0.03466796875
0 0.6787109375 0.44677734375 0.0146484375 0.0283203125
0 0.021484375 0.5458984375 0.021484375 0.03125
0 0.49609375 0.8798828125 0.02490234375 0.03125
0 0.09716796875 0.77685546875 0.02587890625 0.04638671875
0 0.2373046875 0.8193359375 0.0205078125 0.04443359375
0 0.67431640625 0.63134765625 0.01318359375 0.0380859375
0 0.0693359375 0.5791015625 0.013671875 0.03369140625
0 0.82080078125 0.42431640625 0.01123046875 0.02685546875
0 0.4619140625 0.66259765625 0.0234375 0.0439453125
0 0.21826171875 0.64013671875 0.0166015625 0.03564453125
0 0.14306640625 0.822265625 0.025390625 0.05029296875
0 0.12109375 0.82470703125 0.02197265625 0.04541015625
0 0.80029296875 0.80078125 0.0146484375 0.04833984375
0 0.2685546875 0.79052734375 0.0185546875 0.048828125
0 0.0986328125 0.57470703125 0.013671875 0.03125
0 0.6533203125 0.92529296875 0.01416015625 0.05126953125
0 0.4560546875 0.77978515625 0.0146484375 0.04638671875
0 0.20166015625 0.81689453125 0.02099609375 0.0458984375
0 0.44921875 0.64306640625 0.01123046875 0.04052734375
0 0.00439453125 0.8447265625 0.0087890625 0.02734375
0 0.078125 0.54638671875 0.01416015625 0.04150390625
0 0.37353515625 0.6826171875 0.01318359375 0.04296875
0 0.4755859375 0.767578125 0.021484375 0.03515625
0 0.16796875 0.6015625 0.0087890625 0.02978515625
0 0.1513671875 0.974609375 0.025390625 0.037109375
0 0.97021484375 0.5166015625 0.01611328125 0.02197265625
0 0.6669921875 0.8857421875 0.0146484375 0.05029296875
0 0.94873046875 0.55029296875 0.01220703125 0.02978515625
0 0.95751953125 0.525390625 0.01220703125 0.02294921875
0 0.3671875 0.5927734375 0.01220703125 0.03466796875
0 0.78515625 0.990234375 0.0205078125 0.017578125
0 0.314453125 0.65869140625 0.0126953125 0.04052734375
0 0.0185546875 0.6279296875 0.01123046875 0.02880859375
0 0.525390625 0.7470703125 0.01318359375 0.0400390625
0 0.28173828125 0.60498046875 0.0126953125 0.03271484375
0 0.00732421875 0.8779296875 0.0146484375 0.03857421875
0 0.1669921875 0.666015625 0.01123046875 0.03857421875
0 0.08740234375 0.98876953125 0.0185546875 0.021484375
0 0.38671875 0.984375 0.0166015625 0.03125
0 0.39453125 0.60595703125 0.01025390625 0.0322265625
0 0.2412109375 0.693359375 0.01318359375 0.04248046875
0 0.00390625 0.771484375 0.0068359375 0.03564453125
0 0.3095703125 0.7666015625 0.01318359375 0.04833984375
0 0.595703125 0.41064453125 0.0107421875 0.0224609375
0 0.54833984375 0.96337890625 0.015625 0.02880859375
0 0.0927734375 0.935546875 0.02099609375 0.037109375
0 0.74658203125 0.8154296875 0.01416015625 0.04345703125
0 0.3525390625 0.72314453125 0.01416015625 0.04052734375
0 0.13427734375 0.97705078125 0.0146484375 0.0458984375