0 0.69970703125 0.650390625 0.01171875 0.0185546875
0 0.703125 0.6376953125 0.01318359375 0.01318359375
0 0.3857421875 0.681640625 0.01318359375 0.017578125
0 0.2099609375 0.73193359375 0.013671875 0.0185546875
0 0.1826171875 0.740234375 0.017578125 0.02001953125
0 0.75634765625 0.658203125 0.01416015625 0.0185546875
0 0.89501953125 0.64306640625 0.0126953125 0.0146484375
0 0.86865234375 0.6435546875 0.01416015625 0.017578125
0 0.95703125 0.640625 0.01611328125 0.0146484375
0 0.25 0.72802734375 0.01611328125 0.01904296875
0 0.955078125 0.654296875 0.01806640625 0.0205078125
0 0.060546875 0.77978515625 0.0166015625 0.01904296875
0 0.72802734375 0.654296875 0.0126953125 0.021484375
0 0.58740234375 0.6533203125 0.01318359375 0.017578125
0 0.60009765625 0.6513671875 0.01318359375 0.01708984375
0 0.1689453125 0.763671875 0.01171875 0.0126953125
0 0.28662109375 0.8681640625 0.02001953125 0.025390625
0 0.384765625 0.75 0.0166015625 0.02197265625
0 0.2998046875 0.72314453125 0.0166015625 0.01953125
0 0.0771484375 0.77685546875 0.01513671875 0.02099609375
0 0.458984375 0.658203125 0.009765625 0.01611328125
0 0.6640625 0.64208984375 0.01171875 0.01806640625
0 0.44921875 0.66015625 0.00927734375 0.01513671875
0 0.4248046875 0.8017578125 0.0205078125 0.0224609375
0 0.521484375 0.6533203125 0.009765625 0.01806640625
0 0.435546875 0.75048828125 0.01025390625 0.0224609375
0 0.005859375 0.79296875 0.01025390625 0.01953125
0 0.25732421875 0.888671875 0.01904296875 0.0263671875
0 0.39453125 0.697265625 0.0087890625 0.0205078125
0 0.291015625 0.82763671875 0.01171875 0.02587890625
0 0.16455078125 0.8359375 0.02001953125 0.0224609375
0 0.27734375 0.73388671875 0.01806640625 0.02587890625
0 0.0302734375 0.83642578125 0.017578125 0.02294921875
0 0.3447265625 0.82470703125 0.00927734375 0.0234375
0 0.33984375 0.7001953125 0.009765625 0.0107421875
0 0.2646484375 0.71533203125 0.01025390625 0.015625
0 0.345703125 0.849609375 0.02197265625 0.0244140625
0 0.64453125 0.728515625 0.01025390625 0.02197265625
0 0.728515625 0.6455078125 0.00830078125 0.0078125