0 0.18603515625 0.33837890625 0.015625 0.01708984375
0 0.13818359375 0.38916015625 0.01318359375 0.0244140625
0 0.58349609375 0.849609375 0.0166015625 0.03173828125
0 0.80517578125 0.74951171875 0.0185546875 0.025390625
0 0.65771484375 0.4755859375 0.01806640625 0.01953125
0 0.72509765625 0.775390625 0.01123046875 0.02880859375
0 0.54736328125 0.658203125 0.01806640625 0.029296875
0 0.66748046875 0.64990234375 0.01171875 0.029296875
0 0.64111328125 0.8876953125 0.01806640625 0.0341796875
0 0.6201171875 0.57861328125 0.01123046875 0.0224609375
0 0.00927734375 0.34423828125 0.01513671875 0.02294921875
0 0.7265625 0.556640625 0.0146484375 0.02783203125
0 0.36279296875 0.73046875 0.0146484375 0.029296875
0 0.29248046875 0.423828125 0.01318359375 0.025390625
0 0.55224609375 0.59912109375 0.01318359375 0.03173828125
0 0.326171875 0.90185546875 0.0166015625 0.02197265625
0 0.71533203125 0.560546875 0.0205078125 0.0224609375
0 0.26904296875 0.38623046875 0.0126953125 0.02783203125
0 0.0966796875 0.6298828125 0.01171875 0.02783203125
0 0.8134765625 0.775390625 0.017578125 0.02685546875
0 0.3056640625 0.591796875 0.013671875 0.0283203125
0 0.75390625 0.84619140625 0.01171875 0.037109375
0 0.55615234375 0.56005859375 0.01318359375 0.0244140625
0 0.47802734375 0.87744140625 0.015625 0.02978515625
0 0.48095703125 0.53564453125 0.0107421875 0.03369140625
0 0.22705078125 0.8408203125 0.01171875 0.02978515625
0 0.5048828125 0.53076171875 0.01171875 0.033203125
0 0.5322265625 0.60009765625 0.01220703125 0.03564453125
0 0.23193359375 0.82666015625 0.0224609375 0.0546875
0 0.35693359375 0.38525390625 0.00927734375 0.029296875
0 0.3359375 0.517578125 0.01220703125 0.02490234375
0 0.3349609375 0.37841796875 0.0107421875 0.0263671875
0 0.02001953125 0.4716796875 0.03662109375 0.05517578125
0 0.3662109375 0.88134765625 0.01513671875 0.03173828125
0 0.10302734375 0.53466796875 0.01416015625 0.02587890625
0 0.294921875 0.38525390625 0.01025390625 0.02783203125
0 0.41259765625 0.88330078125 0.0146484375 0.0361328125
0 0.2294921875 0.69775390625 0.00927734375 0.0244140625
0 0.50341796875 0.97412109375 0.01220703125 0.03466796875
0 0.0244140625 0.78369140625 0.02197265625 0.06005859375
0 0.57080078125 0.9599609375 0.017578125 0.033203125
0 0.1728515625 0.36767578125 0.00830078125 0.0283203125
0 0.107421875 0.4111328125 0.0087890625 0.02880859375
0 0.52978515625 0.9462890625 0.01025390625 0.0390625
0 0.52685546875 0.81005859375 0.01171875 0.03662109375
0 0.33544921875 0.486328125 0.01318359375 0.02734375
0 0.59033203125 0.955078125 0.009765625 0.03662109375
0 0.6708984375 0.458984375 0.00732421875 0.02978515625
0 0.49560546875 0.4091796875 0.00830078125 0.02734375
0 0.080078125 0.638671875 0.01025390625 0.0322265625
0 0.15673828125 0.65234375 0.02490234375 0.046875
0 0.0732421875 0.54443359375 0.02099609375 0.0458984375
0 0.2333984375 0.72216796875 0.015625 0.021484375
0 0.39990234375 0.48291015625 0.00830078125 0.0322265625
0 0.19287109375 0.49462890625 0.0087890625 0.0302734375
0 0.04248046875 0.587890625 0.01318359375 0.029296875
0 0.28955078125 0.982421875 0.009765625 0.02783203125
0 0.27685546875 0.62890625 0.00927734375 0.0283203125
0 0.23388671875 0.5634765625 0.01416015625 0.03173828125
0 0.3115234375 0.47705078125 0.0078125 0.02880859375
0 0.3984375 0.75048828125 0.009765625 0.03076171875
0 0.3232421875 0.7109375 0.009765625 0.0341796875
0 0.3427734375 0.548828125 0.00927734375 0.02783203125
0 0.14306640625 0.68994140625 0.0146484375 0.02783203125
0 0.19921875 0.6044921875 0.0087890625 0.03076171875
0 0.4462890625 0.876953125 0.0087890625 0.0361328125
0 0.109375 0.603515625 0.009765625 0.0302734375
0 0.11376953125 0.74560546875 0.01416015625 0.03125
0 0.529296875 0.7744140625 0.00830078125 0.03759765625
0 0.01953125 0.75048828125 0.013671875 0.0263671875
0 0.17041015625 0.6357421875 0.00830078125 0.0322265625
0 0.11181640625 0.56689453125 0.01220703125 0.0263671875
0 0.06494140625 0.810546875 0.0146484375 0.02978515625
0 0.26904296875 0.615234375 0.0078125 0.0341796875
0 0.109375 0.892578125 0.0224609375 0.06298828125
0 0.14306640625 0.46142578125 0.0087890625 0.03076171875
0 0.10009765625 0.84423828125 0.01318359375 0.03125
0 0.1474609375 0.6591796875 0.0078125 0.03076171875
0 0.25537109375 0.572265625 0.00830078125 0.02978515625
0 0.06103515625 0.9599609375 0.00927734375 0.02783203125
0 0.07177734375 0.615234375 0.00830078125 0.033203125
0 0.14208984375 0.9052734375 0.013671875 0.0556640625
0 0.21630859375 0.7060546875 0.0107421875 0.0302734375
0 0.15283203125 0.7490234375 0.013671875 0.03076171875
0 0.0048828125 0.54931640625 0.009765625 0.03076171875
0 0.1650390625 0.869140625 0.00830078125 0.03369140625
0 0.0439453125 0.88232421875 0.01416015625 0.03076171875
0 0.189453125 0.728515625 0.00830078125 0.03076171875
0 0.06689453125 0.55908203125 0.01220703125 0.02685546875
0 0.02001953125 0.845703125 0.01123046875 0.033203125
0 0.125 0.87353515625 0.015625 0.03125
0 0.07177734375 0.8740234375 0.01123046875 0.0322265625
0 0.099609375 0.673828125 0.01220703125 0.0322265625
0 0.08642578125 0.91943359375 0.01416015625 0.02880859375
0 0.10107421875 0.876953125 0.0087890625 0.03173828125
0 0.05712890625 0.638671875 0.01123046875 0.03271484375
0 0.12744140625 0.642578125 0.01220703125 0.0263671875
0 0.21826171875 0.5947265625 0.00830078125 0.0234375
0 0.0439453125 0.78173828125 0.01025390625 0.03466796875
0 0.07763671875 0.8427734375 0.01416015625 0.03271484375
0 0.00537109375 0.46044921875 0.00830078125 0.029296875
0 0.4853515625 0.375 0.00537109375 0.01513671875
0 0.83349609375 0.45947265625 0.0087890625 0.02734375
0 0.00390625 0.77880859375 0.00732421875 0.0244140625
0 0.8818359375 0.64794921875 0.01416015625 0.0263671875
0 0.06787109375 0.5390625 0.0078125 0.03173828125
0 0.134765625 0.9365234375 0.0185546875 0.0283203125
0 0.0029296875 0.67578125 0.005859375 0.025390625