0 0.19873046875 0.57421875 0.0146484375 0.013671875
0 0.12841796875 0.19580078125 0.009765625 0.013671875
0 0.15478515625 0.302734375 0.0107421875 0.01171875
0 0.09912109375 0.25048828125 0.01171875 0.0126953125
0 0.20751953125 0.70654296875 0.015625 0.0146484375
0 0.2109375 0.49658203125 0.0107421875 0.017578125
0 0.11328125 0.94091796875 0.0166015625 0.0205078125
0 0.18798828125 0.458984375 0.0107421875 0.015625
0 0.158203125 0.3837890625 0.0126953125 0.0126953125
0 0.08056640625 0.17724609375 0.01171875 0.0126953125
0 0.02294921875 0.39599609375 0.0107421875 0.0146484375
0 0.12890625 0.31787109375 0.01171875 0.013671875
0 0.041015625 0.18603515625 0.013671875 0.015625
0 0.0380859375 0.32568359375 0.013671875 0.0107421875
0 0.1650390625 0.40283203125 0.01171875 0.015625
0 0.2333984375 0.791015625 0.015625 0.017578125
0 0.03369140625 0.34521484375 0.01171875 0.013671875
0 0.0576171875 0.92431640625 0.0166015625 0.017578125
0 0.169921875 0.9638671875 0.009765625 0.0244140625
0 0.21826171875 0.67529296875 0.0078125 0.025390625
0 0.14208984375 0.427734375 0.013671875 0.0146484375
0 0.22802734375 0.5498046875 0.0078125 0.0224609375
0 0.1181640625 0.89599609375 0.015625 0.0185546875
0 0.1962890625 0.55078125 0.01171875 0.0166015625
0 0.115234375 0.4580078125 0.013671875 0.0166015625
0 0.13623046875 0.37060546875 0.009765625 0.0146484375
0 0.22607421875 0.85205078125 0.0126953125 0.0185546875
0 0.13671875 0.98486328125 0.013671875 0.015625
0 0.22314453125 0.8828125 0.015625 0.0185546875
0 0.23486328125 0.9775390625 0.0166015625 0.021484375
0 0.10595703125 0.330078125 0.01171875 0.013671875
0 0.17041015625 0.435546875 0.0068359375 0.0166015625
0 0.216796875 0.47021484375 0.0068359375 0.0185546875
0 0.23193359375 0.93408203125 0.015625 0.017578125
0 0.0517578125 0.4521484375 0.01171875 0.01171875
0 0.04638671875 0.97314453125 0.0185546875 0.01953125
0 0.021484375 0.34375 0.009765625 0.0126953125
0 0.2060546875 0.4453125 0.013671875 0.013671875
0 0.07177734375 0.1826171875 0.0068359375 0.0166015625
0 0.11865234375 0.509765625 0.01171875 0.017578125
0 0.041015625 0.8896484375 0.0146484375 0.0166015625
0 0.00537109375 0.42529296875 0.0078125 0.0146484375
0 0.158203125 0.63818359375 0.0146484375 0.0146484375
0 0.13671875 0.5029296875 0.015625 0.015625
0 0.00341796875 0.58984375 0.0068359375 0.017578125
0 0.09619140625 0.3037109375 0.01171875 0.01171875
0 0.20947265625 0.9716796875 0.0107421875 0.025390625
0 0.01025390625 0.4970703125 0.0126953125 0.013671875
0 0.02880859375 0.9423828125 0.017578125 0.017578125
0 0.08154296875 0.46923828125 0.0146484375 0.0185546875
0 0.12060546875 0.4208984375 0.009765625 0.0166015625
0 0.03759765625 0.982421875 0.0126953125 0.01953125
0 0.08837890625 0.62060546875 0.013671875 0.013671875
0 0.20751953125 0.9423828125 0.013671875 0.0205078125
0 0.02978515625 0.642578125 0.015625 0.0146484375
0 0.1806640625 0.642578125 0.01171875 0.017578125
0 0.078125 0.29296875 0.01171875 0.0146484375
0 0.01220703125 0.95166015625 0.017578125 0.0185546875
0 0.072265625 0.453125 0.013671875 0.013671875
0 0.04052734375 0.734375 0.013671875 0.0146484375
0 0.24462890625 0.70458984375 0.0068359375 0.02734375
0 0.1669921875 0.7841796875 0.0146484375 0.0166015625
0 0.17822265625 0.71435546875 0.0126953125 0.0205078125
0 0.0771484375 0.3125 0.01171875 0.01953125
0 0.10546875 0.31640625 0.01171875 0.013671875
0 0.173828125 0.89501953125 0.01953125 0.017578125
0 0.0810546875 0.81884765625 0.0126953125 0.021484375
0 0.171875 0.734375 0.0146484375 0.015625
0 0.1923828125 0.7587890625 0.015625 0.0166015625
0 0.04345703125 0.72314453125 0.013671875 0.0126953125
0 0.1298828125 0.57958984375 0.0126953125 0.013671875
0 0.076171875 0.8447265625 0.0107421875 0.02734375
0 0.20947265625 0.9228515625 0.0166015625 0.01953125
0 0.05078125 0.8154296875 0.015625 0.0166015625
0 0.1484375 0.86376953125 0.017578125 0.01953125
0 0.076171875 0.26171875 0.0146484375 0.013671875
0 0.08984375 0.5263671875 0.0126953125 0.0146484375
0 0.11083984375 0.7255859375 0.0087890625 0.025390625
0 0.02392578125 0.8134765625 0.0166015625 0.0185546875
0 0.11328125 0.6669921875 0.0126953125 0.0166015625
0 0.1298828125 0.71435546875 0.0146484375 0.0166015625
0 0.1806640625 0.84716796875 0.017578125 0.0185546875
0 0.11181640625 0.85546875 0.0166015625 0.0185546875
0 0.1201171875 0.65380859375 0.015625 0.015625
0 0.04833984375 0.6201171875 0.015625 0.0185546875
0 0.19970703125 0.80908203125 0.0146484375 0.0185546875
0 0.05126953125 0.5888671875 0.013671875 0.015625
0 0.15185546875 0.81396484375 0.0126953125 0.0166015625
0 0.07080078125 0.595703125 0.015625 0.0185546875
0 0.0390625 0.5712890625 0.013671875 0.015625
0 0.14013671875 0.74951171875 0.013671875 0.0185546875
0 0.03466796875 0.6904296875 0.015625 0.017578125
0 0.16015625 0.6533203125 0.015625 0.0224609375
0 0.017578125 0.66943359375 0.0087890625 0.021484375
0 0.0322265625 0.7861328125 0.0166015625 0.0185546875
0 0.02734375 0.76513671875 0.0166015625 0.017578125
0 0.1279296875 0.61376953125 0.013671875 0.017578125
0 0.13671875 0.8291015625 0.015625 0.017578125
0 0.1875 0.54443359375 0.005859375 0.0224609375
0 0.01318359375 0.68994140625 0.013671875 0.017578125
0 0.11181640625 0.8017578125 0.0146484375 0.01953125
0 0.11767578125 0.79296875 0.0126953125 0.0166015625
0 0.08349609375 0.86669921875 0.0146484375 0.0166015625
0 0.18994140625 0.798828125 0.0166015625 0.0146484375
0 0.13134765625 0.41162109375 0.01171875 0.015625
0 0.14697265625 0.8447265625 0.0166015625 0.0146484375
0 0.0673828125 0.5 0.0126953125 0.009765625
0 0.07421875 0.55322265625 0.0126953125 0.0126953125
0 0.03759765625 0.52587890625 0.01171875 0.0126953125
0 0.0703125 0.68408203125 0.01171875 0.017578125
0 0.0556640625 0.53662109375 0.015625 0.0166015625
0 0.09326171875 0.5546875 0.0126953125 0.0146484375
0 0.0673828125 0.5830078125 0.013671875 0.013671875
0 0.0478515625 0.54638671875 0.01171875 0.017578125
0 0.185546875 0.66845703125 0.0126953125 0.0146484375
0 0.09130859375 0.6669921875 0.015625 0.015625
0 0.06298828125 0.71826171875 0.013671875 0.017578125
0 0.10205078125 0.71337890625 0.0107421875 0.0185546875
0 0.07763671875 0.77978515625 0.0146484375 0.0205078125
0 0.1103515625 0.576171875 0.0126953125 0.01953125
0 0.09521484375 0.72412109375 0.0185546875 0.01953125
0 0.09423828125 0.57568359375 0.0078125 0.0205078125
0 0.0908203125 0.68359375 0.0166015625 0.0185546875
0 0.20556640625 0.99072265625 0.017578125 0.0087890625
0 0.0751953125 0.7119140625 0.0146484375 0.017578125
0 0.1064453125 0.603515625 0.017578125 0.015625
0 0.09423828125 0.58935546875 0.0146484375 0.0166015625
0 0.068359375 0.779296875 0.013671875 0.01953125
0 0.04052734375 0.59375 0.0166015625 0.0244140625
0 0.2373046875 0.6962890625 0.015625 0.0283203125
0 0.0419921875 0.53076171875 0.0126953125 0.0146484375
0 0.18505859375 0.40380859375 0.005859375 0.01171875