0 0.09619140625 0.1767578125 0.05126953125 0.05908203125
0 0.86474609375 0.056640625 0.05419921875 0.056640625
0 0.76171875 0.3125 0.06640625 0.08544921875
0 0.33349609375 0.1328125 0.0400390625 0.06396484375
0 0.740234375 0.22412109375 0.0498046875 0.06591796875
0 0.03125 0.587890625 0.06103515625 0.0966796875
0 0.0791015625 0.45654296875 0.04150390625 0.1044921875
0 0.798828125 0.6181640625 0.0966796875 0.1181640625
0 0.48095703125 0.48095703125 0.0439453125 0.1123046875
0 0.2666015625 0.1806640625 0.060546875 0.05908203125
0 0.20361328125 0.13818359375 0.0458984375 0.0478515625
0 0.97509765625 0.3251953125 0.04931640625 0.08056640625
0 0.1845703125 0.1201171875 0.0302734375 0.04736328125