0 0.0703125 0.8896484375 0.046875 0.0478515625
0 0.24755859375 0.9697265625 0.05615234375 0.05859375
0 0.10595703125 0.970703125 0.03271484375 0.05810546875
0 0.19189453125 0.85986328125 0.03271484375 0.0234375
0 0.2890625 0.9287109375 0.03369140625 0.0400390625
0 0.078125 0.931640625 0.0400390625 0.0576171875
0 0.0576171875 0.64501953125 0.0234375 0.03857421875
0 0.24365234375 0.8896484375 0.0419921875 0.04541015625
0 0.12841796875 0.81201171875 0.041015625 0.0439453125
0 0.30517578125 0.9521484375 0.0224609375 0.05859375
0 0.0166015625 0.931640625 0.033203125 0.03125
0 0.02294921875 0.66162109375 0.037109375 0.03466796875
0 0.173828125 0.99365234375 0.02978515625 0.0126953125