0 0.8134765625 0.77392578125 0.01806640625 0.0234375
0 0.18359375 0.3388671875 0.0146484375 0.017578125
0 0.58203125 0.84912109375 0.015625 0.03271484375
0 0.57421875 0.689453125 0.0146484375 0.02734375
0 0.13720703125 0.3876953125 0.01318359375 0.021484375
0 0.72509765625 0.77197265625 0.0126953125 0.02783203125
0 0.80322265625 0.7451171875 0.01904296875 0.02490234375
0 0.6494140625 0.8994140625 0.0166015625 0.03564453125
0 0.55224609375 0.59912109375 0.0126953125 0.02783203125
0 0.6220703125 0.58203125 0.013671875 0.02490234375
0 0.72216796875 0.55078125 0.0166015625 0.02783203125
0 0.75537109375 0.8544921875 0.01171875 0.03857421875
0 0.37158203125 0.74609375 0.01416015625 0.0322265625
0 0.65625 0.4736328125 0.01953125 0.0185546875
0 0.62109375 0.97119140625 0.01123046875 0.03271484375
0 0.47705078125 0.873046875 0.01513671875 0.0263671875
0 0.50634765625 0.53369140625 0.0224609375 0.05078125
0 0.65380859375 0.986328125 0.013671875 0.02734375
0 0.55517578125 0.560546875 0.01416015625 0.0283203125
0 0.7119140625 0.5556640625 0.01953125 0.02392578125
0 0.00732421875 0.34423828125 0.0146484375 0.021484375
0 0.095703125 0.62890625 0.01123046875 0.02783203125
0 0.53125 0.5986328125 0.01220703125 0.033203125
0 0.32568359375 0.90185546875 0.01708984375 0.02685546875
0 0.33447265625 0.37451171875 0.0126953125 0.02099609375
0 0.27099609375 0.390625 0.0107421875 0.02734375
0 0.29150390625 0.423828125 0.01318359375 0.02587890625
0 0.35595703125 0.3837890625 0.015625 0.0458984375
0 0.232421875 0.828125 0.0234375 0.05322265625
0 0.3349609375 0.515625 0.0126953125 0.0244140625
0 0.47998046875 0.5341796875 0.0107421875 0.0322265625
0 0.025390625 0.4677734375 0.01416015625 0.02294921875
0 0.275390625 0.62890625 0.009765625 0.02783203125
0 0.669921875 0.45849609375 0.00732421875 0.02880859375
0 0.4130859375 0.88232421875 0.01220703125 0.037109375
0 0.2431640625 0.57275390625 0.0341796875 0.0478515625
0 0.30810546875 0.4091796875 0.01123046875 0.02734375
0 0.30810546875 0.59716796875 0.01220703125 0.02880859375
0 0.52587890625 0.80712890625 0.01123046875 0.03662109375
0 0.39794921875 0.75048828125 0.009765625 0.03125
0 0.494140625 0.40966796875 0.00732421875 0.02734375
0 0.19189453125 0.49560546875 0.01025390625 0.02783203125
0 0.33447265625 0.486328125 0.01318359375 0.029296875
0 0.02734375 0.80224609375 0.01806640625 0.029296875
0 0.00927734375 0.46337890625 0.01806640625 0.03369140625
0 0.341796875 0.55029296875 0.009765625 0.02978515625
0 0.2265625 0.8408203125 0.01220703125 0.033203125
0 0.10498046875 0.41259765625 0.0078125 0.029296875
0 0.0791015625 0.63720703125 0.01123046875 0.03125
0 0.3984375 0.48583984375 0.00732421875 0.03271484375
0 0.099609375 0.8447265625 0.009765625 0.0302734375
0 0.37353515625 0.900390625 0.01171875 0.03564453125
0 0.17333984375 0.37451171875 0.00830078125 0.02783203125
0 0.03271484375 0.490234375 0.01171875 0.02783203125
0 0.529296875 0.9462890625 0.009765625 0.03857421875
0 0.28857421875 0.97998046875 0.0087890625 0.02734375
0 0.52783203125 0.7724609375 0.00830078125 0.03515625
0 0.31005859375 0.4775390625 0.0078125 0.02880859375
0 0.26904296875 0.61669921875 0.00732421875 0.03076171875
0 0.142578125 0.689453125 0.01318359375 0.02685546875
0 0.44580078125 0.876953125 0.0087890625 0.03662109375
0 0.14697265625 0.65869140625 0.00830078125 0.0302734375
0 0.1982421875 0.60546875 0.0087890625 0.03125
0 0.00537109375 0.54833984375 0.01025390625 0.02783203125
0 0.0419921875 0.58740234375 0.013671875 0.02880859375
0 0.072265625 0.548828125 0.0244140625 0.05029296875
0 0.12451171875 0.7607421875 0.01416015625 0.03076171875
0 0.2294921875 0.6962890625 0.009765625 0.025390625
0 0.10009765625 0.67138671875 0.015625 0.02783203125
0 0.2333984375 0.564453125 0.01220703125 0.03076171875
0 0.0595703125 0.9599609375 0.009765625 0.02978515625
0 0.0712890625 0.61474609375 0.0078125 0.03369140625
0 0.142578125 0.466796875 0.0078125 0.03076171875
0 0.18994140625 0.73876953125 0.0068359375 0.03369140625
0 0.1005859375 0.54638671875 0.00732421875 0.029296875
0 0.064453125 0.810546875 0.01513671875 0.03125
0 0.1005859375 0.873046875 0.0087890625 0.033203125
0 0.01953125 0.8447265625 0.01123046875 0.03369140625
0 0.1650390625 0.869140625 0.00830078125 0.03564453125
0 0.216796875 0.59375 0.0078125 0.02392578125
0 0.07177734375 0.8740234375 0.01171875 0.033203125
0 0.01904296875 0.75 0.01318359375 0.02685546875
0 0.15185546875 0.7490234375 0.013671875 0.0322265625
0 0.12451171875 0.873046875 0.01513671875 0.033203125
0 0.0439453125 0.88134765625 0.013671875 0.0322265625
0 0.06640625 0.55908203125 0.01318359375 0.0263671875
0 0.107421875 0.90283203125 0.0166015625 0.03515625
0 0.126953125 0.6416015625 0.01171875 0.02490234375
0 0.32275390625 0.708984375 0.00927734375 0.03369140625
0 0.66796875 0.65234375 0.0107421875 0.02880859375
0 0.0849609375 0.91943359375 0.01513671875 0.029296875
0 0.04345703125 0.78076171875 0.01025390625 0.03515625
0 0.05615234375 0.6376953125 0.0107421875 0.0322265625
0 0.0771484375 0.841796875 0.01318359375 0.03173828125
0 0.484375 0.373046875 0.00537109375 0.013671875
0 0.88037109375 0.64599609375 0.01513671875 0.0263671875
0 0.068359375 0.53759765625 0.00830078125 0.03173828125
0 0.25439453125 0.73828125 0.021484375 0.04052734375
0 0.14013671875 0.90478515625 0.015625 0.04638671875
0 0.17041015625 0.64404296875 0.01416015625 0.05517578125
0 0.15625 0.6513671875 0.009765625 0.03076171875
0 0.2421875 0.759765625 0.01220703125 0.0322265625
0 0.1337890625 0.939453125 0.00830078125 0.03173828125
0 0.00439453125 0.4609375 0.00830078125 0.029296875
0 0.00341796875 0.77734375 0.00634765625 0.02490234375
0 0.00244140625 0.673828125 0.00439453125 0.0244140625
0 0.83203125 0.45849609375 0.009765625 0.025390625
0 0.109375 0.609375 0.017578125 0.044921875
0 0.11279296875 0.57080078125 0.02783203125 0.02978515625
0 0.02392578125 0.77490234375 0.0244140625 0.03271484375