0 0.7802734375 0.61767578125 0.01123046875 0.0205078125
0 0.81787109375 0.615234375 0.0146484375 0.03662109375
0 0.8818359375 0.568359375 0.0126953125 0.03369140625
0 0.685546875 0.49951171875 0.01123046875 0.02294921875
0 0.8369140625 0.5166015625 0.0107421875 0.033203125
0 0.7529296875 0.56005859375 0.0166015625 0.02294921875
0 0.73095703125 0.4189453125 0.0068359375 0.0322265625
0 0.8154296875 0.4013671875 0.009765625 0.02734375
0 0.673828125 0.63525390625 0.017578125 0.029296875
0 0.84033203125 0.412109375 0.009765625 0.0341796875
0 0.83984375 0.3134765625 0.01220703125 0.03076171875
0 0.701171875 0.4462890625 0.01171875 0.02392578125
0 0.97265625 0.416015625 0.0107421875 0.02490234375
0 0.75341796875 0.181640625 0.01611328125 0.03369140625
0 0.900390625 0.404296875 0.0087890625 0.02734375
0 0.70263671875 0.50830078125 0.0107421875 0.02685546875
0 0.75732421875 0.6064453125 0.017578125 0.015625
0 0.96728515625 0.4990234375 0.013671875 0.02099609375
0 0.85009765625 0.0791015625 0.00927734375 0.0341796875
0 0.89013671875 0.36083984375 0.00927734375 0.02490234375
0 0.9228515625 0.3310546875 0.01318359375 0.0244140625
0 0.955078125 0.17236328125 0.0087890625 0.03076171875
0 0.72216796875 0.32861328125 0.00830078125 0.02685546875
0 0.83642578125 0.2734375 0.0107421875 0.033203125
0 0.96923828125 0.3115234375 0.01220703125 0.02294921875
0 0.85009765625 0.2294921875 0.0126953125 0.03515625
0 0.6552734375 0.59814453125 0.013671875 0.0390625
0 0.8115234375 0.49755859375 0.00732421875 0.025390625
0 0.904296875 0.53466796875 0.01513671875 0.04443359375
0 0.83251953125 0.0791015625 0.015625 0.033203125
0 0.82958984375 0.32275390625 0.01171875 0.03271484375
0 0.939453125 0.365234375 0.0068359375 0.03173828125
0 0.59130859375 0.533203125 0.0087890625 0.03515625
0 0.9453125 0.642578125 0.021484375 0.0380859375
0 0.76904296875 0.28515625 0.0107421875 0.02978515625
0 0.7705078125 0.41845703125 0.009765625 0.02783203125
0 0.56640625 0.5283203125 0.01318359375 0.03271484375
0 0.943359375 0.208984375 0.009765625 0.025390625
0 0.61572265625 0.51416015625 0.01123046875 0.0400390625
0 0.7919921875 0.28125 0.01220703125 0.0322265625
0 0.95361328125 0.337890625 0.01416015625 0.02001953125
0 0.9375 0.30078125 0.01123046875 0.0283203125
0 0.65478515625 0.52734375 0.01611328125 0.03369140625
0 0.62939453125 0.65478515625 0.01904296875 0.02490234375
0 0.76953125 0.474609375 0.01416015625 0.02001953125
0 0.72314453125 0.2041015625 0.01025390625 0.03173828125
0 0.8623046875 0.15966796875 0.01904296875 0.02783203125
0 0.759765625 0.3486328125 0.01123046875 0.04541015625
0 0.55810546875 0.45458984375 0.01220703125 0.0302734375
0 0.89013671875 0.259765625 0.01611328125 0.013671875
0 0.85986328125 0.44921875 0.01025390625 0.0419921875
0 0.88427734375 0.16357421875 0.0078125 0.02783203125
0 0.86962890625 0.2724609375 0.01171875 0.02783203125
0 0.77490234375 0.35107421875 0.01123046875 0.04052734375
0 0.7841796875 0.1650390625 0.01220703125 0.02783203125
0 0.92724609375 0.1962890625 0.0087890625 0.02490234375
0 0.80419921875 0.35546875 0.0205078125 0.02490234375
0 0.98291015625 0.365234375 0.01025390625 0.0244140625
0 0.8935546875 0.0947265625 0.01025390625 0.02099609375
0 0.986328125 0.248046875 0.01123046875 0.02734375
0 0.84912109375 0.029296875 0.0087890625 0.02490234375
0 0.6748046875 0.37548828125 0.0185546875 0.03076171875
0 0.81298828125 0.01513671875 0.01123046875 0.02978515625
0 0.93505859375 0.0234375 0.00732421875 0.0244140625
0 0.8310546875 0.04443359375 0.0107421875 0.0244140625
0 0.5869140625 0.21875 0.0185546875 0.02392578125
0 0.791015625 0.39404296875 0.0087890625 0.03125
0 0.88720703125 0.0234375 0.00830078125 0.02734375
0 0.99609375 0.646484375 0.0078125 0.04296875
0 0.84765625 0.375 0.01904296875 0.05029296875
0 0.59765625 0.40234375 0.00830078125 0.0283203125
0 0.939453125 0.13037109375 0.005859375 0.02880859375
0 0.904296875 0.0400390625 0.0107421875 0.02587890625
0 0.97607421875 0.07080078125 0.0078125 0.0244140625
0 0.9013671875 0.19140625 0.0166015625 0.02197265625
0 0.5419921875 0.52197265625 0.00830078125 0.03759765625
0 0.77490234375 0.10791015625 0.01513671875 0.0244140625
0 0.5986328125 0.46630859375 0.0087890625 0.041015625
0 0.572265625 0.30029296875 0.0126953125 0.03662109375
0 0.49560546875 0.0263671875 0.00830078125 0.02197265625
0 0.53564453125 0.48779296875 0.01171875 0.02783203125
0 0.5810546875 0.42041015625 0.01708984375 0.0537109375
0 0.56787109375 0.4677734375 0.00732421875 0.041015625
0 0.5947265625 0.423828125 0.01123046875 0.0361328125
0 0.931640625 0.451171875 0.009765625 0.02734375
0 0.99462890625 0.533203125 0.0087890625 0.02880859375
0 0.50830078125 0.42626953125 0.0107421875 0.0419921875
0 0.8271484375 0.01171875 0.01171875 0.0234375
0 0.9169921875 0.16845703125 0.015625 0.01708984375
0 0.92236328125 0.529296875 0.01025390625 0.03076171875
0 0.4853515625 0.484375 0.01513671875 0.03076171875
0 0.6474609375 0.4716796875 0.01025390625 0.03515625
0 0.482421875 0.38623046875 0.00830078125 0.0400390625
0 0.689453125 0.00830078125 0.01025390625 0.015625
0 0.8935546875 0.1376953125 0.01171875 0.02099609375
0 0.890625 0.4833984375 0.0126953125 0.03369140625
0 0.28955078125 0.478515625 0.0087890625 0.03076171875
0 0.5068359375 0.51806640625 0.0126953125 0.03369140625
0 0.16259765625 0.63623046875 0.01806640625 0.01416015625
0 0.81640625 0.318359375 0.00830078125 0.0283203125
0 0.60693359375 0.4296875 0.01904296875 0.01611328125
0 0.69482421875 0.44482421875 0.01123046875 0.0283203125
0 0.974609375 0.25244140625 0.0087890625 0.02294921875
0 0.97216796875 0.3623046875 0.00830078125 0.03515625
0 0.41259765625 0.5849609375 0.0126953125 0.03662109375
0 0.46435546875 0.5458984375 0.00830078125 0.03955078125
0 0.2666015625 0.4501953125 0.0166015625 0.01953125
0 0.4794921875 0.15380859375 0.015625 0.0244140625
0 0.189453125 0.326171875 0.01904296875 0.0234375
0 0.9716796875 0.04248046875 0.009765625 0.0283203125
0 0.4921875 0.423828125 0.0166015625 0.02734375
0 0.46875 0.6162109375 0.02197265625 0.015625
0 0.81689453125 0.533203125 0.0185546875 0.0244140625
0 0.37939453125 0.41064453125 0.01953125 0.02197265625
0 0.24267578125 0.18359375 0.01904296875 0.02197265625
0 0.40869140625 0.6337890625 0.02099609375 0.01416015625
0 0.2080078125 0.3046875 0.017578125 0.01806640625
0 0.9208984375 0.12255859375 0.01220703125 0.025390625
0 0.63916015625 0.2109375 0.0126953125 0.03759765625
0 0.9794921875 0.0068359375 0.01025390625 0.013671875
0 0.6376953125 0.09375 0.01318359375 0.033203125
0 0.44189453125 0.65185546875 0.01904296875 0.015625
0 0.57568359375 0.40478515625 0.0087890625 0.03173828125
0 0.171875 0.24755859375 0.01416015625 0.02490234375
0 0.41162109375 0.46826171875 0.01953125 0.01904296875
0 0.779296875 0.1298828125 0.00927734375 0.0205078125
0 0.8330078125 0.03564453125 0.009765625 0.0224609375
0 0.896484375 0.07470703125 0.00830078125 0.021484375
0 0.90380859375 0.14111328125 0.0107421875 0.02734375
0 0.9326171875 0.14990234375 0.009765625 0.02587890625
0 0.9921875 0.359375 0.0087890625 0.0234375
0 0.9462890625 0.37744140625 0.00830078125 0.02734375