0 0.560546875 0.03173828125 0.0185546875 0.0341796875
0 0.75341796875 0.6494140625 0.025390625 0.025390625
0 0.9560546875 0.7724609375 0.0244140625 0.0302734375
0 0.74072265625 0.0791015625 0.013671875 0.033203125
0 0.7216796875 0.1474609375 0.0166015625 0.0341796875
0 0.595703125 0.14306640625 0.015625 0.03125
0 0.64013671875 0.2841796875 0.0205078125 0.03515625
0 0.60107421875 0.32568359375 0.01953125 0.044921875
0 0.68310546875 0.29833984375 0.0166015625 0.0341796875
0 0.751953125 0.1240234375 0.0146484375 0.03515625
0 0.67529296875 0.1787109375 0.013671875 0.037109375
0 0.73583984375 0.5556640625 0.015625 0.0380859375
0 0.62646484375 0.353515625 0.0185546875 0.0390625
0 0.7490234375 0.2822265625 0.0205078125 0.029296875
0 0.8173828125 0.6806640625 0.01953125 0.0390625
0 0.72607421875 0.59033203125 0.0166015625 0.033203125
0 0.8740234375 0.6171875 0.01953125 0.029296875
0 0.97216796875 0.71875 0.025390625 0.0341796875