0 0.5693359375 0.09912109375 0.015625 0.0205078125
0 0.5244140625 0.197265625 0.01171875 0.021484375
0 0.4912109375 0.20263671875 0.01171875 0.0224609375
0 0.521484375 0.134765625 0.009765625 0.01953125
0 0.5380859375 0.18896484375 0.01171875 0.0224609375
0 0.5009765625 0.1474609375 0.0107421875 0.0205078125
0 0.51318359375 0.1865234375 0.01171875 0.01953125
0 0.54296875 0.1015625 0.0107421875 0.01953125
0 0.50146484375 0.08154296875 0.0107421875 0.0205078125
0 0.38525390625 0.23095703125 0.009765625 0.0205078125
0 0.4013671875 0.21728515625 0.0107421875 0.0205078125
0 0.1953125 0.1884765625 0.0126953125 0.015625
0 0.412109375 0.21630859375 0.009765625 0.0224609375
0 0.509765625 0.0517578125 0.0146484375 0.03515625
0 0.4619140625 0.07763671875 0.013671875 0.0224609375
0 0.44287109375 0.0947265625 0.0126953125 0.0234375
0 0.50390625 0.00732421875 0.013671875 0.0146484375
0 0.47802734375 0.12451171875 0.013671875 0.0234375
0 0.5576171875 0.1845703125 0.009765625 0.0205078125
0 0.177734375 0.15771484375 0.009765625 0.0185546875
0 0.35107421875 0.23388671875 0.01171875 0.01953125
0 0.52294921875 0.029296875 0.0087890625 0.0205078125
0 0.4072265625 0.173828125 0.0107421875 0.0224609375
0 0.45849609375 0.1103515625 0.01171875 0.0224609375
0 0.0732421875 0.17578125 0.0126953125 0.015625
0 0.19384765625 0.21630859375 0.0126953125 0.0224609375
0 0.4599609375 0.1669921875 0.01171875 0.0224609375
0 0.431640625 0.1435546875 0.013671875 0.0283203125
0 0.16650390625 0.07373046875 0.009765625 0.0185546875
0 0.43994140625 0.19580078125 0.0107421875 0.0166015625
0 0.298828125 0.21826171875 0.017578125 0.0302734375
0 0.46240234375 0.1357421875 0.01171875 0.0224609375
0 0.416015625 0.00390625 0.013671875 0.0078125
0 0.4111328125 0.01318359375 0.01171875 0.025390625
0 0.4365234375 0.1591796875 0.0087890625 0.015625
0 0.47412109375 0.162109375 0.0078125 0.017578125
0 0.46923828125 0.05029296875 0.01171875 0.0224609375
0 0.4482421875 0.15966796875 0.01171875 0.0234375
0 0.3935546875 0.18994140625 0.013671875 0.025390625
0 0.47265625 0.01806640625 0.01171875 0.0263671875
0 0.19287109375 0.1591796875 0.013671875 0.0224609375
0 0.20263671875 0.21728515625 0.0107421875 0.021484375
0 0.26953125 0.158203125 0.0107421875 0.0244140625
0 0.3447265625 0.12353515625 0.0126953125 0.021484375
0 0.390625 0.14111328125 0.009765625 0.0244140625
0 0.302734375 0.14892578125 0.01171875 0.0244140625
0 0.37060546875 0.13720703125 0.0107421875 0.0224609375
0 0.310546875 0.1669921875 0.0107421875 0.0244140625
0 0.43994140625 0.01416015625 0.0166015625 0.0283203125
0 0.486328125 0.00390625 0.01171875 0.0078125
0 0.2021484375 0.1630859375 0.0107421875 0.021484375
0 0.2470703125 0.06396484375 0.01171875 0.01953125
0 0.32177734375 0.16455078125 0.01171875 0.021484375
0 0.25 0.17919921875 0.0107421875 0.0224609375
0 0.203125 0.11962890625 0.009765625 0.0185546875
0 0.21337890625 0.1708984375 0.013671875 0.0224609375
0 0.05224609375 0.1787109375 0.0087890625 0.017578125
0 0.42578125 0.0634765625 0.013671875 0.025390625
0 0.2783203125 0.19287109375 0.0205078125 0.0390625
0 0.2880859375 0.20068359375 0.015625 0.0322265625
0 0.31298828125 0.22216796875 0.0087890625 0.017578125
0 0.3447265625 0.1953125 0.0126953125 0.0205078125
0 0.41796875 0.087890625 0.0146484375 0.025390625
0 0.107421875 0.18798828125 0.0146484375 0.0146484375
0 0.21142578125 0.2080078125 0.01171875 0.0234375
0 0.220703125 0.03662109375 0.0146484375 0.0185546875
0 0.14404296875 0.1103515625 0.0126953125 0.0126953125
0 0.4111328125 0.12646484375 0.0107421875 0.0234375
0 0.326171875 0.19873046875 0.0126953125 0.015625
0 0.26513671875 0.19091796875 0.01171875 0.0224609375
0 0.58203125 0.05517578125 0.015625 0.0302734375
0 0.3447265625 0.1572265625 0.0126953125 0.0224609375
0 0.37939453125 0.193359375 0.0107421875 0.01953125
0 0.28076171875 0.0400390625 0.0107421875 0.01953125
0 0.2275390625 0.18896484375 0.0107421875 0.0185546875
0 0.28564453125 0.134765625 0.0126953125 0.025390625
0 0.41943359375 0.02001953125 0.013671875 0.0283203125
0 0.3916015625 0.16357421875 0.01171875 0.021484375
0 0.484375 0.029296875 0.0107421875 0.0205078125
0 0.3349609375 0.07861328125 0.0126953125 0.0234375
0 0.18798828125 0.07470703125 0.0126953125 0.029296875
0 0.14794921875 0.203125 0.0146484375 0.015625
0 0.16064453125 0.12841796875 0.013671875 0.0205078125
0 0.34521484375 0.04443359375 0.013671875 0.0185546875
0 0.23779296875 0.0498046875 0.0126953125 0.0205078125
0 0.06494140625 0.1025390625 0.0068359375 0.0146484375
0 0.361328125 0.17236328125 0.0107421875 0.0185546875
0 0.42724609375 0.04638671875 0.01171875 0.0205078125
0 0.3525390625 0.15283203125 0.0126953125 0.025390625
0 0.099609375 0.06005859375 0.0126953125 0.015625
0 0.27783203125 0.056640625 0.0107421875 0.017578125
0 0.12939453125 0.119140625 0.01171875 0.017578125
0 0.3095703125 0.02490234375 0.0126953125 0.021484375
0 0.09228515625 0.19189453125 0.0146484375 0.021484375
0 0.3427734375 0.08837890625 0.013671875 0.02734375
0 0.388671875 0.087890625 0.0126953125 0.0263671875
0 0.28955078125 0.15771484375 0.0146484375 0.02734375
0 0.09423828125 0.169921875 0.01171875 0.0146484375
0 0.125 0.18701171875 0.0146484375 0.0166015625
0 0.443359375 0.22998046875 0.009765625 0.017578125
0 0.3486328125 0.06005859375 0.013671875 0.02734375
0 0.357421875 0.08642578125 0.0146484375 0.0302734375
0 0.32666015625 0.0146484375 0.0126953125 0.017578125
0 0.32568359375 0.14208984375 0.0078125 0.0146484375
0 0.23583984375 0.14453125 0.015625 0.017578125
0 0.42626953125 0.00732421875 0.0126953125 0.0146484375
0 0.3046875 0.09814453125 0.0166015625 0.0244140625
0 0.283203125 0.0830078125 0.017578125 0.01953125
0 0.29052734375 0.021484375 0.0146484375 0.0146484375
0 0.37548828125 0.0849609375 0.01171875 0.025390625
0 0.0703125 0.14208984375 0.015625 0.013671875
0 0.25537109375 0.1376953125 0.0107421875 0.0166015625
0 0.4052734375 0.05810546875 0.013671875 0.0244140625
0 0.06884765625 0.0810546875 0.0068359375 0.013671875
0 0.392578125 0.060546875 0.0126953125 0.0224609375
0 0.2529296875 0.15771484375 0.01171875 0.025390625
0 0.138671875 0.09521484375 0.013671875 0.0146484375
0 0.3798828125 0.06298828125 0.009765625 0.021484375
0 0.31494140625 0.03857421875 0.0126953125 0.01953125
0 0.361328125 0.06298828125 0.013671875 0.0263671875
0 0.291015625 0.17236328125 0.0126953125 0.0224609375
0 0.2958984375 0.19189453125 0.009765625 0.017578125
0 0.138671875 0.15478515625 0.013671875 0.0166015625
0 0.54443359375 0.05078125 0.013671875 0.0234375
0 0.1171875 0.0654296875 0.0146484375 0.0166015625
0 0.1005859375 0.078125 0.013671875 0.0166015625
0 0.25 0.1005859375 0.015625 0.0205078125
0 0.2119140625 0.09375 0.0126953125 0.0185546875
0 0.158203125 0.14306640625 0.009765625 0.013671875
0 0.51953125 0.03759765625 0.009765625 0.0224609375
0 0.291015625 0.04931640625 0.01171875 0.015625
0 0.162109375 0.041015625 0.013671875 0.0146484375
0 0.197265625 0.14306640625 0.013671875 0.0166015625
0 0.48193359375 0.06005859375 0.0087890625 0.0166015625
0 0.3369140625 0.20166015625 0.0185546875 0.025390625
0 0.2275390625 0.1591796875 0.0146484375 0.0244140625
0 0.4228515625 0.1396484375 0.0087890625 0.01953125
0 0.42529296875 0.15869140625 0.0126953125 0.025390625
0 0.23681640625 0.21728515625 0.0126953125 0.0166015625
0 0.2373046875 0.15625 0.015625 0.0185546875
0 0.5205078125 0.05126953125 0.01171875 0.0126953125
0 0.2216796875 0.09716796875 0.0146484375 0.01953125
0 0.5703125 0.06298828125 0.009765625 0.0185546875
0 0.23291015625 0.087890625 0.0126953125 0.017578125
0 0.470703125 0.00390625 0.009765625 0.0078125
0 0.583984375 0.029296875 0.015625 0.0322265625
0 0.1328125 0.20068359375 0.009765625 0.015625
0 0.09716796875 0.18603515625 0.009765625 0.01171875
0 0.06005859375 0.1337890625 0.0078125 0.0107421875
0 0.05322265625 0.162109375 0.0048828125 0.009765625
0 0.1328125 0.16259765625 0.0107421875 0.0146484375
0 0.05908203125 0.1767578125 0.0126953125 0.01953125
0 0.5947265625 0.0302734375 0.0126953125 0.0283203125
0 0.37109375 0.1728515625 0.0205078125 0.021484375
0 0.2841796875 0.0654296875 0.013671875 0.013671875
0 0.3173828125 0.23681640625 0.0146484375 0.017578125
0 0.32080078125 0.22265625 0.0126953125 0.017578125
0 0.3759765625 0.0595703125 0.01171875 0.0185546875
0 0.30859375 0.06005859375 0.013671875 0.0224609375
0 0.2275390625 0.19677734375 0.01171875 0.0185546875
0 0.38525390625 0.13720703125 0.0107421875 0.01953125
0 0.41162109375 0.10400390625 0.0126953125 0.0146484375
0 0.4169921875 0.138671875 0.0107421875 0.021484375
0 0.18017578125 0.0771484375 0.013671875 0.021484375