0 0.607421875 0.32275390625 0.01513671875 0.0341796875
0 0.53369140625 0.35791015625 0.02490234375 0.03076171875
0 0.671875 0.0458984375 0.0166015625 0.0302734375
0 0.76318359375 0.25244140625 0.02001953125 0.021484375
0 0.63037109375 0.732421875 0.015625 0.04638671875
0 0.50244140625 0.896484375 0.0146484375 0.03662109375
0 0.65869140625 0.046875 0.01806640625 0.02587890625
0 0.5087890625 0.384765625 0.01171875 0.02978515625
0 0.49853515625 0.4306640625 0.0166015625 0.03173828125
0 0.7744140625 0.47412109375 0.013671875 0.02880859375
0 0.79833984375 0.08203125 0.01318359375 0.0244140625
0 0.69970703125 0.8984375 0.00830078125 0.0302734375
0 0.638671875 0.06640625 0.009765625 0.02978515625
0 0.67041015625 0.890625 0.0146484375 0.01904296875
0 0.66455078125 0.060546875 0.00927734375 0.029296875
0 0.7197265625 0.8974609375 0.0107421875 0.03515625