0 0.67431640625 0.45068359375 0.0419921875 0.0400390625
0 0.615234375 0.4208984375 0.0400390625 0.0283203125
0 0.7080078125 0.59716796875 0.041015625 0.03125
0 0.4482421875 0.630859375 0.037109375 0.0830078125
0 0.8291015625 0.484375 0.0419921875 0.0517578125
0 0.86279296875 0.43310546875 0.044921875 0.0439453125
0 0.98388671875 0.62548828125 0.0322265625 0.0517578125
0 0.34814453125 0.365234375 0.048828125 0.0322265625
0 0.7333984375 0.4267578125 0.041015625 0.046875
0 0.666015625 0.349609375 0.0400390625 0.0361328125
0 0.9150390625 0.67578125 0.0439453125 0.0498046875
0 0.7646484375 0.65673828125 0.0361328125 0.0712890625
0 0.81298828125 0.80419921875 0.041015625 0.056640625
0 0.52685546875 0.9091796875 0.0537109375 0.05859375
0 0.4462890625 0.365234375 0.048828125 0.0458984375
0 0.8251953125 0.89208984375 0.0458984375 0.046875
0 0.380859375 0.25732421875 0.048828125 0.03125
0 0.9853515625 0.77685546875 0.029296875 0.0634765625
0 0.90087890625 0.939453125 0.0419921875 0.044921875
0 0.40087890625 0.1328125 0.0390625 0.052734375
0 0.24365234375 0.19873046875 0.033203125 0.0703125
0 0.6318359375 0.9296875 0.0341796875 0.0615234375
0 0.75 0.00927734375 0.0390625 0.0185546875
0 0.353515625 0.80322265625 0.046875 0.0625
0 0.5234375 0.025390625 0.037109375 0.05078125
0 0.78857421875 0.09375 0.0380859375 0.0419921875
0 0.90625 0.41015625 0.0361328125 0.044921875
0 0.775390625 0.45263671875 0.041015625 0.04296875
0 0.8955078125 0.10205078125 0.0283203125 0.0634765625
0 0.82177734375 0.69970703125 0.0419921875 0.048828125
0 0.95263671875 0.23681640625 0.0390625 0.0322265625
0 0.9931640625 0.46630859375 0.013671875 0.0205078125