0 0.65380859375 0.857421875 0.03515625 0.048828125
0 0.64599609375 0.88037109375 0.046875 0.056640625
0 0.630859375 0.66455078125 0.0439453125 0.052734375
0 0.6572265625 0.52490234375 0.0439453125 0.05859375
0 0.31787109375 0.4970703125 0.041015625 0.064453125
0 0.43798828125 0.861328125 0.041015625 0.068359375
0 0.5625 0.79296875 0.052734375 0.056640625
0 0.6884765625 0.81640625 0.044921875 0.0693359375
0 0.41357421875 0.203125 0.052734375 0.046875
0 0.36181640625 0.4697265625 0.0400390625 0.0556640625
0 0.169921875 0.88720703125 0.0439453125 0.06640625
0 0.93603515625 0.58251953125 0.0517578125 0.0595703125
0 0.69189453125 0.216796875 0.05859375 0.080078125
0 0.771484375 0.73046875 0.05078125 0.07421875
0 0.0224609375 0.513671875 0.044921875 0.0859375
0 0.32763671875 0.98779296875 0.0419921875 0.0244140625
0 0.5361328125 0.7353515625 0.041015625 0.0537109375
0 0.97119140625 0.39599609375 0.04296875 0.0439453125
0 0.55859375 0.54833984375 0.044921875 0.07421875
0 0.314453125 0.66845703125 0.025390625 0.0439453125
0 0.443359375 0.80126953125 0.0498046875 0.078125
0 0.64013671875 0.6513671875 0.0146484375 0.025390625