0 0.61572265625 0.55859375 0.044921875 0.06640625
0 0.58544921875 0.85888671875 0.0400390625 0.05078125
0 0.20751953125 0.97314453125 0.0400390625 0.048828125
0 0.591796875 0.47802734375 0.0419921875 0.0556640625
0 0.5361328125 0.6015625 0.0478515625 0.0556640625
0 0.46533203125 0.9091796875 0.0478515625 0.0576171875
0 0.34716796875 0.98779296875 0.0419921875 0.0244140625
0 0.21337890625 0.533203125 0.04296875 0.0546875
0 0.52734375 0.9287109375 0.0400390625 0.037109375
0 0.52490234375 0.1640625 0.041015625 0.0478515625
0 0.28515625 0.2470703125 0.041015625 0.0498046875
0 0.82763671875 0.76611328125 0.03125 0.0419921875
0 0.5244140625 0.31982421875 0.0341796875 0.044921875
0 0.2939453125 0.98974609375 0.03515625 0.0205078125
0 0.1611328125 0.93408203125 0.044921875 0.060546875
0 0.04736328125 0.3876953125 0.037109375 0.0595703125
0 0.49658203125 0.88330078125 0.03125 0.037109375
0 0.3720703125 0.70751953125 0.0302734375 0.0380859375
0 0.19091796875 0.32666015625 0.05859375 0.07421875
0 0.693359375 0.619140625 0.0322265625 0.03515625
0 0.64208984375 0.26513671875 0.041015625 0.0380859375
0 0.33544921875 0.43017578125 0.0439453125 0.04296875
0 0.2841796875 0.66748046875 0.0439453125 0.0537109375
0 0.4521484375 0.37158203125 0.0322265625 0.03515625
0 0.8359375 0.91552734375 0.03515625 0.037109375
0 0.4453125 0.7939453125 0.0498046875 0.0517578125
0 0.37158203125 0.17431640625 0.0419921875 0.046875
0 0.46240234375 0.6650390625 0.0419921875 0.044921875
0 0.02001953125 0.4990234375 0.037109375 0.0556640625
0 0.27587890625 0.95751953125 0.0419921875 0.0615234375
0 0.763671875 0.9345703125 0.029296875 0.0341796875
0 0.28662109375 0.09326171875 0.0439453125 0.04296875
0 0.4638671875 0.33837890625 0.046875 0.056640625
0 0.39013671875 0.52197265625 0.0693359375 0.0654296875
0 0.390625 0.341796875 0.0380859375 0.05078125
0 0.4794921875 0.28564453125 0.0302734375 0.0419921875
0 0.19775390625 0.81884765625 0.0478515625 0.05859375
0 0.08544921875 0.1357421875 0.04296875 0.044921875
0 0.1005859375 0.63232421875 0.0322265625 0.0458984375
0 0.1298828125 0.74462890625 0.041015625 0.060546875
0 0.58056640625 0.77197265625 0.03515625 0.0576171875
0 0.56689453125 0.51513671875 0.0224609375 0.033203125
0 0.35205078125 0.28076171875 0.041015625 0.0673828125
0 0.4580078125 0.5244140625 0.0458984375 0.060546875
0 0.2841796875 0.3232421875 0.048828125 0.0517578125
0 0.34375 0.19873046875 0.0322265625 0.046875
0 0.16357421875 0.2587890625 0.0361328125 0.05078125
0 0.4267578125 0.2998046875 0.0263671875 0.029296875
0 0.42333984375 0.49072265625 0.02734375 0.041015625
0 0.24609375 0.3076171875 0.0390625 0.0537109375
0 0.07861328125 0.79833984375 0.041015625 0.048828125
0 0.45068359375 0.59765625 0.029296875 0.056640625
0 0.51025390625 0.9619140625 0.0419921875 0.052734375
0 0.2373046875 0.61669921875 0.0634765625 0.0654296875
0 0.56103515625 0.7734375 0.0390625 0.06640625
0 0.3095703125 0.876953125 0.0341796875 0.0517578125
0 0.43310546875 0.4501953125 0.048828125 0.05078125
0 0.26025390625 0.900390625 0.046875 0.078125
0 0.25244140625 0.21337890625 0.0283203125 0.029296875
0 0.34912109375 0.05810546875 0.0458984375 0.0703125
0 0.24169921875 0.7509765625 0.0302734375 0.0458984375
0 0.33544921875 0.35205078125 0.033203125 0.052734375
0 0.166015625 0.1474609375 0.0751953125 0.0859375
0 0.01220703125 0.576171875 0.0244140625 0.044921875
0 0.2119140625 0.59619140625 0.0439453125 0.04296875
0 0.45751953125 0.92822265625 0.0283203125 0.052734375
0 0.65283203125 0.47998046875 0.0302734375 0.0380859375
0 0.1455078125 0.44140625 0.0263671875 0.029296875
0 0.14306640625 0.14306640625 0.048828125 0.0595703125
0 0.45263671875 0.083984375 0.0263671875 0.0390625
0 0.16650390625 0.3037109375 0.0244140625 0.03125
0 0.35205078125 0.0419921875 0.0244140625 0.0380859375
0 0.3408203125 0.82568359375 0.0166015625 0.029296875
0 0.24072265625 0.9931640625 0.0166015625 0.013671875
0 0.1806640625 0.314453125 0.02734375 0.037109375