0 0.81396484375 0.33837890625 0.015625 0.017578125
0 0.86181640625 0.38916015625 0.013671875 0.0244140625
0 0.41650390625 0.849609375 0.0166015625 0.03125
0 0.19482421875 0.74951171875 0.0185546875 0.025390625
0 0.34228515625 0.4755859375 0.017578125 0.01953125
0 0.27490234375 0.775390625 0.01171875 0.029296875
0 0.45263671875 0.658203125 0.017578125 0.029296875
0 0.33251953125 0.64990234375 0.01171875 0.029296875
0 0.35888671875 0.8876953125 0.017578125 0.0341796875
0 0.3798828125 0.57861328125 0.01171875 0.0224609375
0 0.99072265625 0.34423828125 0.015625 0.0234375
0 0.2734375 0.556640625 0.0146484375 0.02734375
0 0.63720703125 0.73046875 0.0146484375 0.029296875
0 0.70751953125 0.423828125 0.013671875 0.025390625
0 0.44775390625 0.59912109375 0.013671875 0.03125
0 0.673828125 0.90185546875 0.0166015625 0.021484375
0 0.28466796875 0.560546875 0.0205078125 0.0224609375
0 0.73095703125 0.38623046875 0.0126953125 0.02734375
0 0.9033203125 0.6298828125 0.01171875 0.02734375
0 0.1865234375 0.775390625 0.017578125 0.02734375
0 0.6943359375 0.591796875 0.013671875 0.0283203125
0 0.24609375 0.84619140625 0.01171875 0.037109375
0 0.44384765625 0.56005859375 0.013671875 0.0244140625
0 0.52197265625 0.87744140625 0.015625 0.029296875
0 0.51904296875 0.53564453125 0.0107421875 0.033203125
0 0.77294921875 0.8408203125 0.01171875 0.029296875
0 0.4951171875 0.53076171875 0.01171875 0.033203125
0 0.4677734375 0.60009765625 0.01171875 0.03515625
0 0.76806640625 0.82666015625 0.0224609375 0.0546875
0 0.64306640625 0.38525390625 0.009765625 0.029296875
0 0.6640625 0.517578125 0.01171875 0.025390625
0 0.6650390625 0.37841796875 0.0107421875 0.0263671875
0 0.97998046875 0.4716796875 0.037109375 0.0546875
0 0.6337890625 0.88134765625 0.015625 0.03125
0 0.89697265625 0.53466796875 0.013671875 0.025390625
0 0.705078125 0.38525390625 0.009765625 0.02734375
0 0.58740234375 0.88330078125 0.0146484375 0.0361328125
0 0.7705078125 0.69775390625 0.009765625 0.0244140625
0 0.49658203125 0.97412109375 0.01171875 0.03515625
0 0.9755859375 0.78369140625 0.021484375 0.060546875
0 0.42919921875 0.9599609375 0.017578125 0.033203125
0 0.8271484375 0.36767578125 0.0078125 0.0283203125
0 0.892578125 0.4111328125 0.0087890625 0.029296875
0 0.47021484375 0.9462890625 0.009765625 0.0390625
0 0.47314453125 0.81005859375 0.01171875 0.037109375
0 0.66455078125 0.486328125 0.013671875 0.02734375
0 0.40966796875 0.955078125 0.009765625 0.037109375
0 0.3291015625 0.458984375 0.0078125 0.029296875
0 0.50439453125 0.4091796875 0.0078125 0.02734375
0 0.919921875 0.638671875 0.009765625 0.0322265625
0 0.84326171875 0.65234375 0.025390625 0.046875
0 0.9267578125 0.54443359375 0.021484375 0.0458984375
0 0.7666015625 0.72216796875 0.015625 0.021484375
0 0.60009765625 0.48291015625 0.0078125 0.0322265625
0 0.80712890625 0.49462890625 0.0087890625 0.0302734375
0 0.95751953125 0.587890625 0.013671875 0.029296875
0 0.71044921875 0.982421875 0.009765625 0.02734375
0 0.72314453125 0.62890625 0.009765625 0.0283203125
0 0.76611328125 0.5634765625 0.013671875 0.03125
0 0.6884765625 0.47705078125 0.0078125 0.029296875
0 0.6015625 0.75048828125 0.009765625 0.03125
0 0.6767578125 0.7109375 0.009765625 0.0341796875
0 0.6572265625 0.548828125 0.009765625 0.02734375
0 0.85693359375 0.68994140625 0.0146484375 0.02734375
0 0.80078125 0.6044921875 0.0087890625 0.03125
0 0.5537109375 0.876953125 0.0087890625 0.0361328125
0 0.890625 0.603515625 0.009765625 0.0302734375
0 0.88623046875 0.74560546875 0.013671875 0.03125
0 0.470703125 0.7744140625 0.0078125 0.037109375
0 0.98046875 0.75048828125 0.013671875 0.0263671875
0 0.82958984375 0.6357421875 0.0078125 0.0322265625
0 0.88818359375 0.56689453125 0.01171875 0.0263671875
0 0.93505859375 0.810546875 0.0146484375 0.029296875
0 0.73095703125 0.615234375 0.0078125 0.0341796875
0 0.890625 0.892578125 0.0224609375 0.0625
0 0.85693359375 0.46142578125 0.0087890625 0.03125
0 0.89990234375 0.84423828125 0.013671875 0.03125
0 0.8525390625 0.6591796875 0.0078125 0.03125
0 0.74462890625 0.572265625 0.0078125 0.029296875
0 0.93896484375 0.9599609375 0.009765625 0.02734375
0 0.92822265625 0.615234375 0.0078125 0.033203125
0 0.85791015625 0.9052734375 0.013671875 0.0556640625
0 0.78369140625 0.7060546875 0.0107421875 0.0302734375
0 0.84716796875 0.7490234375 0.013671875 0.03125
0 0.9951171875 0.54931640625 0.009765625 0.03125
0 0.8349609375 0.869140625 0.0078125 0.033203125
0 0.9560546875 0.88232421875 0.013671875 0.03125
0 0.810546875 0.728515625 0.0078125 0.03125
0 0.93310546875 0.55908203125 0.01171875 0.02734375
0 0.97998046875 0.845703125 0.01171875 0.033203125
0 0.875 0.87353515625 0.015625 0.03125
0 0.92822265625 0.8740234375 0.01171875 0.0322265625
0 0.900390625 0.673828125 0.01171875 0.0322265625
0 0.91357421875 0.91943359375 0.013671875 0.029296875
0 0.89892578125 0.876953125 0.0087890625 0.03125
0 0.94287109375 0.638671875 0.01171875 0.033203125
0 0.87255859375 0.642578125 0.01171875 0.0263671875
0 0.78173828125 0.5947265625 0.0078125 0.0234375
0 0.9560546875 0.78173828125 0.009765625 0.03515625
0 0.92236328125 0.8427734375 0.013671875 0.033203125
0 0.99462890625 0.46044921875 0.0078125 0.029296875
0 0.5146484375 0.375 0.005859375 0.015625
0 0.16650390625 0.45947265625 0.0087890625 0.02734375
0 0.99609375 0.77880859375 0.0078125 0.0244140625
0 0.1181640625 0.64794921875 0.013671875 0.0263671875
0 0.93212890625 0.5390625 0.0078125 0.03125
0 0.865234375 0.9365234375 0.0185546875 0.0283203125
0 0.9970703125 0.67578125 0.005859375 0.025390625