0 0.27783203125 0.189453125 0.0302734375 0.05322265625
0 0.22216796875 0.09326171875 0.0263671875 0.0458984375
0 0.2138671875 0.03662109375 0.02294921875 0.0390625
0 0.0966796875 0.037109375 0.0302734375 0.037109375
0 0.3134765625 0.26123046875 0.0283203125 0.06103515625
0 0.11865234375 0.3017578125 0.021484375 0.06494140625
0 0.11083984375 0.01513671875 0.0166015625 0.02978515625
0 0.2060546875 0.16552734375 0.04248046875 0.04443359375
0 0.14453125 0.07177734375 0.0166015625 0.04833984375
0 0.0986328125 0.171875 0.0166015625 0.041015625
0 0.13330078125 0.3359375 0.03271484375 0.04638671875
0 0.33251953125 0.296875 0.041015625 0.0439453125
0 0.0126953125 0.052734375 0.0107421875 0.04345703125
0 0.2958984375 0.21826171875 0.033203125 0.03857421875