0 0.82470703125 0.37890625 0.021484375 0.0244140625
0 0.9931640625 0.26513671875 0.013671875 0.0224609375
0 0.943359375 0.267578125 0.021484375 0.0234375
0 0.95458984375 0.37646484375 0.021484375 0.0224609375
0 0.87158203125 0.37109375 0.0234375 0.0302734375
0 0.92529296875 0.43505859375 0.0224609375 0.0244140625
0 0.96923828125 0.27001953125 0.01953125 0.02734375
0 0.892578125 0.486328125 0.021484375 0.033203125
0 0.9755859375 0.7509765625 0.017578125 0.0302734375
0 0.94482421875 0.037109375 0.0234375 0.015625
0 0.97216796875 0.2890625 0.01953125 0.02734375
0 0.9765625 0.77978515625 0.01171875 0.0302734375
0 0.93359375 0.908203125 0.0234375 0.0283203125
0 0.96142578125 0.8759765625 0.0224609375 0.041015625
0 0.95947265625 0.91748046875 0.0244140625 0.056640625
0 0.94482421875 0.9267578125 0.017578125 0.046875