0 0.16259765625 0.078125 0.009765625 0.01416015625
0 0.16162109375 0.05810546875 0.0087890625 0.01171875
0 0.16650390625 0.06005859375 0.005859375 0.013671875
0 0.1982421875 0.05712890625 0.00634765625 0.01318359375
0 0.203125 0.0595703125 0.00634765625 0.01025390625
0 0.23681640625 0.06396484375 0.005859375 0.01171875
0 0.13720703125 0.05126953125 0.0087890625 0.01416015625
0 0.2138671875 0.06689453125 0.00927734375 0.01416015625
0 0.22998046875 0.046875 0.0048828125 0.01025390625
0 0.1298828125 0.05126953125 0.0068359375 0.01171875
0 0.1748046875 0.06005859375 0.00537109375 0.01025390625
0 0.20947265625 0.052734375 0.0078125 0.01416015625
0 0.15380859375 0.05810546875 0.0068359375 0.01171875
0 0.21630859375 0.05224609375 0.005859375 0.01318359375
0 0.22265625 0.091796875 0.0068359375 0.01220703125
0 0.15234375 0.8857421875 0.02099609375 0.0263671875
0 0.1416015625 0.05517578125 0.0068359375 0.013671875
0 0.20849609375 0.06591796875 0.0078125 0.01708984375