0 0.9521484375 0.7451171875 0.0166015625 0.0400390625
0 0.53955078125 0.78955078125 0.0126953125 0.0283203125
0 0.7119140625 0.8447265625 0.0146484375 0.0400390625
0 0.85791015625 0.51025390625 0.017578125 0.03515625
0 0.853515625 0.923828125 0.0166015625 0.037109375
0 0.7138671875 0.90185546875 0.0166015625 0.0341796875
0 0.978515625 0.78173828125 0.013671875 0.03125
0 0.779296875 0.82763671875 0.0146484375 0.03125
0 0.60888671875 0.7978515625 0.0166015625 0.037109375
0 0.5458984375 0.90625 0.0146484375 0.0341796875
0 0.23828125 0.7822265625 0.015625 0.0322265625
0 0.33740234375 0.76513671875 0.0205078125 0.0380859375
0 0.50634765625 0.9873046875 0.0146484375 0.025390625
0 0.3994140625 0.61083984375 0.0205078125 0.029296875
0 0.5234375 0.75146484375 0.017578125 0.0380859375
0 0.8896484375 0.37353515625 0.01953125 0.01953125
0 0.19287109375 0.4423828125 0.0234375 0.0244140625
0 0.9208984375 0.330078125 0.0205078125 0.0224609375
0 0.9970703125 0.7626953125 0.005859375 0.0390625
0 0.66259765625 0.779296875 0.015625 0.04296875
0 0.2568359375 0.4619140625 0.01953125 0.0400390625
0 0.111328125 0.6884765625 0.0185546875 0.0322265625
0 0.56201171875 0.50732421875 0.017578125 0.0341796875
0 0.74169921875 0.580078125 0.017578125 0.0390625
0 0.0986328125 0.39697265625 0.0234375 0.029296875
0 0.59033203125 0.75634765625 0.017578125 0.03515625
0 0.3125 0.92578125 0.0166015625 0.0361328125
0 0.38134765625 0.46875 0.017578125 0.0390625
0 0.83544921875 0.92578125 0.0166015625 0.0419921875
0 0.16796875 0.94677734375 0.015625 0.033203125
0 0.82470703125 0.67041015625 0.017578125 0.0341796875
0 0.94091796875 0.5009765625 0.013671875 0.0361328125
0 0.4697265625 0.52001953125 0.0166015625 0.041015625
0 0.54052734375 0.45263671875 0.0185546875 0.0322265625
0 0.56689453125 0.701171875 0.0185546875 0.033203125
0 0.49560546875 0.36865234375 0.0205078125 0.025390625
0 0.70068359375 0.72021484375 0.013671875 0.037109375
0 0.970703125 0.7353515625 0.015625 0.033203125
0 0.1015625 0.74658203125 0.0205078125 0.0322265625
0 0.30810546875 0.80859375 0.021484375 0.037109375
0 0.75244140625 0.49267578125 0.017578125 0.0390625
0 0.54736328125 0.8662109375 0.0166015625 0.0390625
0 0.3642578125 0.3896484375 0.0224609375 0.029296875
0 0.69189453125 0.54443359375 0.0205078125 0.0341796875
0 0.90625 0.44873046875 0.01953125 0.03125
0 0.29296875 0.5576171875 0.0166015625 0.041015625
0 0.8779296875 0.46240234375 0.0224609375 0.02734375
0 0.40625 0.419921875 0.015625 0.0419921875
0 0.50048828125 0.337890625 0.0244140625 0.01953125
0 0.4423828125 0.84130859375 0.025390625 0.0576171875
0 0.68603515625 0.837890625 0.017578125 0.0419921875
0 0.47021484375 0.4658203125 0.0166015625 0.0380859375
0 0.28662109375 0.66064453125 0.0205078125 0.03515625
0 0.79345703125 0.669921875 0.0166015625 0.04296875
0 0.552734375 0.82373046875 0.0185546875 0.0361328125
0 0.68408203125 0.4609375 0.013671875 0.0361328125
0 0.7275390625 0.7548828125 0.017578125 0.0361328125
0 0.6103515625 0.95361328125 0.017578125 0.0390625
0 0.837890625 0.46044921875 0.0205078125 0.03125
0 0.67578125 0.625 0.01953125 0.0263671875
0 0.26123046875 0.7509765625 0.0244140625 0.02734375
0 0.74755859375 0.52099609375 0.017578125 0.033203125
0 0.869140625 0.85400390625 0.017578125 0.0390625
0 0.916015625 0.50634765625 0.0146484375 0.037109375
0 0.2060546875 0.85009765625 0.017578125 0.0439453125
0 0.77978515625 0.5947265625 0.01953125 0.03515625
0 0.37890625 0.85009765625 0.0224609375 0.037109375
0 0.62451171875 0.52490234375 0.0185546875 0.037109375
0 0.41015625 0.8203125 0.0185546875 0.0322265625
0 0.79052734375 0.740234375 0.0146484375 0.0322265625
0 0.6396484375 0.4619140625 0.01953125 0.0380859375
0 0.52197265625 0.685546875 0.01953125 0.0380859375
0 0.357421875 0.8818359375 0.01953125 0.04296875
0 0.439453125 0.4482421875 0.017578125 0.037109375
0 0.61962890625 0.8828125 0.017578125 0.037109375
0 0.9248046875 0.65869140625 0.01953125 0.037109375
0 0.70458984375 0.6611328125 0.017578125 0.0361328125
0 0.4873046875 0.68212890625 0.0205078125 0.0361328125
0 0.73046875 0.89453125 0.015625 0.0361328125
0 0.7802734375 0.92529296875 0.015625 0.0400390625
0 0.3603515625 0.5908203125 0.015625 0.0400390625
0 0.94970703125 0.47802734375 0.017578125 0.03515625
0 0.9638671875 0.791015625 0.0146484375 0.03515625
0 0.99755859375 0.6552734375 0.0048828125 0.041015625
0 0.84228515625 0.72265625 0.0146484375 0.0341796875
0 0.833984375 0.55517578125 0.0185546875 0.0341796875
0 0.953125 0.5693359375 0.0166015625 0.03515625
0 0.7353515625 0.67431640625 0.017578125 0.03125
0 0.92333984375 0.83203125 0.017578125 0.041015625
0 0.5029296875 0.60205078125 0.021484375 0.037109375
0 0.888671875 0.77294921875 0.0185546875 0.0380859375
0 0.71435546875 0.94287109375 0.013671875 0.033203125
0 0.85205078125 0.642578125 0.017578125 0.0341796875
0 0.89501953125 0.75830078125 0.0166015625 0.0380859375
0 0.775390625 0.556640625 0.0185546875 0.03515625
0 0.8330078125 0.49755859375 0.015625 0.0390625
0 0.65380859375 0.8154296875 0.0205078125 0.0390625
0 0.90869140625 0.291015625 0.0244140625 0.0263671875
0 0.865234375 0.62841796875 0.017578125 0.033203125
0 0.9609375 0.44140625 0.021484375 0.02734375
0 0.87158203125 0.7841796875 0.017578125 0.04296875
0 0.8134765625 0.5185546875 0.0185546875 0.037109375
0 0.8173828125 0.72119140625 0.0166015625 0.037109375
0 0.81103515625 0.5625 0.017578125 0.0380859375
0 0.98095703125 0.71044921875 0.0126953125 0.0380859375
0 0.7001953125 0.478515625 0.01953125 0.0380859375
0 0.814453125 0.95166015625 0.0205078125 0.0361328125
0 0.95849609375 0.689453125 0.0166015625 0.0400390625
0 0.96728515625 0.68798828125 0.01953125 0.041015625
0 0.86181640625 0.9541015625 0.0126953125 0.021484375