0 0.81298828125 0.0703125 0.017578125 0.0205078125
0 0.8876953125 0.12255859375 0.0166015625 0.0244140625
0 0.89990234375 0.3486328125 0.0234375 0.0224609375
0 0.884765625 0.0908203125 0.0185546875 0.0185546875
0 0.8017578125 0.03125 0.0166015625 0.01953125
0 0.8583984375 0.47216796875 0.0224609375 0.0234375
0 0.865234375 0.10302734375 0.015625 0.01953125
0 0.81396484375 0.1181640625 0.017578125 0.01953125
0 0.9892578125 0.42626953125 0.015625 0.021484375
0 0.8916015625 0.00634765625 0.01953125 0.0126953125
0 0.84375 0.04248046875 0.021484375 0.0205078125
0 0.7587890625 0.0302734375 0.0205078125 0.02734375
0 0.89306640625 0.470703125 0.01953125 0.0224609375
0 0.91162109375 0.05126953125 0.0107421875 0.0166015625
0 0.9521484375 0.25 0.015625 0.0263671875
0 0.88232421875 0.4794921875 0.02734375 0.0263671875
0 0.99609375 0.455078125 0.0078125 0.021484375
0 0.880859375 0.12255859375 0.0146484375 0.0224609375
0 0.90673828125 0.34814453125 0.0107421875 0.0146484375