0 0.69091796875 0.796875 0.01171875 0.03515625
0 0.89990234375 0.76513671875 0.01171875 0.03515625
0 0.5341796875 0.44140625 0.017578125 0.0234375
0 0.7783203125 0.29931640625 0.01953125 0.015625
0 0.2470703125 0.521484375 0.021484375 0.0244140625
0 0.10546875 0.73681640625 0.0166015625 0.03125
0 0.22021484375 0.52392578125 0.0126953125 0.03125
0 0.36767578125 0.8603515625 0.0166015625 0.033203125
0 0.5703125 0.38427734375 0.013671875 0.0302734375
0 0.18603515625 0.623046875 0.015625 0.03515625
0 0.81884765625 0.38623046875 0.0146484375 0.029296875
0 0.6513671875 0.43896484375 0.0146484375 0.0322265625
0 0.20458984375 0.63671875 0.0146484375 0.0302734375
0 0.42724609375 0.611328125 0.01171875 0.037109375
0 0.91455078125 0.79248046875 0.009765625 0.0361328125
0 0.91845703125 0.64501953125 0.013671875 0.0361328125
0 0.63720703125 0.58447265625 0.013671875 0.0341796875
0 0.92041015625 0.7333984375 0.0107421875 0.0380859375
0 0.84130859375 0.77880859375 0.009765625 0.0322265625
0 0.9873046875 0.626953125 0.01171875 0.037109375
0 0.5927734375 0.73095703125 0.01171875 0.0361328125
0 0.7734375 0.4072265625 0.0126953125 0.0341796875
0 0.568359375 0.9423828125 0.0126953125 0.0302734375
0 0.75634765625 0.68408203125 0.0107421875 0.0322265625
0 0.39697265625 0.7890625 0.015625 0.0390625
0 0.455078125 0.70654296875 0.013671875 0.0380859375
0 0.98828125 0.44287109375 0.0146484375 0.029296875
0 0.75830078125 0.5693359375 0.01171875 0.037109375
0 0.8212890625 0.62109375 0.0107421875 0.037109375
0 0.91064453125 0.62109375 0.025390625 0.056640625
0 0.869140625 0.72314453125 0.0126953125 0.0283203125
0 0.06103515625 0.78857421875 0.021484375 0.02734375
0 0.8017578125 0.7978515625 0.009765625 0.037109375
0 0.953125 0.53125 0.015625 0.033203125
0 0.6328125 0.5 0.0126953125 0.037109375
0 0.666015625 0.40478515625 0.0126953125 0.03515625
0 0.73095703125 0.681640625 0.01171875 0.0380859375
0 0.77392578125 0.71044921875 0.0146484375 0.03125
0 0.0634765625 0.71240234375 0.01171875 0.029296875
0 0.36572265625 0.6962890625 0.015625 0.041015625
0 0.41650390625 0.42919921875 0.01171875 0.0341796875
0 0.689453125 0.74462890625 0.013671875 0.033203125
0 0.98095703125 0.5078125 0.0166015625 0.03125
0 0.8427734375 0.90185546875 0.0166015625 0.037109375
0 0.24853515625 0.79931640625 0.0126953125 0.033203125
0 0.63232421875 0.787109375 0.013671875 0.037109375
0 0.7001953125 0.8037109375 0.01171875 0.0361328125
0 0.55859375 0.720703125 0.0146484375 0.03515625
0 0.869140625 0.486328125 0.01171875 0.037109375
0 0.5380859375 0.568359375 0.0107421875 0.0390625
0 0.986328125 0.8994140625 0.0166015625 0.037109375
0 0.86376953125 0.66650390625 0.0400390625 0.046875
0 0.75537109375 0.8330078125 0.01171875 0.029296875
0 0.70068359375 0.9580078125 0.01171875 0.02734375
0 0.87646484375 0.669921875 0.013671875 0.0302734375
0 0.58154296875 0.70556640625 0.013671875 0.033203125
0 0.830078125 0.78466796875 0.01171875 0.03515625
0 0.93798828125 0.74365234375 0.013671875 0.037109375
0 0.94970703125 0.67431640625 0.0126953125 0.037109375
0 0.8876953125 0.81005859375 0.013671875 0.0380859375
0 0.982421875 0.48486328125 0.0107421875 0.0322265625
0 0.6513671875 0.88330078125 0.0146484375 0.0400390625
0 0.88525390625 0.75146484375 0.015625 0.0283203125
0 0.8505859375 0.96923828125 0.0146484375 0.025390625
0 0.8125 0.8828125 0.0166015625 0.0302734375
0 0.970703125 0.51318359375 0.017578125 0.02734375
0 0.8251953125 0.89404296875 0.046875 0.052734375
0 0.0595703125 0.76513671875 0.013671875 0.021484375
0 0.91650390625 0.6005859375 0.0126953125 0.03125
0 0.064453125 0.73291015625 0.01171875 0.0263671875
0 0.94287109375 0.97314453125 0.01171875 0.0078125
0 0.90966796875 0.60302734375 0.013671875 0.0341796875
0 0.9609375 0.93798828125 0.021484375 0.0361328125
0 0.98779296875 0.92822265625 0.0224609375 0.033203125
0 0.9775390625 0.96435546875 0.0205078125 0.0234375