0 0.90478515625 0.58203125 0.01171875 0.0244140625
0 0.9365234375 0.6064453125 0.0107421875 0.0244140625
0 0.9365234375 0.16455078125 0.0126953125 0.021484375
0 0.89404296875 0.7255859375 0.0146484375 0.01953125
0 0.88427734375 0.361328125 0.0087890625 0.0224609375
0 0.95068359375 0.2431640625 0.0146484375 0.0244140625
0 0.9453125 0.20751953125 0.0126953125 0.017578125
0 0.88525390625 0.6142578125 0.0126953125 0.021484375
0 0.93896484375 0.46728515625 0.0107421875 0.0244140625
0 0.89306640625 0.23388671875 0.009765625 0.0185546875
0 0.8935546875 0.28955078125 0.013671875 0.0185546875
0 0.9658203125 0.2392578125 0.0078125 0.0244140625
0 0.8935546875 0.24951171875 0.009765625 0.0185546875
0 0.861328125 0.58203125 0.0087890625 0.0166015625
0 0.84228515625 0.9443359375 0.01171875 0.021484375
0 0.88671875 0.29296875 0.0087890625 0.01171875