0 0.06494140625 0.87060546875 0.0107421875 0.02880859375
0 0.37890625 0.88232421875 0.0087890625 0.02880859375
0 0.2060546875 0.88623046875 0.0107421875 0.0263671875
0 0.15625 0.8701171875 0.01123046875 0.0263671875
0 0.1015625 0.873046875 0.01318359375 0.0263671875
0 0.1669921875 0.86279296875 0.0126953125 0.025390625
0 0.0166015625 0.853515625 0.01171875 0.02490234375
0 0.61083984375 0.81396484375 0.00927734375 0.02490234375
0 0.3525390625 0.83251953125 0.01025390625 0.02197265625
0 0.1279296875 0.8759765625 0.01220703125 0.025390625
0 0.6201171875 0.853515625 0.0205078125 0.0302734375
0 0.150390625 0.89501953125 0.01513671875 0.0244140625
0 0.07763671875 0.935546875 0.0185546875 0.03173828125
0 0.15625 0.677734375 0.0068359375 0.0166015625
0 0.60791015625 0.86865234375 0.01904296875 0.029296875
0 0.244140625 0.7998046875 0.01171875 0.0185546875
0 0.64599609375 0.7548828125 0.01123046875 0.02685546875
0 0.46875 0.60546875 0.01123046875 0.02099609375
0 0.6142578125 0.966796875 0.01318359375 0.03125
0 0.0986328125 0.6962890625 0.0107421875 0.01806640625
0 0.2138671875 0.7578125 0.0126953125 0.0234375
0 0.10595703125 0.7177734375 0.01220703125 0.021484375
0 0.5263671875 0.8154296875 0.01513671875 0.02294921875
0 0.384765625 0.826171875 0.015625 0.02734375
0 0.12060546875 0.7900390625 0.01318359375 0.02099609375
0 0.41015625 0.931640625 0.015625 0.0224609375
0 0.2763671875 0.80126953125 0.0166015625 0.02490234375
0 0.08984375 0.6201171875 0.0068359375 0.01953125
0 0.26513671875 0.90087890625 0.01904296875 0.02587890625
0 0.138671875 0.82373046875 0.01513671875 0.0244140625
0 0.1123046875 0.77880859375 0.01416015625 0.0234375
0 0.60791015625 0.75244140625 0.013671875 0.0263671875
0 0.46875 0.802734375 0.01416015625 0.0234375
0 0.3203125 0.60888671875 0.009765625 0.01708984375
0 0.3310546875 0.5673828125 0.0107421875 0.01416015625
0 0.3115234375 0.64501953125 0.0087890625 0.01611328125
0 0.3935546875 0.6845703125 0.00927734375 0.01806640625
0 0.2509765625 0.81640625 0.01611328125 0.0224609375
0 0.1015625 0.61865234375 0.00830078125 0.01220703125
0 0.0712890625 0.62060546875 0.00634765625 0.0166015625
0 0.38671875 0.5634765625 0.00927734375 0.01513671875
0 0.08251953125 0.85693359375 0.0166015625 0.02783203125
0 0.07421875 0.82080078125 0.0146484375 0.02294921875
0 0.64501953125 0.71240234375 0.01123046875 0.02392578125
0 0.58642578125 0.7529296875 0.0166015625 0.0234375
0 0.1181640625 0.5771484375 0.0068359375 0.0126953125
0 0.265625 0.7626953125 0.013671875 0.0205078125
0 0.4365234375 0.91845703125 0.02001953125 0.03076171875
0 0.439453125 0.833984375 0.01904296875 0.02294921875
0 0.19287109375 0.55029296875 0.009765625 0.01513671875
0 0.0791015625 0.9619140625 0.0224609375 0.029296875
0 0.52294921875 0.662109375 0.0146484375 0.02197265625
0 0.43115234375 0.5576171875 0.009765625 0.01611328125
0 0.134765625 0.783203125 0.015625 0.02490234375
0 0.1318359375 0.576171875 0.01123046875 0.01416015625
0 0.421875 0.8115234375 0.0166015625 0.02685546875
0 0.35986328125 0.6240234375 0.01416015625 0.0166015625
0 0.10498046875 0.7490234375 0.0107421875 0.01953125
0 0.13037109375 0.748046875 0.015625 0.02197265625
0 0.2744140625 0.923828125 0.02099609375 0.0263671875
0 0.4091796875 0.94970703125 0.0185546875 0.02490234375
0 0.4072265625 0.7275390625 0.0126953125 0.01953125
0 0.4619140625 0.5849609375 0.01171875 0.01953125
0 0.408203125 0.58251953125 0.01171875 0.01806640625
0 0.3193359375 0.55224609375 0.00927734375 0.01513671875
0 0.64990234375 0.7255859375 0.0166015625 0.025390625
0 0.57177734375 0.7802734375 0.0146484375 0.02587890625
0 0.44091796875 0.60693359375 0.0146484375 0.0185546875
0 0.2998046875 0.87109375 0.0166015625 0.029296875
0 0.37060546875 0.6162109375 0.01220703125 0.017578125
0 0.0966796875 0.939453125 0.02490234375 0.03173828125
0 0.4736328125 0.669921875 0.015625 0.02197265625
0 0.404296875 0.83984375 0.0185546875 0.02490234375
0 0.384765625 0.9375 0.0205078125 0.02783203125
0 0.025390625 0.623046875 0.01123046875 0.01611328125
0 0.3974609375 0.55810546875 0.01220703125 0.0166015625
0 0.23876953125 0.693359375 0.01171875 0.01904296875
0 0.00927734375 0.650390625 0.01123046875 0.0185546875
0 0.5380859375 0.8466796875 0.0234375 0.02734375
0 0.4052734375 0.66552734375 0.0166015625 0.01904296875
0 0.26220703125 0.6005859375 0.013671875 0.017578125
0 0.419921875 0.615234375 0.0146484375 0.01904296875
0 0.2568359375 0.77783203125 0.0185546875 0.02099609375
0 0.05078125 0.8115234375 0.01025390625 0.01416015625
0 0.5556640625 0.72412109375 0.01708984375 0.02001953125
0 0.08984375 0.98779296875 0.0205078125 0.02294921875
0 0.48046875 0.8662109375 0.0205078125 0.02734375
0 0.50048828125 0.875 0.0244140625 0.02783203125
0 0.56298828125 0.85498046875 0.0224609375 0.03125
0 0.455078125 0.677734375 0.017578125 0.02099609375
0 0.38232421875 0.59033203125 0.01171875 0.01171875
0 0.04248046875 0.958984375 0.02587890625 0.03125
0 0.57470703125 0.736328125 0.01953125 0.02490234375
0 0.2900390625 0.5341796875 0.01123046875 0.013671875
0 0.177734375 0.53955078125 0.009765625 0.01318359375
0 0.396484375 0.77392578125 0.0166015625 0.02392578125
0 0.00390625 0.85693359375 0.0078125 0.0166015625
0 0.33984375 0.55859375 0.01171875 0.015625
0 0.2373046875 0.728515625 0.01611328125 0.02197265625
0 0.51220703125 0.646484375 0.0146484375 0.01806640625
0 0.02734375 0.86474609375 0.0185546875 0.02734375
0 0.3857421875 0.611328125 0.01611328125 0.01806640625
0 0.568359375 0.82275390625 0.02001953125 0.02587890625
0 0.37109375 0.859375 0.02197265625 0.02490234375
0 0.125 0.6279296875 0.01318359375 0.017578125
0 0.4287109375 0.66064453125 0.017578125 0.02001953125
0 0.3291015625 0.595703125 0.0146484375 0.0166015625
0 0.31103515625 0.94970703125 0.02294921875 0.02587890625
0 0.10595703125 0.54638671875 0.01123046875 0.01318359375
0 0.1865234375 0.77783203125 0.017578125 0.0234375
0 0.2412109375 0.55517578125 0.01318359375 0.015625
0 0.42724609375 0.5947265625 0.01513671875 0.01611328125
0 0.349609375 0.53759765625 0.01220703125 0.0146484375
0 0.19140625 0.7900390625 0.01953125 0.01513671875
0 0.22412109375 0.56103515625 0.0068359375 0.009765625
0 0.3046875 0.5400390625 0.01171875 0.01611328125
0 0.19091796875 0.904296875 0.0234375 0.02685546875
0 0.08349609375 0.623046875 0.0087890625 0.01513671875
0 0.23828125 0.61669921875 0.01513671875 0.01904296875
0 0.455078125 0.59375 0.01025390625 0.0126953125
0 0.1171875 0.69873046875 0.01708984375 0.01904296875
0 0.6328125 0.923828125 0.02685546875 0.03271484375
0 0.15283203125 0.716796875 0.0185546875 0.02099609375
0 0.189453125 0.95654296875 0.0234375 0.033203125
0 0.02783203125 0.55517578125 0.01025390625 0.0126953125
0 0.11572265625 0.533203125 0.0078125 0.0146484375
0 0.056640625 0.9140625 0.02197265625 0.02783203125
0 0.52099609375 0.8349609375 0.02490234375 0.02783203125
0 0.43505859375 0.7548828125 0.02001953125 0.02294921875
0 0.62841796875 0.787109375 0.02197265625 0.02783203125
0 0.41162109375 0.61279296875 0.01025390625 0.01416015625
0 0.55712890625 0.87744140625 0.02685546875 0.0322265625
0 0.10009765625 0.6728515625 0.01611328125 0.0166015625
0 0.623046875 0.67138671875 0.0166015625 0.0234375
0 0.3173828125 0.541015625 0.00830078125 0.01220703125
0 0.22119140625 0.60107421875 0.01611328125 0.0166015625
0 0.5009765625 0.490234375 0.01025390625 0.01416015625
0 0.68017578125 0.798828125 0.02001953125 0.02734375
0 0.3681640625 0.576171875 0.015625 0.01806640625
0 0.53857421875 0.9443359375 0.02880859375 0.033203125
0 0.20947265625 0.5625 0.009765625 0.0078125
0 0.08349609375 0.8408203125 0.01318359375 0.02001953125
0 0.2314453125 0.521484375 0.00732421875 0.01318359375
0 0.62060546875 0.76953125 0.02197265625 0.01220703125
0 0.015625 0.8291015625 0.01025390625 0.02099609375
0 0.009765625 0.53857421875 0.00830078125 0.0166015625
0 0.4306640625 0.720703125 0.009765625 0.009765625
0 0.14111328125 0.99658203125 0.00732421875 0.0068359375
0 0.62255859375 0.98193359375 0.01953125 0.02490234375