0 0.73291015625 0.78369140625 0.025390625 0.0322265625
0 0.6650390625 0.404296875 0.0234375 0.0283203125
0 0.6787109375 0.4599609375 0.0302734375 0.029296875
0 0.78173828125 0.38720703125 0.01953125 0.0322265625
0 0.84765625 0.69921875 0.0302734375 0.0361328125
0 0.671875 0.146484375 0.0224609375 0.0322265625
0 0.95947265625 0.68212890625 0.029296875 0.0380859375
0 0.61083984375 0.666015625 0.03125 0.0283203125
0 0.67822265625 0.65673828125 0.0224609375 0.041015625
0 0.98291015625 0.4482421875 0.0244140625 0.03515625
0 0.8916015625 0.9072265625 0.03125 0.0322265625
0 0.84375 0.43017578125 0.025390625 0.0341796875
0 0.724609375 0.482421875 0.0244140625 0.0400390625
0 0.96728515625 0.43115234375 0.0283203125 0.0302734375
0 0.7109375 0.35986328125 0.025390625 0.0302734375
0 0.669921875 0.2470703125 0.0166015625 0.0380859375
0 0.96533203125 0.34912109375 0.025390625 0.029296875
0 0.7802734375 0.0673828125 0.021484375 0.025390625
0 0.544921875 0.8203125 0.02734375 0.0283203125
0 0.87158203125 0.28955078125 0.0224609375 0.0341796875
0 0.92529296875 0.24853515625 0.0224609375 0.025390625
0 0.89501953125 0.5634765625 0.0205078125 0.0517578125
0 0.5224609375 0.947265625 0.03125 0.037109375
0 0.92529296875 0.6611328125 0.03125 0.0361328125
0 0.873046875 0.05517578125 0.0224609375 0.025390625
0 0.71875 0.396484375 0.0146484375 0.04296875
0 0.94384765625 0.19677734375 0.021484375 0.037109375
0 0.77685546875 0.283203125 0.02734375 0.0263671875
0 0.884765625 0.2275390625 0.025390625 0.0302734375
0 0.85595703125 0.34375 0.0205078125 0.0419921875
0 0.8056640625 0.25 0.025390625 0.029296875
0 0.75341796875 0.1484375 0.021484375 0.0283203125
0 0.81640625 0.20556640625 0.021484375 0.025390625
0 0.78125 0.20263671875 0.0263671875 0.0283203125
0 0.765625 0.041015625 0.0146484375 0.03515625
0 0.85107421875 0.18115234375 0.0234375 0.0263671875
0 0.677734375 0.20947265625 0.009765625 0.041015625
0 0.71337890625 0.32861328125 0.02734375 0.0302734375
0 0.9189453125 0.5458984375 0.03125 0.0263671875
0 0.8857421875 0.67529296875 0.02734375 0.033203125
0 0.76611328125 0.12744140625 0.021484375 0.025390625
0 0.93505859375 0.17626953125 0.0205078125 0.02734375
0 0.75732421875 0.912109375 0.01953125 0.0595703125
0 0.916015625 0.1318359375 0.021484375 0.02734375
0 0.5908203125 0.74072265625 0.0361328125 0.0322265625
0 0.60009765625 0.61328125 0.0185546875 0.052734375
0 0.54052734375 0.60498046875 0.015625 0.0537109375
0 0.87158203125 0.14794921875 0.0205078125 0.0224609375
0 0.552734375 0.75244140625 0.0244140625 0.0546875
0 0.67138671875 0.3271484375 0.01171875 0.048828125
0 0.81591796875 0.10888671875 0.0244140625 0.02734375
0 0.787109375 0.5283203125 0.013671875 0.048828125
0 0.49853515625 0.705078125 0.03125 0.0439453125
0 0.99658203125 0.033203125 0.0068359375 0.017578125
0 0.560546875 0.62158203125 0.0205078125 0.056640625
0 0.99755859375 0.048828125 0.0048828125 0.0234375
0 0.98681640625 0.291015625 0.0234375 0.0263671875
0 0.83203125 0.154296875 0.0205078125 0.0263671875
0 0.98681640625 0.11083984375 0.0263671875 0.0322265625
0 0.9755859375 0.02685546875 0.021484375 0.021484375
0 0.6064453125 0.962890625 0.029296875 0.0517578125
0 0.98828125 0.720703125 0.009765625 0.0244140625
0 0.9306640625 0.0283203125 0.0244140625 0.0244140625
0 0.91357421875 0.02587890625 0.0224609375 0.0234375
0 0.99853515625 0.37646484375 0.0029296875 0.0185546875
0 0.876953125 0.017578125 0.0166015625 0.0107421875