0 0.2314453125 0.82763671875 0.03564453125 0.02685546875
0 0.6181640625 0.68310546875 0.033203125 0.04931640625
0 0.16259765625 0.490234375 0.02197265625 0.04541015625
0 0.89599609375 0.720703125 0.0302734375 0.06982421875
0 0.986328125 0.3701171875 0.02734375 0.05224609375
0 0.0859375 0.6865234375 0.02734375 0.06494140625
0 0.14599609375 0.33984375 0.02197265625 0.068359375
0 0.6435546875 0.306640625 0.0234375 0.05810546875
0 0.07958984375 0.59716796875 0.0361328125 0.05908203125
0 0.28271484375 0.62451171875 0.02197265625 0.05859375
0 0.2109375 0.5146484375 0.0205078125 0.05859375
0 0.28564453125 0.60546875 0.01220703125 0.0224609375
0 0.07275390625 0.57861328125 0.01025390625 0.01953125