0 0.220703125 0.3798828125 0.015625 0.02978515625
0 0.1435546875 0.45947265625 0.01220703125 0.03271484375
0 0.13134765625 0.45654296875 0.015625 0.029296875
0 0.140625 0.4892578125 0.01318359375 0.02294921875
0 0.07275390625 0.41357421875 0.0234375 0.02099609375
0 0.078125 0.4345703125 0.02294921875 0.0185546875
0 0.27734375 0.3642578125 0.0166015625 0.021484375
0 0.158203125 0.3642578125 0.0224609375 0.0224609375
0 0.189453125 0.439453125 0.0146484375 0.021484375
0 0.12353515625 0.1064453125 0.013671875 0.03515625
0 0.15625 0.4970703125 0.02197265625 0.03076171875
0 0.0400390625 0.42333984375 0.015625 0.02197265625
0 0.08349609375 0.47265625 0.01904296875 0.0224609375
0 0.08349609375 0.2490234375 0.0234375 0.02001953125