0 0.48779296875 0.9931640625 0.0146484375 0.013671875
0 0.47607421875 0.97119140625 0.0205078125 0.0244140625
0 0.470703125 0.990234375 0.01953125 0.01953125
0 0.65234375 0.64892578125 0.01171875 0.0322265625
0 0.43603515625 0.9384765625 0.0224609375 0.025390625
0 0.96044921875 0.14306640625 0.0126953125 0.0263671875
0 0.99169921875 0.14306640625 0.0166015625 0.0166015625
0 0.46923828125 0.87548828125 0.0224609375 0.025390625
0 0.8388671875 0.62255859375 0.0126953125 0.0263671875
0 0.72021484375 0.52978515625 0.0126953125 0.0302734375
0 0.74951171875 0.7314453125 0.017578125 0.0244140625
0 0.96435546875 0.54052734375 0.0166015625 0.01953125
0 0.96533203125 0.49072265625 0.0146484375 0.0263671875
0 0.65576171875 0.60595703125 0.0126953125 0.03125
0 0.6904296875 0.677734375 0.017578125 0.029296875
0 0.5419921875 0.74609375 0.015625 0.0302734375
0 0.853515625 0.58251953125 0.013671875 0.02734375
0 0.951171875 0.3525390625 0.0146484375 0.025390625
0 0.62451171875 0.69873046875 0.0126953125 0.033203125
0 0.9970703125 0.41064453125 0.005859375 0.0224609375
0 0.4599609375 0.91064453125 0.013671875 0.029296875
0 0.9501953125 0.3994140625 0.0107421875 0.02734375
0 0.91064453125 0.298828125 0.01171875 0.029296875
0 0.9580078125 0.47900390625 0.015625 0.03125
0 0.80126953125 0.29833984375 0.0126953125 0.0263671875
0 0.79443359375 0.32275390625 0.013671875 0.025390625
0 0.859375 0.1748046875 0.013671875 0.0205078125
0 0.99462890625 0.451171875 0.0107421875 0.029296875