0 0.98095703125 0.5126953125 0.009765625 0.0126953125
0 0.66162109375 0.4580078125 0.0107421875 0.0166015625
0 0.654296875 0.453125 0.0087890625 0.009765625
0 0.71044921875 0.44140625 0.0107421875 0.0107421875
0 0.763671875 0.4345703125 0.01171875 0.01171875
0 0.8330078125 0.51904296875 0.009765625 0.0107421875
0 0.69384765625 0.45703125 0.0126953125 0.009765625
0 0.603515625 0.4541015625 0.0107421875 0.01171875
0 0.87353515625 0.54296875 0.0146484375 0.013671875
0 0.7529296875 0.4287109375 0.009765625 0.01171875
0 0.78369140625 0.44287109375 0.009765625 0.01171875
0 0.76904296875 0.44775390625 0.0107421875 0.0107421875
0 0.86962890625 0.46337890625 0.0107421875 0.013671875
0 0.8095703125 0.4375 0.0087890625 0.01171875
0 0.81103515625 0.49560546875 0.009765625 0.0107421875
0 0.79150390625 0.43017578125 0.0078125 0.0107421875
0 0.8837890625 0.47998046875 0.0087890625 0.009765625
0 0.86572265625 0.4833984375 0.009765625 0.0146484375
0 0.900390625 0.58740234375 0.0078125 0.01171875
0 0.9912109375 0.6279296875 0.0107421875 0.01171875
0 0.9638671875 0.5087890625 0.009765625 0.01171875
0 0.9814453125 0.61865234375 0.013671875 0.013671875
0 0.94189453125 0.5185546875 0.0078125 0.009765625
0 0.98583984375 0.64453125 0.009765625 0.0126953125