0 0.41845703125 0.17529296875 0.01904296875 0.02734375
0 0.86376953125 0.734375 0.0126953125 0.03759765625
0 0.6650390625 0.203125 0.01025390625 0.03564453125
0 0.57373046875 0.328125 0.01171875 0.03515625
0 0.4453125 0.302734375 0.01171875 0.03662109375
0 0.5068359375 0.3740234375 0.01318359375 0.03271484375
0 0.755859375 0.361328125 0.01123046875 0.03173828125
0 0.43359375 0.0498046875 0.01318359375 0.037109375
0 0.30029296875 0.125 0.01220703125 0.03369140625
0 0.2841796875 0.28076171875 0.01513671875 0.03466796875
0 0.439453125 0.21923828125 0.0166015625 0.03857421875
0 0.9873046875 0.22900390625 0.0126953125 0.04052734375
0 0.7568359375 0.35205078125 0.0068359375 0.01318359375
0 0.41259765625 0.18359375 0.0068359375 0.01123046875