0 0.625 0.43212890625 0.0185546875 0.013671875
0 0.4755859375 0.4169921875 0.01904296875 0.013671875
0 0.47998046875 0.43701171875 0.02197265625 0.01123046875
0 0.46435546875 0.564453125 0.0185546875 0.01611328125
0 0.4013671875 0.20068359375 0.013671875 0.01318359375
0 0.3515625 0.03857421875 0.02392578125 0.01025390625
0 0.4814453125 0.40283203125 0.01708984375 0.01318359375
0 0.47802734375 0.56884765625 0.01416015625 0.0166015625
0 0.37158203125 0.23046875 0.0263671875 0.00732421875
0 0.62890625 0.2666015625 0.01708984375 0.01513671875
0 0.48486328125 0.3662109375 0.01171875 0.01708984375
0 0.10693359375 0.654296875 0.02197265625 0.01123046875
0 0.47900390625 0.4794921875 0.01953125 0.01171875
0 0.59619140625 0.35400390625 0.02587890625 0.0107421875
0 0.61376953125 0.4443359375 0.02978515625 0.0087890625
0 0.11474609375 0.80078125 0.01953125 0.0146484375
0 0.3125 0.23828125 0.01171875 0.015625
0 0.3662109375 0.07763671875 0.0185546875 0.01416015625
0 0.46337890625 0.3525390625 0.01416015625 0.0166015625
0 0.18359375 0.76513671875 0.0205078125 0.01416015625
0 0.501953125 0.544921875 0.02734375 0.0068359375
0 0.53466796875 0.51806640625 0.01806640625 0.0126953125
0 0.396484375 0.3193359375 0.02490234375 0.01025390625
0 0.1865234375 0.6591796875 0.02294921875 0.01318359375
0 0.48974609375 0.568359375 0.015625 0.017578125