0 0.470703125 0.9169921875 0.02490234375 0.02099609375
0 0.6142578125 0.89501953125 0.0107421875 0.0302734375
0 0.60400390625 0.87939453125 0.01904296875 0.01611328125
0 0.9677734375 0.72216796875 0.01513671875 0.017578125
0 0.9560546875 0.72705078125 0.0166015625 0.02001953125
0 0.8828125 0.73291015625 0.01123046875 0.0234375
0 0.56689453125 0.8876953125 0.0205078125 0.02392578125
0 0.744140625 0.78369140625 0.01708984375 0.02490234375
0 0.814453125 0.744140625 0.0107421875 0.0224609375
0 0.63525390625 0.86962890625 0.021484375 0.02490234375
0 0.80322265625 0.7490234375 0.01220703125 0.02197265625
0 0.5859375 0.859375 0.0166015625 0.02587890625
0 0.74951171875 0.8134765625 0.01025390625 0.0263671875
0 0.81689453125 0.89599609375 0.01318359375 0.02978515625
0 0.75927734375 0.90283203125 0.02587890625 0.02734375
0 0.8193359375 0.986328125 0.02490234375 0.0263671875
0 0.45654296875 0.9208984375 0.01220703125 0.03076171875
0 0.51025390625 0.89306640625 0.017578125 0.037109375
0 0.451171875 0.966796875 0.01806640625 0.01904296875
0 0.67724609375 0.8232421875 0.017578125 0.015625