0 0.68408203125 0.029296875 0.0126953125 0.0244140625
0 0.60595703125 0.04150390625 0.0107421875 0.02392578125
0 0.83447265625 0.0185546875 0.00927734375 0.0322265625
0 0.51611328125 0.64794921875 0.01123046875 0.0390625
0 0.71484375 0.044921875 0.00927734375 0.0302734375
0 0.78564453125 0.8369140625 0.0146484375 0.04833984375
0 0.798828125 0.13427734375 0.01025390625 0.03271484375
0 0.8681640625 0.71435546875 0.01611328125 0.0439453125
0 0.57177734375 0.287109375 0.01025390625 0.02783203125
0 0.83935546875 0.13720703125 0.0087890625 0.0322265625
0 0.71142578125 0.5830078125 0.0126953125 0.04052734375
0 0.74462890625 0.59619140625 0.02197265625 0.04052734375
0 0.87890625 0.07373046875 0.01025390625 0.0322265625
0 0.82421875 0.7509765625 0.0146484375 0.046875
0 0.44970703125 0.68505859375 0.0126953125 0.0419921875
0 0.74560546875 0.05712890625 0.0078125 0.02978515625
0 0.9189453125 0.65234375 0.0146484375 0.03955078125
0 0.619140625 0.09326171875 0.0087890625 0.02294921875
0 0.6044921875 0.083984375 0.00927734375 0.02685546875
0 0.5390625 0.6337890625 0.0185546875 0.03564453125
0 0.9501953125 0.04833984375 0.0126953125 0.0302734375
0 0.9189453125 0.0849609375 0.015625 0.033203125
0 0.55126953125 0.2509765625 0.009765625 0.02783203125
0 0.70751953125 0.11767578125 0.0087890625 0.029296875
0 0.57763671875 0.345703125 0.01904296875 0.03125
0 0.6962890625 0.14453125 0.01318359375 0.02978515625
0 0.7197265625 0.07958984375 0.015625 0.0263671875
0 0.68505859375 0.5498046875 0.02392578125 0.03271484375
0 0.681640625 0.17578125 0.01513671875 0.0283203125
0 0.96630859375 0.0615234375 0.01220703125 0.02978515625
0 0.697265625 0.0263671875 0.0078125 0.029296875
0 0.6533203125 0.5625 0.01708984375 0.03271484375
0 0.7421875 0.23095703125 0.01123046875 0.03564453125
0 0.69384765625 0.115234375 0.01025390625 0.03271484375
0 0.73779296875 0.4765625 0.02001953125 0.03466796875
0 0.57177734375 0.248046875 0.01806640625 0.0341796875
0 0.48779296875 0.72265625 0.01123046875 0.04150390625
0 0.8583984375 0.60107421875 0.02001953125 0.03271484375
0 0.74560546875 0.30078125 0.01123046875 0.02734375
0 0.857421875 0.099609375 0.0087890625 0.02880859375
0 0.81396484375 0.1435546875 0.0107421875 0.03173828125
0 0.7314453125 0.27978515625 0.01416015625 0.0380859375
0 0.953125 0.0126953125 0.0166015625 0.025390625
0 0.7177734375 0.24951171875 0.01171875 0.03125
0 0.6162109375 0.12255859375 0.0087890625 0.0263671875
0 0.7431640625 0.205078125 0.01025390625 0.02685546875
0 0.86962890625 0.2060546875 0.01220703125 0.0283203125
0 0.64697265625 0.13818359375 0.02392578125 0.03125
0 0.716796875 0.529296875 0.01806640625 0.02490234375
0 0.50439453125 0.6435546875 0.01171875 0.03369140625
0 0.53662109375 0.31787109375 0.0107421875 0.05224609375
0 0.94140625 0.0234375 0.009765625 0.03076171875
0 0.80517578125 0.033203125 0.01171875 0.02783203125
0 0.72802734375 0.09521484375 0.01513671875 0.033203125
0 0.71337890625 0.275390625 0.015625 0.03955078125
0 0.54833984375 0.27587890625 0.01611328125 0.0234375
0 0.7705078125 0.87353515625 0.021484375 0.03857421875
0 0.8525390625 0.17919921875 0.009765625 0.03173828125
0 0.845703125 0.166015625 0.01171875 0.029296875