0 0.70947265625 0.84423828125 0.015625 0.0302734375
0 0.90625 0.78173828125 0.0185546875 0.0283203125
0 0.876953125 0.8037109375 0.0166015625 0.0263671875
0 0.9765625 0.765625 0.0185546875 0.029296875
0 0.72314453125 0.78759765625 0.0146484375 0.0234375
0 0.923828125 0.7783203125 0.01953125 0.0283203125
0 0.93798828125 0.68994140625 0.0166015625 0.0244140625
0 0.93212890625 0.802734375 0.021484375 0.029296875
0 0.4658203125 0.83349609375 0.0205078125 0.0302734375
0 0.951171875 0.7763671875 0.01953125 0.0283203125
0 0.8759765625 0.59033203125 0.0126953125 0.01953125
0 0.83935546875 0.6826171875 0.0166015625 0.0234375
0 0.5556640625 0.59423828125 0.015625 0.0224609375
0 0.701171875 0.56103515625 0.01171875 0.017578125
0 0.64697265625 0.65478515625 0.013671875 0.0205078125
0 0.68994140625 0.89794921875 0.0185546875 0.025390625
0 0.68994140625 0.7890625 0.0224609375 0.0302734375
0 0.80419921875 0.85107421875 0.02734375 0.033203125
0 0.41943359375 0.78271484375 0.017578125 0.029296875
0 0.6025390625 0.787109375 0.0185546875 0.025390625
0 0.55859375 0.83203125 0.0263671875 0.0322265625
0 0.78955078125 0.73876953125 0.0224609375 0.0283203125
0 0.93505859375 0.6162109375 0.0166015625 0.0234375
0 0.98974609375 0.74560546875 0.0205078125 0.0322265625
0 0.4560546875 0.771484375 0.0205078125 0.029296875
0 0.408203125 0.740234375 0.015625 0.0234375
0 0.466796875 0.87646484375 0.03125 0.0380859375
0 0.818359375 0.72998046875 0.017578125 0.01953125
0 0.650390625 0.78369140625 0.0224609375 0.029296875
0 0.91796875 0.6513671875 0.021484375 0.025390625
0 0.791015625 0.69873046875 0.01953125 0.0234375
0 0.63720703125 0.810546875 0.0205078125 0.0244140625
0 0.4833984375 0.88427734375 0.0283203125 0.033203125
0 0.92822265625 0.7275390625 0.0205078125 0.0263671875
0 0.783203125 0.8115234375 0.0234375 0.03125
0 0.9443359375 0.5126953125 0.0107421875 0.0166015625
0 0.6748046875 0.80712890625 0.0234375 0.0283203125
0 0.6240234375 0.53466796875 0.0146484375 0.017578125
0 0.94287109375 0.64599609375 0.015625 0.021484375
0 0.92236328125 0.68701171875 0.0205078125 0.02734375
0 0.98779296875 0.71240234375 0.021484375 0.0302734375
0 0.8095703125 0.474609375 0.013671875 0.017578125
0 0.4970703125 0.78955078125 0.01953125 0.0283203125
0 0.88916015625 0.48193359375 0.0107421875 0.0146484375
0 0.49853515625 0.982421875 0.0263671875 0.03515625
0 0.818359375 0.7470703125 0.0224609375 0.0263671875
0 0.66552734375 0.5869140625 0.0185546875 0.01953125
0 0.5146484375 0.6630859375 0.01953125 0.0244140625
0 0.7177734375 0.595703125 0.0126953125 0.017578125
0 0.87548828125 0.48486328125 0.013671875 0.0166015625
0 0.546875 0.8447265625 0.0283203125 0.033203125
0 0.580078125 0.5400390625 0.0146484375 0.017578125
0 0.79931640625 0.62451171875 0.0146484375 0.0205078125
0 0.408203125 0.755859375 0.021484375 0.02734375
0 0.64453125 0.69970703125 0.017578125 0.0224609375
0 0.55126953125 0.8154296875 0.0224609375 0.03125
0 0.60791015625 0.5576171875 0.0166015625 0.021484375
0 0.9150390625 0.52001953125 0.0107421875 0.0126953125
0 0.67919921875 0.525390625 0.0126953125 0.015625
0 0.802734375 0.7119140625 0.0224609375 0.0234375
0 0.4775390625 0.76611328125 0.0234375 0.0283203125
0 0.943359375 0.677734375 0.0185546875 0.025390625
0 0.92724609375 0.51708984375 0.0126953125 0.01953125
0 0.7919921875 0.89208984375 0.029296875 0.0322265625
0 0.556640625 0.57373046875 0.0166015625 0.0224609375
0 0.630859375 0.6376953125 0.0205078125 0.0224609375
0 0.7548828125 0.54052734375 0.017578125 0.0205078125
0 0.6865234375 0.49609375 0.0107421875 0.013671875
0 0.58447265625 0.66162109375 0.0205078125 0.0234375
0 0.646484375 0.90625 0.0302734375 0.03515625
0 0.60693359375 0.85107421875 0.02734375 0.0322265625
0 0.494140625 0.73388671875 0.0146484375 0.021484375
0 0.822265625 0.4609375 0.01171875 0.0166015625
0 0.86865234375 0.70703125 0.0234375 0.0185546875
0 0.65185546875 0.5810546875 0.0166015625 0.01953125
0 0.58935546875 0.8642578125 0.029296875 0.0322265625
0 0.56640625 0.65869140625 0.0224609375 0.0263671875
0 0.7841796875 0.54931640625 0.0185546875 0.0224609375
0 0.98974609375 0.5048828125 0.015625 0.01953125
0 0.89453125 0.53369140625 0.0166015625 0.01953125
0 0.78173828125 0.4921875 0.009765625 0.0126953125
0 0.666015625 0.74169921875 0.021484375 0.02734375
0 0.7109375 0.8173828125 0.02734375 0.0283203125
0 0.71728515625 0.89697265625 0.0283203125 0.0302734375
0 0.990234375 0.828125 0.01953125 0.03515625
0 0.87060546875 0.6943359375 0.0224609375 0.025390625
0 0.4833984375 0.7470703125 0.0244140625 0.0283203125
0 0.68701171875 0.50732421875 0.0126953125 0.015625
0 0.71240234375 0.4833984375 0.0146484375 0.0166015625
0 0.669921875 0.5185546875 0.015625 0.017578125
0 0.6953125 0.91259765625 0.0244140625 0.0283203125
0 0.61328125 0.53125 0.0166015625 0.0185546875
0 0.76416015625 0.49169921875 0.015625 0.0185546875
0 0.51025390625 0.83203125 0.02734375 0.0322265625
0 0.607421875 0.63916015625 0.021484375 0.0244140625
0 0.69921875 0.4912109375 0.015625 0.017578125
0 0.52490234375 0.8583984375 0.0322265625 0.03515625
0 0.63330078125 0.58154296875 0.01953125 0.021484375
0 0.58203125 0.59033203125 0.01953125 0.021484375
0 0.68798828125 0.5517578125 0.0185546875 0.0205078125
0 0.89306640625 0.44970703125 0.0146484375 0.0166015625
0 0.5654296875 0.58056640625 0.0126953125 0.015625
0 0.91162109375 0.86767578125 0.0322265625 0.0380859375
0 0.81005859375 0.65869140625 0.021484375 0.025390625
0 0.65478515625 0.5 0.015625 0.017578125
0 0.63525390625 0.55859375 0.0126953125 0.013671875
0 0.521484375 0.6455078125 0.0185546875 0.0205078125
0 0.62548828125 0.732421875 0.025390625 0.0283203125
0 0.4736328125 0.9423828125 0.033203125 0.037109375
0 0.8828125 0.82666015625 0.0322265625 0.03515625
0 0.88623046875 0.62890625 0.0234375 0.0263671875
0 0.59375 0.57421875 0.01953125 0.01953125
0 0.44384765625 0.81005859375 0.0283203125 0.033203125
0 0.92919921875 0.5712890625 0.01953125 0.0205078125
0 0.9208984375 0.60205078125 0.0234375 0.0244140625
0 0.42236328125 0.69580078125 0.01953125 0.025390625
0 0.794921875 0.53173828125 0.0205078125 0.0205078125
0 0.53564453125 0.88037109375 0.03515625 0.0380859375
0 0.82421875 0.85595703125 0.033203125 0.033203125
0 0.6455078125 0.54248046875 0.01953125 0.021484375
0 0.3974609375 0.833984375 0.0244140625 0.03125
0 0.97119140625 0.439453125 0.0126953125 0.013671875
0 0.55615234375 0.8037109375 0.03125 0.03125
0 0.572265625 0.93994140625 0.0341796875 0.0390625
0 0.88037109375 0.439453125 0.0107421875 0.015625
0 0.49560546875 0.4912109375 0.013671875 0.0166015625
0 0.607421875 0.591796875 0.0244140625 0.0234375
0 0.7294921875 0.8994140625 0.0302734375 0.0341796875
0 0.7646484375 0.45458984375 0.0107421875 0.015625
0 0.79736328125 0.4912109375 0.009765625 0.0087890625
0 0.44970703125 0.78857421875 0.02734375 0.0185546875
0 0.6201171875 0.697265625 0.01171875 0.0126953125