0 0.9228515625 0.89697265625 0.0478515625 0.048828125
0 0.74365234375 0.97216796875 0.0576171875 0.0556640625
0 0.88525390625 0.97412109375 0.0341796875 0.0517578125
0 0.8017578125 0.865234375 0.033203125 0.0244140625
0 0.70361328125 0.93212890625 0.0341796875 0.041015625
0 0.9140625 0.93896484375 0.041015625 0.05859375
0 0.93994140625 0.65283203125 0.0244140625 0.0390625
0 0.74951171875 0.89404296875 0.04296875 0.0458984375
0 0.8662109375 0.818359375 0.0419921875 0.044921875
0 0.68701171875 0.95556640625 0.0234375 0.05859375
0 0.9755859375 0.93994140625 0.0341796875 0.0322265625
0 0.97412109375 0.669921875 0.0380859375 0.03515625
0 0.81689453125 0.99609375 0.0302734375 0.0078125