0 0.7587890625 0.54931640625 0.02197265625 0.044921875
0 0.7353515625 0.265625 0.02490234375 0.046875
0 0.755859375 0.76611328125 0.01708984375 0.03857421875
0 0.70849609375 0.9375 0.01904296875 0.05322265625
0 0.75146484375 0.2021484375 0.0244140625 0.03466796875
0 0.99072265625 0.79345703125 0.01806640625 0.0458984375
0 0.80224609375 0.9853515625 0.0166015625 0.02880859375
0 0.85107421875 0.978515625 0.0166015625 0.04296875
0 0.6220703125 0.828125 0.01220703125 0.029296875
0 0.80859375 0.75048828125 0.0244140625 0.04443359375
0 0.74072265625 0.8974609375 0.02001953125 0.0458984375
0 0.68408203125 0.763671875 0.0224609375 0.0634765625
0 0.60791015625 0.6162109375 0.01904296875 0.044921875
0 0.6494140625 0.70458984375 0.01171875 0.0380859375
0 0.56591796875 0.9287109375 0.01513671875 0.048828125
0 0.6318359375 0.7021484375 0.02197265625 0.04736328125
0 0.7724609375 0.96435546875 0.02294921875 0.044921875
0 0.68017578125 0.43798828125 0.017578125 0.04443359375
0 0.6640625 0.5771484375 0.0234375 0.0625
0 0.6572265625 0.61572265625 0.01611328125 0.03857421875
0 0.685546875 0.1474609375 0.0205078125 0.0576171875
0 0.72607421875 0.74072265625 0.0185546875 0.0361328125
0 0.54296875 0.34619140625 0.0205078125 0.06005859375
0 0.5380859375 0.03271484375 0.0185546875 0.0546875
0 0.72900390625 0.5712890625 0.01513671875 0.0341796875
0 0.93408203125 0.13037109375 0.0166015625 0.0478515625
0 0.65771484375 0.560546875 0.0126953125 0.03271484375
0 0.6357421875 0.64697265625 0.01318359375 0.0419921875
0 0.5224609375 0.0576171875 0.02490234375 0.04248046875