0 0.41015625 0.52197265625 0.0400390625 0.095703125
0 0.224609375 0.23876953125 0.056640625 0.0830078125
0 0.0546875 0.23779296875 0.0556640625 0.1044921875
0 0.82275390625 0.32373046875 0.046875 0.1181640625
0 0.5947265625 0.08154296875 0.037109375 0.08203125
0 0.12109375 0.08349609375 0.0546875 0.072265625
0 0.259765625 0.201171875 0.0673828125 0.052734375
0 0.43017578125 0.5263671875 0.0419921875 0.1015625
0 0.7158203125 0.353515625 0.0556640625 0.07421875
0 0.68798828125 0.47900390625 0.060546875 0.078125
0 0.470703125 0.52392578125 0.0400390625 0.07421875
0 0.80029296875 0.20166015625 0.0341796875 0.056640625
0 0.12646484375 0.2646484375 0.03515625 0.0595703125
0 0.841796875 0.10986328125 0.0458984375 0.05078125
0 0.23681640625 0.15771484375 0.03515625 0.052734375
0 0.35693359375 0.3232421875 0.0283203125 0.0693359375
0 0.08544921875 0.18798828125 0.03515625 0.0537109375
0 0.50244140625 0.07470703125 0.0380859375 0.0654296875
0 0.328125 0.2568359375 0.0390625 0.0439453125
0 0.77734375 0.2705078125 0.0390625 0.05859375
0 0.29541015625 0.4150390625 0.037109375 0.0712890625
0 0.1298828125 0.03076171875 0.0361328125 0.04296875
0 0.85400390625 0.36572265625 0.0263671875 0.0673828125
0 0.15234375 0.1201171875 0.01953125 0.0498046875
0 0.26220703125 0.06298828125 0.0185546875 0.04296875
0 0.38427734375 0.03759765625 0.017578125 0.037109375
0 0.744140625 0.4326171875 0.0537109375 0.076171875
0 0.30712890625 0.1826171875 0.01953125 0.0498046875
0 0.4189453125 0.14208984375 0.021484375 0.046875
0 0.42578125 0.3466796875 0.0322265625 0.064453125
0 0.79736328125 0.48046875 0.04296875 0.0732421875
0 0.42529296875 0.0224609375 0.0283203125 0.0380859375
0 0.45263671875 0.32421875 0.03515625 0.0625
0 0.6259765625 0.10595703125 0.0185546875 0.041015625
0 0.4326171875 0.08984375 0.0205078125 0.0341796875
0 0.869140625 0.28955078125 0.025390625 0.06640625
0 0.33251953125 0.01953125 0.0166015625 0.03515625
0 0.62548828125 0.076171875 0.01953125 0.044921875
0 0.79296875 0.05224609375 0.01953125 0.037109375
0 0.78466796875 0.15576171875 0.0263671875 0.0263671875
0 0.50830078125 0.49365234375 0.02734375 0.0751953125
0 0.99169921875 0.12646484375 0.0166015625 0.0439453125
0 0.97900390625 0.67333984375 0.0224609375 0.0908203125
0 0.5322265625 0.013671875 0.0205078125 0.0263671875
0 0.87841796875 0.04248046875 0.0263671875 0.0244140625
0 0.57568359375 0.01611328125 0.0146484375 0.0234375
0 0.71044921875 0.17919921875 0.0166015625 0.025390625