0 0.94482421875 0.6337890625 0.0869140625 0.12548828125
0 0.70458984375 0.8955078125 0.08349609375 0.0986328125
0 0.943359375 0.318359375 0.05859375 0.0595703125
0 0.69384765625 0.18115234375 0.04443359375 0.05078125
0 0.92724609375 0.41162109375 0.03369140625 0.02978515625
0 0.6572265625 0.14501953125 0.048828125 0.05078125
0 0.8251953125 0.51025390625 0.06005859375 0.06982421875
0 0.861328125 0.10546875 0.04150390625 0.0498046875
0 0.95751953125 0.1982421875 0.02734375 0.02685546875
0 0.88671875 0.3037109375 0.0390625 0.072265625
0 0.88525390625 0.123046875 0.0341796875 0.0498046875
0 0.6494140625 0.8095703125 0.0791015625 0.08251953125
0 0.3837890625 0.90869140625 0.080078125 0.1171875
0 0.98486328125 0.08203125 0.025390625 0.044921875
0 0.22119140625 0.943359375 0.04345703125 0.1123046875
0 0.8291015625 0.2392578125 0.037109375 0.0625
0 0.2236328125 0.89501953125 0.06982421875 0.083984375
0 0.2978515625 0.94775390625 0.09912109375 0.10400390625
0 0.9384765625 0.22216796875 0.03564453125 0.05517578125
0 0.82470703125 0.19189453125 0.04833984375 0.05615234375
0 0.99462890625 0.08251953125 0.0107421875 0.04296875
0 0.6611328125 0.9228515625 0.0322265625 0.09033203125