0 0.490234375 0.36865234375 0.0341796875 0.033203125
0 0.0107421875 0.439453125 0.021484375 0.03515625
0 0.32373046875 0.880859375 0.0322265625 0.0302734375
0 0.1982421875 0.21435546875 0.033203125 0.0263671875
0 0.4267578125 0.48095703125 0.0419921875 0.03125
0 0.0390625 0.3291015625 0.0361328125 0.0341796875
0 0.2265625 0.36474609375 0.033203125 0.0498046875
0 0.2880859375 0.14990234375 0.0302734375 0.044921875
0 0.365234375 0.12890625 0.0341796875 0.037109375
0 0.01953125 0.1318359375 0.03125 0.029296875
0 0.1171875 0.5615234375 0.03515625 0.0322265625
0 0.490234375 0.91552734375 0.0361328125 0.0439453125
0 0.51025390625 0.271484375 0.03125 0.0537109375
0 0.35302734375 0.20849609375 0.033203125 0.0322265625
0 0.37890625 0.31005859375 0.0341796875 0.0478515625
0 0.04833984375 0.27490234375 0.0341796875 0.03515625
0 0.36962890625 0.37158203125 0.0400390625 0.03515625
0 0.0869140625 0.98583984375 0.03515625 0.0283203125
0 0.564453125 0.876953125 0.041015625 0.0341796875
0 0.1376953125 0.11376953125 0.0205078125 0.0537109375