0 0.07666015625 0.560546875 0.02734375 0.068359375
0 0.34912109375 0.66357421875 0.0361328125 0.0380859375
0 0.0283203125 0.6669921875 0.0263671875 0.05224609375
0 0.072265625 0.912109375 0.02734375 0.044921875
0 0.22216796875 0.47265625 0.02783203125 0.04248046875
0 0.20263671875 0.736328125 0.02978515625 0.03955078125
0 0.5791015625 0.8427734375 0.0302734375 0.05029296875
0 0.5751953125 0.765625 0.03125 0.04541015625
0 0.1279296875 0.22900390625 0.02197265625 0.04248046875
0 0.5068359375 0.18994140625 0.0234375 0.0390625
0 0.17822265625 0.33642578125 0.03662109375 0.03759765625
0 0.548828125 0.599609375 0.0244140625 0.03857421875
0 0.66259765625 0.58056640625 0.0302734375 0.02783203125
0 0.16650390625 0.0478515625 0.0283203125 0.04150390625
0 0.4375 0.78076171875 0.029296875 0.04541015625
0 0.2412109375 0.55712890625 0.0302734375 0.0361328125
0 0.0712890625 0.80712890625 0.021484375 0.0380859375
0 0.36181640625 0.59912109375 0.02197265625 0.04296875
0 0.4169921875 0.59716796875 0.025390625 0.0419921875
0 0.2353515625 0.87451171875 0.0341796875 0.03955078125
0 0.56494140625 0.07958984375 0.033203125 0.05419921875
0 0.4912109375 0.86669921875 0.03759765625 0.0458984375
0 0.521484375 0.09033203125 0.03515625 0.0322265625
0 0.37744140625 0.3408203125 0.03369140625 0.03125
0 0.515625 0.56396484375 0.0205078125 0.037109375
0 0.29345703125 0.04833984375 0.0322265625 0.03857421875
0 0.31005859375 0.931640625 0.02197265625 0.03173828125
0 0.4384765625 0.43505859375 0.03173828125 0.0400390625
0 0.2021484375 0.814453125 0.052734375 0.04931640625
0 0.1337890625 0.076171875 0.02587890625 0.05322265625
0 0.4375 0.1416015625 0.025390625 0.02734375
0 0.4072265625 0.45166015625 0.02294921875 0.03515625
0 0.4853515625 0.21044921875 0.0234375 0.0302734375
0 0.2470703125 0.3544921875 0.02392578125 0.044921875
0 0.41162109375 0.74169921875 0.02001953125 0.03564453125
0 0.11376953125 0.98681640625 0.0263671875 0.0244140625
0 0.54736328125 0.265625 0.01416015625 0.037109375
0 0.39453125 0.5322265625 0.02587890625 0.05419921875
0 0.41064453125 0.84619140625 0.017578125 0.05224609375
0 0.4853515625 0.10546875 0.02490234375 0.033203125
0 0.46875 0.6376953125 0.02392578125 0.02490234375
0 0.63623046875 0.916015625 0.02587890625 0.0283203125
0 0.4443359375 0.33154296875 0.03759765625 0.04833984375
0 0.361328125 0.7646484375 0.03271484375 0.0478515625
0 0.4306640625 0.70654296875 0.03759765625 0.0390625
0 0.31787109375 0.447265625 0.0244140625 0.02197265625
0 0.48681640625 0.607421875 0.037109375 0.04345703125
0 0.24951171875 0.3701171875 0.06201171875 0.072265625
0 0.4619140625 0.56640625 0.02001953125 0.02197265625
0 0.439453125 0.0205078125 0.02490234375 0.03076171875
0 0.3212890625 0.556640625 0.02783203125 0.03125
0 0.17626953125 0.9453125 0.01904296875 0.04052734375
0 0.01416015625 0.953125 0.02587890625 0.03076171875
0 0.54150390625 0.79638671875 0.017578125 0.03076171875
0 0.005859375 0.728515625 0.0107421875 0.02783203125
0 0.3408203125 0.482421875 0.0400390625 0.0400390625
0 0.40869140625 0.912109375 0.02978515625 0.02783203125
0 0.53759765625 0.36767578125 0.01708984375 0.033203125
0 0.63134765625 0.779296875 0.02099609375 0.029296875
0 0.1611328125 0.638671875 0.021484375 0.02392578125
0 0.18212890625 0.79541015625 0.029296875 0.02734375
0 0.591796875 0.458984375 0.02099609375 0.03125
0 0.2958984375 0.53466796875 0.0166015625 0.029296875
0 0.23095703125 0.3603515625 0.02099609375 0.029296875
0 0.423828125 0.19970703125 0.0361328125 0.04345703125
0 0.22314453125 0.5263671875 0.0234375 0.0283203125
0 0.39111328125 0.77734375 0.03173828125 0.037109375
0 0.15966796875 0.1611328125 0.02587890625 0.04248046875
0 0.26611328125 0.04541015625 0.0224609375 0.03759765625
0 0.2734375 0.02001953125 0.02783203125 0.03955078125
0 0.4580078125 0.30126953125 0.01953125 0.0458984375
0 0.0751953125 0.0927734375 0.02587890625 0.046875