0 0.10595703125 0.44580078125 0.025390625 0.05078125
0 0.28759765625 0.40625 0.0205078125 0.046875
0 0.09912109375 0.8466796875 0.029296875 0.052734375
0 0.03125 0.3173828125 0.02734375 0.052734375
0 0.39599609375 0.544921875 0.021484375 0.0625
0 0.498046875 0.955078125 0.017578125 0.04296875
0 0.39404296875 0.6455078125 0.01953125 0.05078125
0 0.39208984375 0.921875 0.02734375 0.060546875
0 0.0537109375 0.1787109375 0.03515625 0.0341796875
0 0.39404296875 0.5810546875 0.0185546875 0.046875
0 0.3271484375 0.73974609375 0.021484375 0.060546875
0 0.451171875 0.90966796875 0.033203125 0.044921875
0 0.0517578125 0.943359375 0.0166015625 0.0380859375
0 0.09814453125 0.0283203125 0.02734375 0.048828125
0 0.1572265625 0.619140625 0.0234375 0.044921875
0 0.27490234375 0.1708984375 0.0166015625 0.048828125
0 0.41943359375 0.70556640625 0.021484375 0.044921875
0 0.34619140625 0.6083984375 0.021484375 0.046875
0 0.3759765625 0.70361328125 0.01953125 0.052734375
0 0.27685546875 0.51318359375 0.025390625 0.0341796875
0 0.3095703125 0.49462890625 0.017578125 0.0498046875
0 0.17578125 0.56787109375 0.0205078125 0.046875
0 0.3251953125 0.658203125 0.0263671875 0.0419921875
0 0.19775390625 0.93994140625 0.0234375 0.03515625
0 0.380859375 0.126953125 0.015625 0.0390625
0 0.34521484375 0.52099609375 0.0244140625 0.037109375
0 0.26708984375 0.251953125 0.01953125 0.0234375
0 0.1767578125 0.212890625 0.021484375 0.0546875
0 0.19873046875 0.62353515625 0.021484375 0.0458984375
0 0.2333984375 0.14794921875 0.0166015625 0.044921875
0 0.12890625 0.0986328125 0.0302734375 0.041015625
0 0.017578125 0.88427734375 0.021484375 0.0341796875
0 0.1728515625 0.1083984375 0.013671875 0.0380859375
0 0.39892578125 0.90625 0.015625 0.0302734375
0 0.0302734375 0.818359375 0.0302734375 0.03515625
0 0.22265625 0.744140625 0.015625 0.0361328125
0 0.1611328125 0.40283203125 0.015625 0.02734375
0 0.3486328125 0.4833984375 0.033203125 0.0390625
0 0.2705078125 0.6015625 0.033203125 0.0498046875
0 0.24072265625 0.89111328125 0.0185546875 0.052734375
0 0.27099609375 0.88232421875 0.029296875 0.0498046875
0 0.2861328125 0.93408203125 0.025390625 0.05859375
0 0.017578125 0.8583984375 0.02734375 0.03125
0 0.01123046875 0.83544921875 0.021484375 0.0400390625