0 0.5615234375 0.55859375 0.01220703125 0.0126953125
0 0.5546875 0.56689453125 0.013671875 0.0166015625
0 0.314453125 0.5751953125 0.0107421875 0.01513671875
0 0.40185546875 0.57421875 0.01171875 0.01416015625
0 0.30419921875 0.57666015625 0.009765625 0.0126953125
0 0.38720703125 0.56591796875 0.00927734375 0.01318359375
0 0.49560546875 0.56298828125 0.0107421875 0.0126953125
0 0.41845703125 0.57373046875 0.0087890625 0.013671875
0 0.3564453125 0.568359375 0.01123046875 0.013671875
0 0.5185546875 0.5615234375 0.00927734375 0.01171875
0 0.171875 0.66748046875 0.01220703125 0.015625
0 0.16064453125 0.611328125 0.0068359375 0.01318359375
0 0.14892578125 0.6416015625 0.01220703125 0.01611328125
0 0.02197265625 0.63623046875 0.01123046875 0.0166015625
0 0.0546875 0.720703125 0.01416015625 0.01708984375
0 0.05126953125 0.63330078125 0.01318359375 0.015625
0 0.37646484375 0.57373046875 0.01025390625 0.01318359375
0 0.0751953125 0.708984375 0.0146484375 0.0185546875
0 0.33251953125 0.619140625 0.0078125 0.015625
0 0.072265625 0.63623046875 0.013671875 0.017578125
0 0.0791015625 0.68701171875 0.00830078125 0.01611328125
0 0.20458984375 0.58740234375 0.00927734375 0.01318359375
0 0.25537109375 0.58056640625 0.00634765625 0.01318359375
0 0.18408203125 0.640625 0.0068359375 0.013671875
0 0.08837890625 0.630859375 0.01171875 0.01513671875
0 0.11767578125 0.6962890625 0.015625 0.01806640625
0 0.00341796875 0.642578125 0.0068359375 0.01513671875
0 0.0634765625 0.6259765625 0.00634765625 0.0107421875
0 0.1162109375 0.681640625 0.00732421875 0.013671875
0 0.15087890625 0.60205078125 0.00830078125 0.0146484375
0 0.08984375 0.98828125 0.013671875 0.0234375
0 0.12060546875 0.6142578125 0.005859375 0.009765625