0 0.8046875 0.4140625 0.021484375 0.03125
0 0.98095703125 0.1533203125 0.029296875 0.0537109375
0 0.783203125 0.4111328125 0.0166015625 0.0361328125
0 0.7099609375 0.357421875 0.013671875 0.0361328125
0 0.75537109375 0.26220703125 0.013671875 0.029296875
0 0.88525390625 0.18212890625 0.0146484375 0.03515625
0 0.63525390625 0.36181640625 0.0146484375 0.0322265625
0 0.52392578125 0.40771484375 0.0166015625 0.03125
0 0.65234375 0.36376953125 0.0107421875 0.0361328125
0 0.57470703125 0.35595703125 0.013671875 0.02734375
0 0.611328125 0.3359375 0.0146484375 0.0302734375
0 0.6162109375 0.3994140625 0.0126953125 0.0302734375
0 0.72119140625 0.24169921875 0.013671875 0.03515625
0 0.55322265625 0.32763671875 0.013671875 0.0302734375
0 0.87451171875 0.0908203125 0.0126953125 0.0341796875
0 0.73095703125 0.232421875 0.0146484375 0.033203125
0 0.45947265625 0.185546875 0.0166015625 0.0322265625
0 0.80029296875 0.1923828125 0.0205078125 0.0234375
0 0.64453125 0.20703125 0.015625 0.0322265625
0 0.8662109375 0.14111328125 0.015625 0.033203125
0 0.92578125 0.1904296875 0.017578125 0.0361328125
0 0.740234375 0.1806640625 0.0146484375 0.0322265625
0 0.6669921875 0.13818359375 0.01171875 0.0322265625
0 0.70361328125 0.14501953125 0.0146484375 0.0341796875
0 0.8544921875 0.17822265625 0.017578125 0.0361328125
0 0.80322265625 0.34228515625 0.015625 0.0263671875
0 0.42529296875 0.16259765625 0.0166015625 0.0302734375
0 0.537109375 0.27978515625 0.01171875 0.03515625
0 0.76171875 0.19091796875 0.0166015625 0.033203125
0 0.818359375 0.091796875 0.0126953125 0.0322265625
0 0.8427734375 0.0576171875 0.0146484375 0.0322265625
0 0.55859375 0.28466796875 0.015625 0.0322265625
0 0.6328125 0.26611328125 0.0166015625 0.0283203125
0 0.67138671875 0.05419921875 0.0126953125 0.0341796875
0 0.60546875 0.15478515625 0.015625 0.0341796875
0 0.6435546875 0.1708984375 0.015625 0.033203125
0 0.51806640625 0.169921875 0.0146484375 0.0302734375
0 0.68603515625 0.345703125 0.017578125 0.025390625
0 0.58056640625 0.17529296875 0.013671875 0.03515625
0 0.82275390625 0.1328125 0.013671875 0.0341796875
0 0.802734375 0.16455078125 0.0166015625 0.0380859375
0 0.65478515625 0.32763671875 0.0126953125 0.0400390625
0 0.46923828125 0.1455078125 0.0166015625 0.0341796875
0 0.47705078125 0.09619140625 0.0146484375 0.0302734375
0 0.4912109375 0.2529296875 0.0166015625 0.0341796875
0 0.5810546875 0.26171875 0.0126953125 0.0361328125
0 0.7734375 0.0595703125 0.015625 0.033203125
0 0.93212890625 0.11669921875 0.017578125 0.0439453125
0 0.74658203125 0.1279296875 0.01171875 0.0302734375
0 0.78662109375 0.09228515625 0.0146484375 0.033203125
0 0.482421875 0.28515625 0.0205078125 0.0205078125
0 0.79296875 0.14306640625 0.0166015625 0.0283203125
0 0.3056640625 0.07373046875 0.015625 0.0322265625
0 0.39892578125 0.01123046875 0.0185546875 0.0224609375
0 0.494140625 0.1494140625 0.0166015625 0.0322265625
0 0.7861328125 0.0322265625 0.015625 0.02734375
0 0.61328125 0.07421875 0.0126953125 0.0400390625
0 0.4609375 0.29443359375 0.0146484375 0.0390625
0 0.7265625 0.07470703125 0.015625 0.0341796875
0 0.65185546875 0.298828125 0.0146484375 0.03515625
0 0.5556640625 0.17724609375 0.0166015625 0.0302734375
0 0.77685546875 0.15625 0.0205078125 0.0302734375
0 0.51806640625 0.11572265625 0.0205078125 0.02734375
0 0.4091796875 0.0908203125 0.017578125 0.029296875
0 0.61767578125 0.09033203125 0.015625 0.0439453125
0 0.6513671875 0.083984375 0.0185546875 0.0380859375
0 0.63330078125 0.04150390625 0.0126953125 0.0361328125
0 0.73193359375 0.09814453125 0.017578125 0.03515625
0 0.55859375 0.109375 0.0107421875 0.0361328125
0 0.494140625 0.072265625 0.015625 0.033203125
0 0.5830078125 0.0400390625 0.017578125 0.033203125
0 0.65185546875 0.03759765625 0.0166015625 0.0322265625
0 0.5390625 0.08935546875 0.017578125 0.03125
0 0.3994140625 0.2255859375 0.017578125 0.0234375
0 0.46337890625 0.3388671875 0.01171875 0.03515625
0 0.6455078125 0.04833984375 0.013671875 0.033203125
0 0.57568359375 0.08349609375 0.0185546875 0.033203125
0 0.568359375 0.21484375 0.013671875 0.041015625
0 0.263671875 0.08544921875 0.01171875 0.0341796875
0 0.33837890625 0.0361328125 0.01171875 0.0341796875
0 0.2412109375 0.27880859375 0.0126953125 0.0263671875
0 0.3310546875 0.12841796875 0.0126953125 0.0283203125
0 0.29736328125 0.01025390625 0.0126953125 0.0205078125
0 0.3427734375 0.125 0.021484375 0.0302734375
0 0.5078125 0.076171875 0.013671875 0.0322265625
0 0.484375 0.013671875 0.015625 0.02734375
0 0.5224609375 0.0830078125 0.0185546875 0.021484375
0 0.85009765625 0.03271484375 0.009765625 0.01953125
0 0.69873046875 0.19384765625 0.0126953125 0.03125
0 0.45703125 0.01318359375 0.013671875 0.0263671875
0 0.49560546875 0.04296875 0.013671875 0.0341796875
0 0.5087890625 0.3046875 0.0126953125 0.0322265625
0 0.4140625 0.11474609375 0.0126953125 0.037109375
0 0.953125 0.068359375 0.013671875 0.0302734375
0 0.51611328125 0.01318359375 0.0126953125 0.0263671875
0 0.6181640625 0.02880859375 0.013671875 0.0341796875
0 0.25 0.0107421875 0.013671875 0.021484375
0 0.58349609375 0.01904296875 0.0205078125 0.0244140625
0 0.8916015625 0.14208984375 0.0185546875 0.01171875
0 0.54345703125 0.0166015625 0.013671875 0.0302734375
0 0.77392578125 0.26025390625 0.015625 0.0361328125
0 0.26953125 0.04541015625 0.0107421875 0.03515625
0 0.24072265625 0.2158203125 0.0126953125 0.0283203125
0 0.42919921875 0.00537109375 0.0126953125 0.0107421875
0 0.5048828125 0.03271484375 0.0224609375 0.0234375
0 0.31787109375 0.08056640625 0.017578125 0.0390625
0 0.56298828125 0.015625 0.0126953125 0.025390625
0 0.59130859375 0.2578125 0.013671875 0.0390625
0 0.52734375 0.013671875 0.015625 0.02734375
0 0.234375 0.06396484375 0.0283203125 0.0380859375
0 0.23193359375 0.0859375 0.0166015625 0.03515625
0 0.89013671875 0.15185546875 0.0224609375 0.015625