0 0.39697265625 0.9208984375 0.0263671875 0.0283203125
0 0.86181640625 0.47705078125 0.013671875 0.0205078125
0 0.853515625 0.4775390625 0.0126953125 0.0244140625
0 0.98046875 0.39404296875 0.0205078125 0.021484375
0 0.83642578125 0.46435546875 0.0166015625 0.0166015625
0 0.95703125 0.44677734375 0.015625 0.01953125
0 0.8310546875 0.47705078125 0.015625 0.025390625
0 0.97412109375 0.4560546875 0.017578125 0.0185546875
0 0.8173828125 0.47119140625 0.015625 0.0185546875
0 0.97265625 0.4140625 0.015625 0.0185546875
0 0.84423828125 0.48779296875 0.013671875 0.0205078125
0 0.943359375 0.5498046875 0.01953125 0.0185546875
0 0.953125 0.42431640625 0.0166015625 0.0185546875
0 0.90966796875 0.546875 0.015625 0.0166015625
0 0.9169921875 0.4501953125 0.0146484375 0.015625
0 0.97265625 0.55810546875 0.0185546875 0.01953125
0 0.97021484375 0.3935546875 0.015625 0.0185546875
0 0.8017578125 0.44970703125 0.0146484375 0.017578125
0 0.70068359375 0.77099609375 0.017578125 0.0283203125
0 0.67578125 0.55078125 0.017578125 0.0205078125
0 0.90673828125 0.37841796875 0.0166015625 0.0185546875
0 0.83935546875 0.5361328125 0.0126953125 0.0283203125
0 0.591796875 0.9521484375 0.017578125 0.0380859375
0 0.83740234375 0.5947265625 0.0126953125 0.021484375
0 0.8447265625 0.64306640625 0.017578125 0.0224609375