0 0.9912109375 0.73193359375 0.017578125 0.0361328125
0 0.79052734375 0.80810546875 0.0166015625 0.03125
0 0.85693359375 0.6953125 0.0166015625 0.0341796875
0 0.68017578125 0.76611328125 0.017578125 0.03125
0 0.98583984375 0.5888671875 0.01953125 0.0380859375
0 0.89404296875 0.71240234375 0.01953125 0.033203125
0 0.94287109375 0.76220703125 0.0166015625 0.0341796875
0 0.283203125 0.61279296875 0.0322265625 0.0341796875
0 0.1630859375 0.923828125 0.0263671875 0.0341796875
0 0.3486328125 0.9130859375 0.0224609375 0.0302734375
0 0.5322265625 0.54052734375 0.01953125 0.0361328125
0 0.82275390625 0.3544921875 0.0234375 0.03515625
0 0.43408203125 0.49609375 0.0244140625 0.0400390625
0 0.7744140625 0.89404296875 0.0185546875 0.0400390625
0 0.5869140625 0.61767578125 0.017578125 0.0361328125
0 0.904296875 0.7822265625 0.0185546875 0.0380859375
0 0.4287109375 0.8544921875 0.0234375 0.0361328125
0 0.4931640625 0.75537109375 0.01953125 0.037109375
0 0.7998046875 0.5810546875 0.0244140625 0.037109375
0 0.95263671875 0.68359375 0.01953125 0.03515625
0 0.26513671875 0.71240234375 0.025390625 0.03125
0 0.83056640625 0.666015625 0.0166015625 0.0322265625
0 0.5185546875 0.97607421875 0.0224609375 0.0400390625
0 0.2333984375 0.72021484375 0.0244140625 0.04296875
0 0.732421875 0.88720703125 0.0234375 0.0390625
0 0.91064453125 0.501953125 0.0185546875 0.0361328125
0 0.56591796875 0.458984375 0.0205078125 0.0419921875
0 0.7861328125 0.4208984375 0.0185546875 0.037109375
0 0.9306640625 0.78515625 0.0185546875 0.0380859375
0 0.98974609375 0.4951171875 0.0205078125 0.03125
0 0.66259765625 0.73193359375 0.01953125 0.037109375
0 0.9482421875 0.6240234375 0.0205078125 0.033203125
0 0.9755859375 0.64404296875 0.017578125 0.0341796875
0 0.494140625 0.94091796875 0.0234375 0.0458984375
0 0.703125 0.65380859375 0.01953125 0.037109375
0 0.98876953125 0.77685546875 0.0205078125 0.0322265625
0 0.78125 0.77783203125 0.0205078125 0.0390625
0 0.66796875 0.4365234375 0.0224609375 0.0400390625
0 0.798828125 0.32763671875 0.01953125 0.0390625
0 0.92431640625 0.64111328125 0.0234375 0.03515625
0 0.24169921875 0.6162109375 0.0224609375 0.03125
0 0.671875 0.40478515625 0.01953125 0.0322265625
0 0.8076171875 0.8662109375 0.017578125 0.0400390625
0 0.9638671875 0.8671875 0.021484375 0.0439453125
0 0.86328125 0.81787109375 0.0185546875 0.03125
0 0.931640625 0.8857421875 0.0205078125 0.0361328125
0 0.8017578125 0.681640625 0.0244140625 0.033203125
0 0.66357421875 0.4921875 0.0244140625 0.0478515625
0 0.97607421875 0.5400390625 0.0126953125 0.0263671875
0 0.96630859375 0.5556640625 0.017578125 0.0380859375
0 0.97119140625 0.5458984375 0.015625 0.0341796875