0 0.27978515625 0.44921875 0.0244140625 0.0576171875
0 0.30126953125 0.455078125 0.0234375 0.03173828125
0 0.296875 0.62646484375 0.0625 0.060546875
0 0.13916015625 0.46728515625 0.04345703125 0.048828125
0 0.55224609375 0.3564453125 0.044921875 0.046875
0 0.6865234375 0.5 0.021484375 0.0537109375
0 0.25537109375 0.23095703125 0.0263671875 0.03466796875
0 0.16162109375 0.4140625 0.03076171875 0.05078125
0 0.33056640625 0.47509765625 0.02783203125 0.05419921875
0 0.3662109375 0.42431640625 0.041015625 0.04345703125
0 0.06982421875 0.638671875 0.03662109375 0.04833984375
0 0.4375 0.578125 0.02734375 0.0634765625
0 0.36083984375 0.689453125 0.03466796875 0.080078125
0 0.396484375 0.501953125 0.0205078125 0.06005859375
0 0.248046875 0.1904296875 0.02734375 0.03564453125
0 0.6015625 0.3466796875 0.037109375 0.041015625
0 0.615234375 0.28369140625 0.03369140625 0.0341796875
0 0.298828125 0.3154296875 0.02783203125 0.0400390625
0 0.4765625 0.431640625 0.0390625 0.04443359375
0 0.96044921875 0.42724609375 0.0244140625 0.05419921875
0 0.658203125 0.54052734375 0.02587890625 0.05859375
0 0.41650390625 0.6962890625 0.03857421875 0.076171875
0 0.599609375 0.23046875 0.03369140625 0.04052734375
0 0.1806640625 0.38623046875 0.0234375 0.0478515625
0 0.6962890625 0.390625 0.0166015625 0.04443359375
0 0.55126953125 0.44580078125 0.03662109375 0.04638671875
0 0.42626953125 0.51171875 0.0419921875 0.05029296875
0 0.08251953125 0.5146484375 0.01904296875 0.056640625
0 0.1015625 0.630859375 0.0234375 0.0751953125
0 0.4697265625 0.59228515625 0.04638671875 0.0400390625
0 0.1884765625 0.251953125 0.01513671875 0.041015625
0 0.79541015625 0.25439453125 0.03564453125 0.0400390625
0 0.11181640625 0.28125 0.017578125 0.0400390625
0 0.21630859375 0.568359375 0.021484375 0.0673828125
0 0.634765625 0.33837890625 0.03857421875 0.02001953125
0 0.56298828125 0.310546875 0.01904296875 0.04541015625
0 0.2158203125 0.51025390625 0.025390625 0.05859375
0 0.5625 0.2353515625 0.025390625 0.037109375
0 0.11962890625 0.2978515625 0.01513671875 0.03662109375
0 0.6357421875 0.365234375 0.04248046875 0.0439453125
0 0.1875 0.49658203125 0.01611328125 0.05859375
0 0.60546875 0.26220703125 0.03857421875 0.03857421875
0 0.84326171875 0.677734375 0.03271484375 0.06396484375
0 0.0986328125 0.4609375 0.03759765625 0.02783203125
0 0.6513671875 0.236328125 0.0390625 0.03857421875
0 0.2041015625 0.310546875 0.0166015625 0.0400390625
0 0.7744140625 0.71435546875 0.048828125 0.07958984375
0 0.12890625 0.71044921875 0.04248046875 0.052734375
0 0.11474609375 0.373046875 0.03369140625 0.02490234375
0 0.6923828125 0.458984375 0.0302734375 0.0400390625
0 0.7421875 0.68310546875 0.0400390625 0.06982421875
0 0.23193359375 0.263671875 0.01318359375 0.04052734375
0 0.97412109375 0.4462890625 0.0234375 0.0517578125
0 0.7197265625 0.24609375 0.02099609375 0.037109375
0 0.75439453125 0.34814453125 0.02392578125 0.04931640625
0 0.982421875 0.498046875 0.033203125 0.06005859375
0 0.83642578125 0.4326171875 0.01953125 0.0498046875
0 0.658203125 0.412109375 0.03271484375 0.0234375
0 0.5283203125 0.40966796875 0.02587890625 0.04443359375
0 0.15771484375 0.67529296875 0.04345703125 0.033203125
0 0.56689453125 0.58544921875 0.02392578125 0.0625
0 0.48193359375 0.34814453125 0.0166015625 0.04638671875
0 0.84228515625 0.505859375 0.03857421875 0.06103515625
0 0.5595703125 0.5595703125 0.046875 0.03857421875
0 0.64453125 0.26513671875 0.01904296875 0.04052734375
0 0.07177734375 0.3349609375 0.01416015625 0.046875
0 0.326171875 0.26171875 0.0185546875 0.01953125
0 0.81298828125 0.87109375 0.06591796875 0.0419921875
0 0.9443359375 0.78515625 0.03759765625 0.0390625
0 0.89697265625 0.57958984375 0.025390625 0.0478515625
0 0.0419921875 0.884765625 0.0244140625 0.0947265625
0 0.06005859375 0.42529296875 0.0146484375 0.046875
0 0.39501953125 0.21533203125 0.02880859375 0.03515625
0 0.74365234375 0.572265625 0.03759765625 0.02734375
0 0.2490234375 0.54931640625 0.0263671875 0.033203125
0 0.22607421875 0.21533203125 0.013671875 0.0400390625
0 0.13134765625 0.85205078125 0.02880859375 0.08935546875
0 0.79150390625 0.5478515625 0.02978515625 0.02783203125
0 0.0693359375 0.69091796875 0.0224609375 0.07861328125
0 0.5322265625 0.451171875 0.0244140625 0.0556640625
0 0.69482421875 0.65478515625 0.03955078125 0.07373046875
0 0.03173828125 0.31787109375 0.0185546875 0.015625
0 0.0244140625 0.59375 0.02294921875 0.03369140625
0 0.92822265625 0.60791015625 0.0234375 0.04833984375
0 0.28076171875 0.755859375 0.0205078125 0.06982421875
0 0.3251953125 0.37646484375 0.01904296875 0.0244140625
0 0.60693359375 0.83740234375 0.033203125 0.09765625
0 0.40869140625 0.20703125 0.0166015625 0.05126953125
0 0.791015625 0.466796875 0.0244140625 0.029296875
0 0.10400390625 0.375 0.01318359375 0.01708984375
0 0.00390625 0.46044921875 0.00732421875 0.033203125
0 0.00537109375 0.60693359375 0.0107421875 0.06982421875