0 0.1796875 0.22412109375 0.0224609375 0.01025390625
0 0.24267578125 0.2021484375 0.01123046875 0.01025390625
0 0.2265625 0.20458984375 0.01708984375 0.0107421875
0 0.63671875 0.21875 0.0205078125 0.0107421875
0 0.638671875 0.19873046875 0.017578125 0.0087890625
0 0.41650390625 0.21337890625 0.01904296875 0.0078125
0 0.62744140625 0.18505859375 0.0205078125 0.0078125
0 0.64892578125 0.2265625 0.02294921875 0.0087890625
0 0.48486328125 0.203125 0.01708984375 0.0078125
0 0.2236328125 0.1865234375 0.02197265625 0.0087890625
0 0.25048828125 0.212890625 0.015625 0.0087890625
0 0.07275390625 0.3505859375 0.01708984375 0.0107421875
0 0.01123046875 0.3671875 0.02099609375 0.0087890625
0 0.064453125 0.220703125 0.021484375 0.0107421875
0 0.1455078125 0.18310546875 0.0146484375 0.01171875
0 0.1005859375 0.3369140625 0.02099609375 0.01220703125
0 0.0068359375 0.41455078125 0.013671875 0.0087890625
0 0.275390625 0.23388671875 0.02001953125 0.00927734375
0 0.060546875 0.27490234375 0.01220703125 0.00927734375
0 0.0068359375 0.455078125 0.01318359375 0.009765625
0 0.05419921875 0.37841796875 0.01806640625 0.0087890625
0 0.0107421875 0.24755859375 0.015625 0.00927734375
0 0.04248046875 0.22216796875 0.01611328125 0.01123046875