0 0.8779296875 0.58447265625 0.04296875 0.0625
0 0.7353515625 0.48095703125 0.0380859375 0.0390625
0 0.7060546875 0.8056640625 0.0341796875 0.05078125
0 0.60498046875 0.984375 0.0400390625 0.03125
0 0.91015625 0.59912109375 0.037109375 0.0380859375
0 0.68212890625 0.9970703125 0.0263671875 0.005859375
0 0.8603515625 0.53662109375 0.033203125 0.056640625
0 0.46923828125 0.498046875 0.0419921875 0.0390625
0 0.48828125 0.623046875 0.0263671875 0.0341796875
0 0.83154296875 0.5068359375 0.03515625 0.048828125
0 0.5869140625 0.92431640625 0.0302734375 0.03125
0 0.845703125 0.69091796875 0.0322265625 0.0498046875
0 0.50537109375 0.72607421875 0.0185546875 0.0419921875
0 0.77978515625 0.7919921875 0.0419921875 0.0439453125
0 0.41943359375 0.4873046875 0.0263671875 0.0478515625
0 0.56640625 0.4384765625 0.0390625 0.0419921875
0 0.40869140625 0.9736328125 0.02734375 0.037109375
0 0.54638671875 0.5615234375 0.0322265625 0.0322265625
0 0.66650390625 0.33544921875 0.03515625 0.0400390625
0 0.6142578125 0.35986328125 0.0380859375 0.03515625
0 0.5029296875 0.51904296875 0.0302734375 0.0380859375
0 0.63623046875 0.97607421875 0.0380859375 0.0478515625
0 0.4189453125 0.6748046875 0.0185546875 0.0400390625
0 0.71435546875 0.92333984375 0.0341796875 0.046875
0 0.46826171875 0.60205078125 0.03125 0.0439453125
0 0.50146484375 0.857421875 0.0400390625 0.0439453125
0 0.578125 0.77001953125 0.0390625 0.0390625
0 0.9111328125 0.5673828125 0.0302734375 0.04296875
0 0.53173828125 0.87841796875 0.029296875 0.0419921875
0 0.62255859375 0.88623046875 0.025390625 0.0263671875
0 0.46044921875 0.98681640625 0.0244140625 0.0263671875
0 0.5234375 0.96533203125 0.017578125 0.0478515625
0 0.35009765625 0.86083984375 0.037109375 0.046875
0 0.24853515625 0.96337890625 0.0341796875 0.017578125
0 0.51220703125 0.75048828125 0.021484375 0.0478515625
0 0.71044921875 0.48388671875 0.02734375 0.0302734375
0 0.55224609375 0.61962890625 0.044921875 0.04296875
0 0.43701171875 0.46728515625 0.02734375 0.029296875
0 0.7333984375 0.466796875 0.0234375 0.0361328125
0 0.41259765625 0.7744140625 0.025390625 0.041015625
0 0.70654296875 0.97900390625 0.0283203125 0.02734375
0 0.826171875 0.62158203125 0.0283203125 0.052734375
0 0.72265625 0.8115234375 0.025390625 0.0322265625
0 0.68212890625 0.83154296875 0.0283203125 0.037109375
0 0.49267578125 0.45361328125 0.0283203125 0.0263671875