0 0.115234375 0.32763671875 0.025390625 0.0205078125
0 0.24951171875 0.388671875 0.0166015625 0.0205078125
0 0.42138671875 0.3623046875 0.01904296875 0.02197265625
0 0.4052734375 0.541015625 0.0283203125 0.02197265625
0 0.42626953125 0.15771484375 0.02099609375 0.02099609375
0 0.06689453125 0.22802734375 0.02490234375 0.021484375
0 0.17529296875 0.32861328125 0.01904296875 0.01513671875
0 0.42431640625 0.404296875 0.0263671875 0.02099609375
0 0.11181640625 0.1435546875 0.021484375 0.01904296875
0 0.2509765625 0.4306640625 0.021484375 0.0205078125
0 0.2587890625 0.291015625 0.0263671875 0.021484375
0 0.2041015625 0.458984375 0.021484375 0.0263671875
0 0.47998046875 0.55517578125 0.02978515625 0.02294921875
0 0.49072265625 0.25830078125 0.0205078125 0.0234375
0 0.4970703125 0.45458984375 0.0224609375 0.02734375
0 0.34912109375 0.4794921875 0.0263671875 0.0205078125
0 0.25537109375 0.46630859375 0.021484375 0.02392578125
0 0.26904296875 0.36865234375 0.01806640625 0.01708984375
0 0.52001953125 0.47509765625 0.01953125 0.01953125
0 0.490234375 0.31787109375 0.02490234375 0.02978515625
0 0.3291015625 0.4228515625 0.02685546875 0.0205078125
0 0.28466796875 0.07861328125 0.021484375 0.01953125
0 0.0771484375 0.1455078125 0.01953125 0.01904296875
0 0.16845703125 0.46630859375 0.0234375 0.02392578125
0 0.29443359375 0.306640625 0.02490234375 0.02294921875
0 0.5771484375 0.220703125 0.02294921875 0.02783203125
0 0.4912109375 0.23291015625 0.015625 0.017578125
0 0.171875 0.39404296875 0.02294921875 0.021484375
0 0.36181640625 0.69189453125 0.02880859375 0.0341796875
0 0.67626953125 0.00830078125 0.01904296875 0.01513671875
0 0.41650390625 0.42431640625 0.02197265625 0.01953125
0 0.251953125 0.525390625 0.0146484375 0.01708984375
0 0.009765625 0.42919921875 0.01904296875 0.02294921875
0 0.0703125 0.02197265625 0.02587890625 0.01904296875
0 0.17138671875 0.44775390625 0.01953125 0.0244140625
0 0.56884765625 0.9833984375 0.03125 0.033203125
0 0.53369140625 0.0732421875 0.02294921875 0.01806640625
0 0.59619140625 0.169921875 0.017578125 0.02197265625
0 0.28515625 0.6201171875 0.02392578125 0.02294921875
0 0.59619140625 0.4208984375 0.01513671875 0.01953125