0 0.43359375 0.55322265625 0.013671875 0.013671875
0 0.439453125 0.56201171875 0.0146484375 0.017578125
0 0.67822265625 0.59130859375 0.01171875 0.015625
0 0.59130859375 0.58251953125 0.0126953125 0.0146484375
0 0.6884765625 0.59326171875 0.0107421875 0.013671875
0 0.6064453125 0.57568359375 0.0107421875 0.013671875
0 0.4990234375 0.56298828125 0.01171875 0.013671875
0 0.57470703125 0.58056640625 0.009765625 0.0146484375
0 0.63720703125 0.58056640625 0.0126953125 0.0146484375
0 0.47607421875 0.5595703125 0.0107421875 0.0126953125
0 0.8125 0.6953125 0.013671875 0.0166015625
0 0.828125 0.640625 0.0078125 0.013671875
0 0.83740234375 0.671875 0.013671875 0.017578125
0 0.96435546875 0.67724609375 0.0126953125 0.017578125
0 0.92431640625 0.7587890625 0.015625 0.0185546875
0 0.935546875 0.671875 0.0146484375 0.0166015625
0 0.61669921875 0.583984375 0.01171875 0.013671875
0 0.90478515625 0.7451171875 0.0166015625 0.01953125
0 0.65625 0.63330078125 0.0087890625 0.0166015625
0 0.9140625 0.6728515625 0.015625 0.0185546875
0 0.90283203125 0.72314453125 0.009765625 0.0166015625
0 0.78662109375 0.61279296875 0.0107421875 0.013671875
0 0.73681640625 0.6015625 0.0078125 0.013671875
0 0.80224609375 0.66748046875 0.0078125 0.0146484375
0 0.8984375 0.666015625 0.0126953125 0.015625
0 0.86376953125 0.72900390625 0.017578125 0.01953125
0 0.982421875 0.685546875 0.0078125 0.015625
0 0.923828125 0.66357421875 0.0068359375 0.01171875
0 0.86669921875 0.71435546875 0.0087890625 0.0146484375
0 0.8388671875 0.63232421875 0.009765625 0.015625
0 0.8681640625 0.64697265625 0.0068359375 0.009765625