0 0.283203125 0.15380859375 0.0595703125 0.0546875
0 0.423828125 0.28857421875 0.037109375 0.107421875
0 0.3212890625 0.16552734375 0.03759765625 0.08447265625
0 0.2783203125 0.4677734375 0.0595703125 0.07958984375
0 0.23486328125 0.22998046875 0.03271484375 0.1083984375
0 0.10009765625 0.08984375 0.0400390625 0.09033203125
0 0.33984375 0.275390625 0.0244140625 0.109375
0 0.212890625 0.3525390625 0.04150390625 0.1005859375
0 0.2275390625 0.0419921875 0.0390625 0.083984375
0 0.1708984375 0.0205078125 0.04833984375 0.03955078125
0 0.01904296875 0.53125 0.0380859375 0.09814453125
0 0.7861328125 0.041015625 0.0703125 0.08203125