0 0.4384765625 0.421875 0.03466796875 0.1025390625
0 0.4658203125 0.625 0.03662109375 0.115234375
0 0.2705078125 0.728515625 0.037109375 0.0888671875
0 0.23681640625 0.341796875 0.02197265625 0.07470703125
0 0.404296875 0.0185546875 0.03173828125 0.03515625
0 0.38720703125 0.130859375 0.033203125 0.09521484375
0 0.13134765625 0.0205078125 0.02001953125 0.0400390625
0 0.19140625 0.775390625 0.0390625 0.0537109375
0 0.35791015625 0.35888671875 0.0458984375 0.05908203125
0 0.021484375 0.783203125 0.03857421875 0.068359375
0 0.0234375 0.72802734375 0.03759765625 0.05224609375