0 0.4716796875 0.607421875 0.033203125 0.03369140625
0 0.255859375 0.912109375 0.03857421875 0.02978515625
0 0.21875 0.87548828125 0.03369140625 0.03955078125
0 0.5517578125 0.7421875 0.0205078125 0.0341796875
0 0.7236328125 0.814453125 0.0205078125 0.048828125
0 0.7080078125 0.4140625 0.0263671875 0.02880859375
0 0.8359375 0.9541015625 0.0234375 0.037109375
0 0.84521484375 0.60009765625 0.029296875 0.02880859375
0 0.52978515625 0.75390625 0.03271484375 0.025390625
0 0.537109375 0.84033203125 0.029296875 0.02880859375
0 0.7373046875 0.443359375 0.02197265625 0.037109375
0 0.4482421875 0.8056640625 0.01513671875 0.04736328125
0 0.3857421875 0.84228515625 0.01708984375 0.05029296875
0 0.71142578125 0.47021484375 0.02099609375 0.04541015625
0 0.4970703125 0.81982421875 0.02197265625 0.03466796875
0 0.6943359375 0.880859375 0.02001953125 0.0546875
0 0.0400390625 0.76416015625 0.029296875 0.0341796875
0 0.48046875 0.80224609375 0.0146484375 0.04296875