0 0.98388671875 0.94677734375 0.0263671875 0.02587890625
0 0.5888671875 0.658203125 0.01416015625 0.03076171875
0 0.70947265625 0.55810546875 0.02197265625 0.03466796875
0 0.81494140625 0.4140625 0.03173828125 0.0498046875
0 0.83642578125 0.67041015625 0.01708984375 0.03857421875
0 0.8818359375 0.46142578125 0.02783203125 0.05615234375
0 0.787109375 0.66357421875 0.02197265625 0.0380859375
0 0.9130859375 0.22314453125 0.02392578125 0.0283203125
0 0.751953125 0.9677734375 0.01953125 0.06005859375
0 0.9052734375 0.9130859375 0.02099609375 0.041015625
0 0.96142578125 0.326171875 0.01904296875 0.04443359375
0 0.890625 0.1298828125 0.033203125 0.037109375
0 0.6611328125 0.81591796875 0.013671875 0.05712890625
0 0.599609375 0.16064453125 0.02294921875 0.03564453125
0 0.560546875 0.7822265625 0.0263671875 0.05908203125
0 0.72021484375 0.6484375 0.03076171875 0.04345703125
0 0.76708984375 0.80517578125 0.0166015625 0.03955078125
0 0.81396484375 0.60595703125 0.01416015625 0.0380859375
0 0.71240234375 0.279296875 0.0166015625 0.01953125
0 0.85400390625 0.09423828125 0.033203125 0.0390625
0 0.81396484375 0.11328125 0.01416015625 0.03369140625
0 0.74755859375 0.126953125 0.02734375 0.03662109375
0 0.69091796875 0.4296875 0.0234375 0.05078125
0 0.72216796875 0.9599609375 0.02685546875 0.05859375
0 0.7041015625 0.1962890625 0.013671875 0.04150390625
0 0.97119140625 0.2060546875 0.0244140625 0.03466796875
0 0.6611328125 0.724609375 0.025390625 0.04638671875
0 0.69189453125 0.9765625 0.02392578125 0.0458984375
0 0.7421875 0.1611328125 0.021484375 0.0556640625
0 0.63720703125 0.58154296875 0.01953125 0.03076171875
0 0.77978515625 0.1279296875 0.02001953125 0.03857421875
0 0.58251953125 0.6015625 0.0166015625 0.04052734375
0 0.6748046875 0.54931640625 0.01513671875 0.03759765625
0 0.63525390625 0.67529296875 0.0185546875 0.0400390625
0 0.80419921875 0.21435546875 0.01171875 0.03759765625
0 0.80419921875 0.14208984375 0.01708984375 0.04931640625
0 0.591796875 0.7216796875 0.0107421875 0.03466796875
0 0.9755859375 0.87158203125 0.0185546875 0.0302734375
0 0.91064453125 0.0537109375 0.02197265625 0.0400390625
0 0.6083984375 0.775390625 0.01123046875 0.0380859375
0 0.6357421875 0.53857421875 0.0224609375 0.02880859375
0 0.88525390625 0.26025390625 0.02099609375 0.03662109375
0 0.8125 0.24267578125 0.01513671875 0.01953125
0 0.9873046875 0.91357421875 0.02392578125 0.02490234375
0 0.994140625 0.8837890625 0.01171875 0.02734375
0 0.81884765625 0.0849609375 0.01953125 0.03515625