0 0.2275390625 0.81494140625 0.021484375 0.025390625
0 0.791015625 0.29638671875 0.0166015625 0.01953125
0 0.46728515625 0.85693359375 0.0205078125 0.0341796875
0 0.45263671875 0.69775390625 0.0185546875 0.029296875
0 0.84375 0.33837890625 0.015625 0.0234375
0 0.31494140625 0.80078125 0.0166015625 0.029296875
0 0.23388671875 0.78515625 0.0224609375 0.02734375
0 0.40771484375 0.91650390625 0.021484375 0.0380859375
0 0.4619140625 0.60546875 0.0166015625 0.029296875
0 0.390625 0.59814453125 0.0166015625 0.0263671875
0 0.287109375 0.5810546875 0.0205078125 0.0302734375
0 0.29638671875 0.88671875 0.0166015625 0.0400390625
0 0.66162109375 0.7255859375 0.0185546875 0.0341796875
0 0.341796875 0.49560546875 0.021484375 0.021484375
0 0.4453125 0.98291015625 0.015625 0.0341796875
0 0.57470703125 0.8662109375 0.0185546875 0.0283203125
0 0.49853515625 0.5341796875 0.029296875 0.0537109375
0 0.4150390625 0.994140625 0.017578125 0.01171875
0 0.45361328125 0.56787109375 0.017578125 0.0302734375
0 0.2978515625 0.58447265625 0.0224609375 0.0263671875
0 0.96630859375 0.27734375 0.017578125 0.0234375
0 0.91845703125 0.5712890625 0.0146484375 0.029296875
0 0.48291015625 0.60205078125 0.0166015625 0.0341796875
0 0.728515625 0.87353515625 0.0205078125 0.029296875
0 0.646484375 0.3525390625 0.015625 0.0224609375
0 0.71142578125 0.35986328125 0.0146484375 0.0283203125
0 0.69580078125 0.3955078125 0.0166015625 0.02734375
0 0.62646484375 0.36474609375 0.021484375 0.0478515625
0 0.810546875 0.78759765625 0.0302734375 0.0556640625
0 0.66552734375 0.49267578125 0.015625 0.0263671875
0 0.5244140625 0.53125 0.0146484375 0.033203125
0 0.96533203125 0.40185546875 0.017578125 0.0244140625
0 0.740234375 0.59619140625 0.013671875 0.029296875
0 0.326171875 0.482421875 0.01171875 0.029296875
0 0.63916015625 0.86669921875 0.017578125 0.0380859375
0 0.7646484375 0.5361328125 0.0400390625 0.0517578125
0 0.67724609375 0.38330078125 0.0146484375 0.0283203125
0 0.70361328125 0.5693359375 0.015625 0.0302734375
0 0.51708984375 0.8076171875 0.0166015625 0.0380859375
0 0.6357421875 0.73388671875 0.013671875 0.0322265625
0 0.4931640625 0.40966796875 0.0107421875 0.0283203125
0 0.8046875 0.45263671875 0.013671875 0.029296875
0 0.662109375 0.46337890625 0.017578125 0.03125
0 0.98095703125 0.3955078125 0.0224609375 0.0361328125
0 0.66357421875 0.52783203125 0.013671875 0.03125
0 0.818359375 0.79931640625 0.0166015625 0.0341796875
0 0.87890625 0.3583984375 0.01171875 0.0302734375
0 0.93603515625 0.5771484375 0.015625 0.0322265625
0 0.5986328125 0.4716796875 0.01171875 0.033203125
0 0.9443359375 0.78564453125 0.013671875 0.03125
0 0.68115234375 0.87890625 0.0166015625 0.037109375
0 0.80615234375 0.330078125 0.01171875 0.0283203125
0 0.96142578125 0.42529296875 0.015625 0.029296875
0 0.533203125 0.94580078125 0.0146484375 0.0400390625
0 0.7763671875 0.94580078125 0.0126953125 0.0283203125
0 0.51025390625 0.77392578125 0.0126953125 0.0361328125
0 0.68505859375 0.451171875 0.01171875 0.029296875
0 0.7451171875 0.58349609375 0.01171875 0.03125
0 0.88037109375 0.6376953125 0.0166015625 0.0283203125
0 0.60595703125 0.86572265625 0.013671875 0.037109375
0 0.87158203125 0.60791015625 0.0126953125 0.03125
0 0.8134765625 0.5625 0.0126953125 0.0322265625
0 0.99462890625 0.478515625 0.0107421875 0.029296875
0 0.9658203125 0.52294921875 0.017578125 0.0302734375
0 0.93017578125 0.48876953125 0.03125 0.052734375
0 0.908203125 0.7060546875 0.0185546875 0.0322265625
0 0.79541015625 0.65673828125 0.013671875 0.0263671875
0 0.919921875 0.6142578125 0.01953125 0.029296875
0 0.77294921875 0.52685546875 0.0166015625 0.0322265625
0 0.99658203125 0.8935546875 0.0068359375 0.03125
0 0.9404296875 0.55419921875 0.0126953125 0.0341796875
0 0.84912109375 0.41748046875 0.01171875 0.03125
0 0.84033203125 0.693359375 0.01171875 0.0341796875
0 0.90185546875 0.490234375 0.01171875 0.0302734375
0 0.974609375 0.7470703125 0.01953125 0.033203125
0 0.947265625 0.81396484375 0.013671875 0.0341796875
0 0.88330078125 0.81884765625 0.0126953125 0.0361328125
0 0.79345703125 0.55322265625 0.0107421875 0.0244140625
0 0.97607421875 0.810546875 0.0166015625 0.0341796875
0 0.87939453125 0.6982421875 0.017578125 0.0341796875
0 0.923828125 0.8173828125 0.01953125 0.03515625
0 0.998046875 0.81396484375 0.00390625 0.0341796875
0 0.9375 0.498046875 0.0166015625 0.0283203125
0 0.94482421875 0.84423828125 0.021484375 0.037109375
0 0.88916015625 0.58837890625 0.0146484375 0.0263671875
0 0.70458984375 0.68212890625 0.013671875 0.0341796875
0 0.35498046875 0.67431640625 0.0146484375 0.0302734375
0 0.96923828125 0.857421875 0.01953125 0.03125
0 0.9912109375 0.71435546875 0.0146484375 0.0361328125
0 0.95849609375 0.57470703125 0.0146484375 0.033203125
0 0.96630859375 0.77978515625 0.017578125 0.033203125
0 0.498046875 0.3720703125 0.0068359375 0.0146484375
0 0.1435546875 0.69775390625 0.0185546875 0.0283203125
0 0.9326171875 0.47705078125 0.0126953125 0.0322265625
0 0.7763671875 0.70166015625 0.02734375 0.04296875
0 0.91259765625 0.8505859375 0.021484375 0.0478515625
0 0.84619140625 0.5966796875 0.021484375 0.056640625
0 0.861328125 0.60205078125 0.013671875 0.0322265625
0 0.79150390625 0.72119140625 0.0166015625 0.033203125
0 0.923828125 0.88427734375 0.0126953125 0.0322265625
0 0.9853515625 0.392578125 0.0126953125 0.0302734375
0 0.16552734375 0.5048828125 0.013671875 0.0263671875
0 0.90185546875 0.5537109375 0.0234375 0.046875
0 0.89306640625 0.51611328125 0.03125 0.033203125