0 0.21142578125 0.6494140625 0.01513671875 0.04443359375
0 0.88525390625 0.966796875 0.01513671875 0.03564453125
0 0.369140625 0.26806640625 0.01611328125 0.03369140625
0 0.3349609375 0.41796875 0.013671875 0.04541015625
0 0.4833984375 0.74267578125 0.017578125 0.02294921875
0 0.3603515625 0.22607421875 0.01953125 0.02783203125
0 0.400390625 0.3544921875 0.01318359375 0.02001953125
0 0.26953125 0.3642578125 0.01611328125 0.03515625
0 0.23193359375 0.41552734375 0.02099609375 0.037109375
0 0.8359375 0.806640625 0.01904296875 0.029296875
0 0.349609375 0.53759765625 0.013671875 0.04296875
0 0.88427734375 0.39599609375 0.0224609375 0.04248046875
0 0.5703125 0.2626953125 0.015625 0.0283203125
0 0.283203125 0.4091796875 0.01416015625 0.02978515625
0 0.7001953125 0.1630859375 0.01416015625 0.02783203125
0 0.921875 0.3330078125 0.01806640625 0.03759765625
0 0.224609375 0.3583984375 0.01953125 0.02880859375
0 0.25244140625 0.62890625 0.01171875 0.03515625
0 0.2646484375 0.498046875 0.01416015625 0.03857421875
0 0.39599609375 0.7041015625 0.01904296875 0.02099609375
0 0.9404296875 0.3779296875 0.01611328125 0.04052734375
0 0.4306640625 0.529296875 0.01708984375 0.0302734375
0 0.5302734375 0.33837890625 0.01904296875 0.03125
0 0.32861328125 0.5478515625 0.013671875 0.033203125
0 0.529296875 0.21533203125 0.01318359375 0.03173828125
0 0.296875 0.47412109375 0.01171875 0.03369140625
0 0.76220703125 0.27294921875 0.017578125 0.03125
0 0.4658203125 0.96337890625 0.02099609375 0.02880859375
0 0.86474609375 0.56787109375 0.01416015625 0.037109375
0 0.63623046875 0.3408203125 0.01318359375 0.0458984375
0 0.6259765625 0.30615234375 0.01025390625 0.0283203125
0 0.984375 0.755859375 0.02197265625 0.03125
0 0.912109375 0.470703125 0.0146484375 0.0390625
0 0.625 0.71826171875 0.01611328125 0.03515625
0 0.94921875 0.5791015625 0.0205078125 0.02880859375
0 0.3330078125 0.74755859375 0.01611328125 0.03076171875
0 0.90625 0.4365234375 0.01416015625 0.0322265625
0 0.47021484375 0.46826171875 0.01513671875 0.02490234375
0 0.75 0.3486328125 0.0166015625 0.0341796875
0 0.75439453125 0.44921875 0.017578125 0.0390625
0 0.57373046875 0.5419921875 0.01416015625 0.03466796875
0 0.56884765625 0.61962890625 0.013671875 0.0302734375
0 0.6279296875 0.6796875 0.013671875 0.029296875
0 0.212890625 0.5 0.01953125 0.0390625
0 0.423828125 0.64599609375 0.0107421875 0.03076171875
0 0.85498046875 0.9140625 0.01904296875 0.0439453125
0 0.9775390625 0.6982421875 0.01953125 0.03271484375
0 0.80615234375 0.84765625 0.013671875 0.029296875
0 0.37939453125 0.5244140625 0.0146484375 0.0380859375
0 0.22265625 0.72314453125 0.015625 0.03076171875
0 0.51904296875 0.40478515625 0.01318359375 0.03857421875
0 0.912109375 0.84912109375 0.015625 0.02880859375
0 0.9599609375 0.93408203125 0.01513671875 0.033203125
0 0.271484375 0.958984375 0.01953125 0.03271484375
0 0.95556640625 0.89501953125 0.02001953125 0.03271484375
0 0.5009765625 0.60498046875 0.0185546875 0.025390625
0 0.70654296875 0.458984375 0.01220703125 0.03271484375
0 0.732421875 0.2958984375 0.01953125 0.02734375
0 0.482421875 0.3974609375 0.01318359375 0.02490234375
0 0.3798828125 0.72802734375 0.02001953125 0.0302734375
0 0.24853515625 0.8671875 0.01904296875 0.0322265625
0 0.859375 0.76806640625 0.015625 0.033203125
0 0.509765625 0.4619140625 0.009765625 0.03076171875
0 0.33251953125 0.34521484375 0.01025390625 0.0244140625
0 0.6328125 0.26708984375 0.01171875 0.03271484375
0 0.4443359375 0.6083984375 0.01220703125 0.02734375
0 0.6220703125 0.435546875 0.01318359375 0.0400390625
0 0.3359375 0.32861328125 0.009765625 0.02880859375
0 0.5693359375 0.97314453125 0.0244140625 0.029296875
0 0.60986328125 0.94189453125 0.01611328125 0.04248046875
0 0.22509765625 0.501953125 0.015625 0.0380859375
0 0.55224609375 0.46826171875 0.02001953125 0.03369140625
0 0.87353515625 0.830078125 0.017578125 0.04052734375
0 0.4560546875 0.67626953125 0.02197265625 0.02880859375
0 0.5634765625 0.81884765625 0.02099609375 0.03076171875
0 0.4619140625 0.26318359375 0.0166015625 0.0263671875
0 0.74072265625 0.59375 0.01220703125 0.041015625
0 0.505859375 0.548828125 0.01171875 0.03125
0 0.5419921875 0.810546875 0.01953125 0.02978515625
0 0.779296875 0.78076171875 0.017578125 0.029296875
0 0.5673828125 0.45361328125 0.01318359375 0.02294921875
0 0.7236328125 0.84033203125 0.01416015625 0.04638671875
0 0.55712890625 0.79296875 0.02001953125 0.02978515625
0 0.658203125 0.91650390625 0.01904296875 0.04150390625
0 0.580078125 0.80126953125 0.0146484375 0.03955078125
0 0.36083984375 0.79638671875 0.015625 0.0185546875
0 0.68505859375 0.576171875 0.0166015625 0.03955078125
0 0.59716796875 0.56201171875 0.01806640625 0.0498046875
0 0.697265625 0.44287109375 0.017578125 0.04296875
0 0.65673828125 0.30322265625 0.015625 0.0341796875
0 0.82470703125 0.9599609375 0.01953125 0.0341796875
0 0.73828125 0.7841796875 0.0185546875 0.03076171875
0 0.99658203125 0.96533203125 0.0068359375 0.03076171875
0 0.208984375 0.8564453125 0.00927734375 0.01806640625
0 0.705078125 0.61669921875 0.0166015625 0.0390625
0 0.77197265625 0.7734375 0.01708984375 0.029296875
0 0.62939453125 0.486328125 0.01708984375 0.02880859375
0 0.7783203125 0.89599609375 0.02001953125 0.04443359375
0 0.552734375 0.5400390625 0.0166015625 0.02685546875
0 0.498046875 0.8583984375 0.01025390625 0.02685546875
0 0.75 0.75634765625 0.0166015625 0.033203125
0 0.5791015625 0.37841796875 0.0126953125 0.0263671875
0 0.3828125 0.84033203125 0.0205078125 0.02001953125
0 0.2744140625 0.90380859375 0.02001953125 0.041015625
0 0.3798828125 0.5048828125 0.01513671875 0.02734375
0 0.63818359375 0.994140625 0.01318359375 0.01123046875
0 0.72705078125 0.5732421875 0.01123046875 0.041015625
0 0.72265625 0.634765625 0.01611328125 0.01806640625
0 0.5029296875 0.56396484375 0.01025390625 0.0400390625
0 0.998046875 0.673828125 0.00390625 0.02294921875
0 0.38232421875 0.82861328125 0.01806640625 0.02294921875
0 0.2607421875 0.9384765625 0.0185546875 0.0341796875
0 0.57763671875 0.81982421875 0.01220703125 0.03125
0 0.759765625 0.71337890625 0.01513671875 0.02978515625