0 0.6865234375 0.31689453125 0.06005859375 0.25927734375
0 0.07861328125 0.07958984375 0.05517578125 0.15869140625
0 0.5283203125 0.1083984375 0.068359375 0.21240234375
0 0.04150390625 0.318359375 0.08154296875 0.21875
0 0.27734375 0.5068359375 0.12060546875 0.24365234375
0 0.103515625 0.4404296875 0.09814453125 0.24560546875
0 0.20263671875 0.07568359375 0.0908203125 0.1513671875
0 0.57958984375 0.47998046875 0.0751953125 0.22265625
0 0.7568359375 0.97119140625 0.16162109375 0.0546875
0 0.041015625 0.66796875 0.08154296875 0.17919921875
0 0.4736328125 0.634765625 0.17919921875 0.15771484375
0 0.3818359375 0.30615234375 0.1474609375 0.14013671875
0 0.0751953125 0.953125 0.1474609375 0.09326171875
0 0.90625 0.771484375 0.18115234375 0.10595703125
0 0.49560546875 0.943359375 0.1455078125 0.107421875
0 0.138671875 0.52978515625 0.0615234375 0.26806640625
0 0.90966796875 0.07568359375 0.09521484375 0.15087890625
0 0.12158203125 0.2890625 0.1201171875 0.1728515625
0 0.2058531748046875 0.07407407421875 0.1398809521484375 0.073192240234375 0.04265873046875 0.25396825390625 0.076388888671875 0.307760140625 0.2058531748046875 0.07407407421875