0 0.89990234375 0.8603515625 0.0302734375 0.03369140625
0 0.94921875 0.9208984375 0.03857421875 0.04345703125
0 0.98388671875 0.78662109375 0.0224609375 0.029296875
0 0.61181640625 0.75341796875 0.02099609375 0.02734375
0 0.65673828125 0.865234375 0.029296875 0.0341796875
0 0.6708984375 0.8486328125 0.02734375 0.02978515625
0 0.74951171875 0.84375 0.0322265625 0.03173828125
0 0.7529296875 0.716796875 0.0166015625 0.01953125
0 0.98046875 0.90966796875 0.03173828125 0.0419921875
0 0.91259765625 0.93310546875 0.0390625 0.0439453125
0 0.78076171875 0.8896484375 0.0205078125 0.0341796875
0 0.87109375 0.86376953125 0.02587890625 0.01806640625
0 0.54150390625 0.92724609375 0.0302734375 0.0439453125
0 0.9892578125 0.71533203125 0.021484375 0.02001953125
0 0.70751953125 0.9599609375 0.03515625 0.04248046875
0 0.4287109375 0.94287109375 0.02587890625 0.03515625
0 0.9375 0.73974609375 0.0185546875 0.02197265625
0 0.74267578125 0.89306640625 0.02587890625 0.03857421875
0 0.7724609375 0.67236328125 0.02001953125 0.01904296875
0 0.8330078125 0.70947265625 0.02099609375 0.021484375
0 0.2109375 0.97900390625 0.044921875 0.037109375
0 0.75439453125 0.94189453125 0.0263671875 0.041015625
0 0.3134765625 0.984375 0.05029296875 0.02783203125
0 0.66015625 0.677734375 0.01171875 0.01611328125
0 0.912109375 0.623046875 0.013671875 0.01416015625
0 0.72607421875 0.7919921875 0.021484375 0.02880859375
0 0.81005859375 0.87451171875 0.015625 0.03857421875
0 0.82861328125 0.75 0.02392578125 0.0244140625
0 0.52197265625 0.9912109375 0.0302734375 0.01708984375
0 0.7822265625 0.64794921875 0.015625 0.01708984375
0 0.55712890625 0.7607421875 0.009765625 0.01953125
0 0.94091796875 0.6611328125 0.01806640625 0.0185546875
0 0.7294921875 0.64306640625 0.01416015625 0.017578125
0 0.892578125 0.76904296875 0.0283203125 0.02880859375
0 0.95166015625 0.67529296875 0.02197265625 0.02001953125
0 0.73974609375 0.80224609375 0.021484375 0.025390625
0 0.857421875 0.650390625 0.00830078125 0.00927734375
0 0.96240234375 0.978515625 0.02197265625 0.041015625
0 0.56982421875 0.73046875 0.009765625 0.021484375
0 0.81591796875 0.7451171875 0.0166015625 0.0244140625
0 0.97998046875 0.61572265625 0.01318359375 0.01611328125
0 0.8408203125 0.654296875 0.01025390625 0.00732421875
0 0.8125 0.71630859375 0.0185546875 0.017578125
0 0.99462890625 0.6552734375 0.0107421875 0.01953125
0 0.98193359375 0.67138671875 0.01171875 0.01904296875
0 0.65869140625 0.7275390625 0.0234375 0.01904296875
0 0.85693359375 0.99462890625 0.02197265625 0.00927734375
0 0.96240234375 0.65673828125 0.01025390625 0.01611328125
0 0.57666015625 0.66162109375 0.01513671875 0.01953125
0 0.9736328125 0.6337890625 0.01171875 0.015625
0 0.9892578125 0.63916015625 0.017578125 0.01708984375
0 0.78466796875 0.6357421875 0.01416015625 0.01513671875
0 0.7978515625 0.62890625 0.01123046875 0.01416015625
0 0.7685546875 0.7099609375 0.01025390625 0.0126953125
0 0.9580078125 0.62890625 0.00830078125 0.01611328125
0 0.79638671875 0.712890625 0.00927734375 0.02001953125
0 0.99560546875 0.63671875 0.0087890625 0.01708984375
0 0.58935546875 0.66357421875 0.017578125 0.01953125
0 0.93408203125 0.6259765625 0.009765625 0.0166015625
0 0.80224609375 0.71728515625 0.01611328125 0.0185546875
0 0.99609375 0.798828125 0.0078125 0.02734375
0 0.650390625 0.7265625 0.01025390625 0.01416015625
0 0.78857421875 0.64013671875 0.03125 0.03173828125
0 0.994140625 0.712890625 0.01171875 0.015625
0 0.9453125 0.62890625 0.0087890625 0.01513671875
0 0.970703125 0.6591796875 0.01708984375 0.0146484375