0 0.9384765625 0.41796875 0.0126953125 0.0322265625
0 0.83447265625 0.79833984375 0.01318359375 0.03515625
0 0.8837890625 0.66162109375 0.01513671875 0.02978515625
0 0.83642578125 0.43505859375 0.0185546875 0.021484375
0 0.66943359375 0.73291015625 0.01513671875 0.03662109375
0 0.9794921875 0.41357421875 0.01806640625 0.02685546875
0 0.96435546875 0.55419921875 0.0166015625 0.03759765625
0 0.982421875 0.48193359375 0.02001953125 0.02978515625
0 0.80322265625 0.837890625 0.0205078125 0.029296875
0 0.8427734375 0.92529296875 0.013671875 0.03076171875
0 0.83935546875 0.7607421875 0.01416015625 0.02734375
0 0.80419921875 0.4716796875 0.01171875 0.02099609375
0 0.90673828125 0.80615234375 0.0107421875 0.02587890625
0 0.7451171875 0.94775390625 0.0107421875 0.03759765625
0 0.876953125 0.83203125 0.01513671875 0.03173828125
0 0.869140625 0.76513671875 0.01806640625 0.03662109375
0 0.8759765625 0.54541015625 0.01513671875 0.02392578125
0 0.921875 0.966796875 0.01318359375 0.0361328125
0 0.98388671875 0.8388671875 0.01318359375 0.0400390625
0 0.86865234375 0.9052734375 0.01513671875 0.02392578125
0 0.94775390625 0.822265625 0.01416015625 0.0302734375
0 0.9638671875 0.880859375 0.0166015625 0.0302734375
0 0.888671875 0.5712890625 0.01123046875 0.02587890625
0 0.90087890625 0.86474609375 0.01953125 0.0263671875
0 0.9140625 0.90185546875 0.0146484375 0.03125
0 0.7802734375 0.90380859375 0.013671875 0.037109375
0 0.88232421875 0.88818359375 0.01806640625 0.02490234375
0 0.94921875 0.92529296875 0.01708984375 0.02734375
0 0.77197265625 0.98876953125 0.01416015625 0.0224609375
0 0.78662109375 0.94873046875 0.01611328125 0.0390625
0 0.99658203125 0.9775390625 0.0068359375 0.03662109375
0 0.7880859375 0.9912109375 0.01416015625 0.01708984375
0 0.93505859375 0.9228515625 0.02197265625 0.02734375
0 0.998046875 0.671875 0.00341796875 0.01953125
0 0.73046875 0.99560546875 0.0068359375 0.0087890625
0 0.435546875 0.68603515625 0.03955078125 0.04638671875
0 0.39599609375 0.95947265625 0.02783203125 0.04638671875