0 0.20751953125 0.31396484375 0.033203125 0.0625
0 0.1689453125 0.30078125 0.03125 0.078125
0 0.45263671875 0.50537109375 0.029296875 0.09375
0 0.33740234375 0.75927734375 0.0322265625 0.0849609375
0 0.17041015625 0.41015625 0.0322265625 0.09765625
0 0.01904296875 0.54931640625 0.033203125 0.0888671875
0 0.01708984375 0.36474609375 0.0283203125 0.0859375
0 0.09033203125 0.2783203125 0.0234375 0.078125
0 0.39306640625 0.67041015625 0.0263671875 0.0732421875
0 0.11767578125 0.2763671875 0.0302734375 0.0869140625
0 0.4482421875 0.859375 0.0234375 0.0732421875
0 0.2939453125 0.69091796875 0.03125 0.08984375
0 0.26953125 0.51513671875 0.0361328125 0.08203125
0 0.2431640625 0.36865234375 0.029296875 0.0927734375
0 0.27685546875 0.427734375 0.0341796875 0.0830078125
0 0.0283203125 0.419921875 0.0283203125 0.0869140625