0 0.171875 0.59130859375 0.0361328125 0.03955078125
0 0.3125 0.7900390625 0.03466796875 0.05517578125
0 0.4853515625 0.474609375 0.02783203125 0.04345703125
0 0.1806640625 0.634765625 0.0361328125 0.03662109375
0 0.28564453125 0.7734375 0.02490234375 0.04541015625
0 0.359375 0.6513671875 0.0244140625 0.0458984375
0 0.12060546875 0.6083984375 0.0244140625 0.04541015625
0 0.26904296875 0.68701171875 0.029296875 0.05078125
0 0.01220703125 0.27392578125 0.0244140625 0.06591796875
0 0.400390625 0.51513671875 0.02490234375 0.05029296875
0 0.17724609375 0.2099609375 0.0361328125 0.033203125
0 0.1923828125 0.732421875 0.03076171875 0.04541015625
0 0.03955078125 0.359375 0.02587890625 0.0439453125
0 0.30029296875 0.4736328125 0.03515625 0.044921875
0 0.2880859375 0.716796875 0.0205078125 0.06494140625
0 0.0087890625 0.48388671875 0.017578125 0.04638671875