0 0.1015625 0.2470703125 0.0107421875 0.0224609375
0 0.17041015625 0.2900390625 0.0166015625 0.0283203125
0 0.31494140625 0.26904296875 0.0166015625 0.0224609375
0 0.2880859375 0.26953125 0.015625 0.0234375
0 0.14404296875 0.28515625 0.0224609375 0.02734375
0 0.14111328125 0.26318359375 0.0107421875 0.0234375
0 0.390625 0.29248046875 0.025390625 0.0302734375
0 0.1162109375 0.25927734375 0.017578125 0.0224609375
0 0.0458984375 0.43798828125 0.015625 0.03515625
0 0.3798828125 0.271484375 0.0205078125 0.0244140625
0 0.05908203125 0.25 0.01953125 0.0302734375