0 0.486328125 0.89453125 0.03515625 0.044921875
0 0.06591796875 0.84619140625 0.0263671875 0.0302734375
0 0.11572265625 0.9541015625 0.041015625 0.0458984375
0 0.15185546875 0.896484375 0.033203125 0.0361328125
0 0.50732421875 0.95458984375 0.0380859375 0.0439453125
0 0.376953125 0.86083984375 0.0341796875 0.03515625
0 0.78125 0.892578125 0.05078125 0.0517578125
0 0.24951171875 0.70849609375 0.021484375 0.0205078125
0 0.2890625 0.8583984375 0.03515625 0.03515625
0 0.33203125 0.94921875 0.0361328125 0.04296875
0 0.17919921875 0.89404296875 0.025390625 0.01953125
0 0.3046875 0.81005859375 0.0263671875 0.03125
0 0.109375 0.68701171875 0.015625 0.0166015625
0 0.2607421875 0.9033203125 0.0302734375 0.03515625
0 0.1494140625 0.95751953125 0.041015625 0.0439453125
0 0.361328125 0.85009765625 0.029296875 0.03125
0 0.1474609375 0.814453125 0.03125 0.0322265625
0 0.19677734375 0.75390625 0.0224609375 0.0224609375
0 0.2724609375 0.748046875 0.0185546875 0.01953125
0 0.29736328125 0.89697265625 0.03125 0.0380859375
0 0.693359375 0.91552734375 0.0498046875 0.048828125
0 0.40869140625 0.75732421875 0.0234375 0.0283203125
0 0.1025390625 0.79833984375 0.0224609375 0.0234375
0 0.29345703125 0.94091796875 0.03125 0.0400390625
0 0.05224609375 0.78515625 0.021484375 0.021484375
0 0.505859375 0.9775390625 0.048828125 0.044921875
0 0.20458984375 0.78857421875 0.02734375 0.0263671875
0 0.587890625 0.89013671875 0.02734375 0.037109375
0 0.080078125 0.7421875 0.025390625 0.0234375
0 0.28662109375 0.6748046875 0.0185546875 0.0185546875
0 0.35595703125 0.6962890625 0.0126953125 0.0166015625
0 0.10791015625 0.99169921875 0.0302734375 0.0166015625
0 0.08349609375 0.94970703125 0.0283203125 0.0341796875
0 0.2353515625 0.89404296875 0.01953125 0.037109375
0 0.28662109375 0.822265625 0.025390625 0.02734375
0 0.4599609375 0.75390625 0.0126953125 0.021484375
0 0.4453125 0.73046875 0.0166015625 0.0244140625
0 0.28271484375 0.9921875 0.0458984375 0.015625
0 0.08837890625 0.72802734375 0.0205078125 0.021484375
0 0.3623046875 0.7421875 0.025390625 0.021484375
0 0.04443359375 0.69189453125 0.0166015625 0.0185546875
0 0.205078125 0.99560546875 0.02734375 0.0087890625
0 0.05126953125 0.7431640625 0.015625 0.0205078125
0 0.16552734375 0.70361328125 0.009765625 0.0107421875
0 0.21728515625 0.78271484375 0.01953125 0.0244140625
0 0.23486328125 0.68212890625 0.0185546875 0.0244140625
0 0.21728515625 0.75634765625 0.021484375 0.01953125
0 0.181640625 0.705078125 0.01171875 0.0087890625
0 0.078125 0.69580078125 0.0126953125 0.0126953125
0 0.06689453125 0.7265625 0.0126953125 0.0166015625
0 0.05126953125 0.70703125 0.0146484375 0.017578125
0 0.796875 0.94140625 0.0244140625 0.029296875
0 0.2197265625 0.673828125 0.0126953125 0.015625
0 0.037109375 0.73046875 0.0107421875 0.01953125
0 0.0908203125 0.69384765625 0.0078125 0.0166015625
0 0.25732421875 0.74462890625 0.0107421875 0.01171875
0 0.23193359375 0.75 0.0087890625 0.0166015625
0 0.03466796875 0.7138671875 0.0107421875 0.017578125
0 0.06689453125 0.701171875 0.0087890625 0.015625
0 0.04736328125 0.78515625 0.0126953125 0.01953125
0 0.4345703125 0.6669921875 0.013671875 0.0205078125