0 0.11083984375 0.08837890625 0.0703125 0.087890625
0 0.505859375 0.4228515625 0.09375 0.0732421875
0 0.5322265625 0.47314453125 0.1103515625 0.1015625
0 0.21044921875 0.05419921875 0.060546875 0.05859375
0 0.046875 0.1171875 0.0595703125 0.064453125
0 0.8095703125 0.01904296875 0.07421875 0.0380859375
0 0.4912109375 0.03759765625 0.06640625 0.0625
0 0.16943359375 0.28369140625 0.0595703125 0.08984375
0 0.92333984375 0.03125 0.0830078125 0.0625
0 0.482421875 0.32080078125 0.087890625 0.0830078125
0 0.56494140625 0.40478515625 0.0927734375 0.123046875
0 0.86865234375 0.009765625 0.0693359375 0.01953125
0 0.123046875 0.13330078125 0.05859375 0.0615234375
0 0.6591796875 0.45263671875 0.109375 0.11328125
0 0.36083984375 0.4013671875 0.107421875 0.111328125
0 0.79248046875 0.05126953125 0.064453125 0.0625
0 0.93798828125 0.19384765625 0.0869140625 0.0830078125
0 0.19970703125 0.240234375 0.05078125 0.048828125
0 0.2431640625 0.08056640625 0.05078125 0.0341796875
0 0.439453125 0.06396484375 0.0390625 0.04296875
0 0.533203125 0.08447265625 0.056640625 0.056640625
0 0.822265625 0.35986328125 0.0751953125 0.09765625
0 0.96044921875 0.09912109375 0.03125 0.0830078125
0 0.142578125 0.97265625 0.087890625 0.0546875
0 0.32177734375 0.85986328125 0.0947265625 0.126953125
0 0.39111328125 0.8779296875 0.12109375 0.1357421875
0 0.517578125 0.97412109375 0.08203125 0.0517578125