0 0.5400390625 0.72705078125 0.03955078125 0.07177734375
0 0.08251953125 0.39013671875 0.0234375 0.048828125
0 0.09765625 0.763671875 0.03564453125 0.06591796875
0 0.01318359375 0.51123046875 0.02587890625 0.0546875
0 0.1982421875 0.45166015625 0.021484375 0.05126953125
0 0.068359375 0.36474609375 0.0302734375 0.0439453125
0 0.56884765625 0.44970703125 0.0263671875 0.04345703125
0 0.54638671875 0.62548828125 0.03857421875 0.0537109375
0 0.2431640625 0.4560546875 0.0185546875 0.052734375
0 0.4765625 0.72412109375 0.0361328125 0.07373046875
0 0.3046875 0.50048828125 0.0234375 0.05517578125
0 0.7490234375 0.39453125 0.0283203125 0.03076171875
0 0.2294921875 0.39794921875 0.0322265625 0.05126953125
0 0.498046875 0.4736328125 0.0302734375 0.03955078125
0 0.46484375 0.24951171875 0.013671875 0.0390625
0 0.0859375 0.2861328125 0.021484375 0.04150390625
0 0.79150390625 0.41015625 0.02587890625 0.03369140625
0 0.2978515625 0.24853515625 0.0185546875 0.03955078125
0 0.11865234375 0.48193359375 0.03271484375 0.04443359375
0 0.52880859375 0.345703125 0.02734375 0.04150390625
0 0.21240234375 0.1875 0.029296875 0.0322265625
0 0.97119140625 0.8759765625 0.041015625 0.09326171875
0 0.560546875 0.37255859375 0.02685546875 0.041015625
0 0.0078125 0.29931640625 0.015625 0.0322265625
0 0.357421875 0.59716796875 0.04833984375 0.03173828125
0 0.85205078125 0.974609375 0.06884765625 0.04931640625
0 0.28466796875 0.576171875 0.04443359375 0.06494140625
0 0.8310546875 0.482421875 0.03466796875 0.05517578125
0 0.80224609375 0.501953125 0.02734375 0.05810546875
0 0.8310546875 0.29443359375 0.03125 0.0341796875
0 0.009765625 0.419921875 0.01904296875 0.04443359375
0 0.82568359375 0.611328125 0.03759765625 0.076171875
0 0.861328125 0.34814453125 0.0361328125 0.03857421875
0 0.3046875 0.40087890625 0.037109375 0.04345703125
0 0.8759765625 0.287109375 0.0341796875 0.03955078125
0 0.35791015625 0.267578125 0.02490234375 0.03271484375
0 0.60009765625 0.30224609375 0.0205078125 0.04052734375
0 0.27685546875 0.21630859375 0.02490234375 0.0341796875
0 0.2666015625 0.365234375 0.037109375 0.0380859375
0 0.3779296875 0.63330078125 0.05419921875 0.03759765625
0 0.89501953125 0.244140625 0.0361328125 0.04150390625
0 0.03662109375 0.2412109375 0.01611328125 0.017578125
0 0.54345703125 0.560546875 0.05029296875 0.0615234375
0 0.5810546875 0.552734375 0.0419921875 0.05859375
0 0.4755859375 0.462890625 0.0390625 0.0439453125
0 0.8251953125 0.244140625 0.033203125 0.033203125
0 0.361328125 0.3515625 0.0244140625 0.044921875
0 0.75927734375 0.25146484375 0.02685546875 0.0185546875
0 0.95166015625 0.5947265625 0.06103515625 0.03173828125
0 0.01708984375 0.57470703125 0.02001953125 0.02587890625
0 0.0849609375 0.54248046875 0.0283203125 0.05908203125
0 0.236328125 0.19189453125 0.0205078125 0.04833984375
0 0.7158203125 0.47119140625 0.0185546875 0.0556640625
0 0.58203125 0.400390625 0.015625 0.04248046875
0 0.6328125 0.34326171875 0.03466796875 0.0400390625
0 0.34619140625 0.18212890625 0.0107421875 0.03271484375
0 0.6513671875 0.4150390625 0.03564453125 0.025390625
0 0.400390625 0.17822265625 0.033203125 0.033203125
0 0.79296875 0.26123046875 0.02197265625 0.03759765625
0 0.75927734375 0.482421875 0.0458984375 0.052734375
0 0.3955078125 0.4189453125 0.04150390625 0.044921875
0 0.65380859375 0.38916015625 0.03076171875 0.01708984375
0 0.5283203125 0.4345703125 0.0283203125 0.0244140625
0 0.70947265625 0.27490234375 0.0302734375 0.0419921875
0 0.3740234375 0.416015625 0.01806640625 0.046875
0 0.6884765625 0.296875 0.02685546875 0.03857421875
0 0.287109375 0.18017578125 0.03125 0.03369140625
0 0.2890625 0.48046875 0.03466796875 0.02490234375
0 0.32177734375 0.6279296875 0.02880859375 0.0712890625
0 0.06005859375 0.189453125 0.0283203125 0.03564453125
0 0.7529296875 0.2783203125 0.0322265625 0.02099609375
0 0.4267578125 0.36083984375 0.03369140625 0.0419921875
0 0.068359375 0.44189453125 0.03515625 0.033203125
0 0.685546875 0.251953125 0.0341796875 0.021484375
0 0.3896484375 0.26708984375 0.0244140625 0.03515625
0 0.5859375 0.333984375 0.025390625 0.0234375
0 0.42236328125 0.5234375 0.0390625 0.0615234375
0 0.158203125 0.4140625 0.0283203125 0.05029296875
0 0.1640625 0.57666015625 0.0302734375 0.0634765625
0 0.37353515625 0.33056640625 0.0361328125 0.037109375
0 0.24755859375 0.591796875 0.02392578125 0.04931640625
0 0.4765625 0.29833984375 0.01708984375 0.03857421875
0 0.26953125 0.2861328125 0.02783203125 0.04052734375
0 0.16552734375 0.333984375 0.02490234375 0.02197265625
0 0.95068359375 0.5185546875 0.03564453125 0.0263671875
0 0.66845703125 0.287109375 0.02978515625 0.04052734375
0 0.81201171875 0.3310546875 0.02587890625 0.02587890625
0 0.15380859375 0.5380859375 0.0283203125 0.0458984375
0 0.73828125 0.32763671875 0.0380859375 0.04345703125
0 0.40234375 0.27734375 0.0322265625 0.03759765625
0 0.3056640625 0.2021484375 0.013671875 0.03271484375
0 0.05419921875 0.17041015625 0.017578125 0.01611328125
0 0.423828125 0.34228515625 0.03466796875 0.02587890625
0 0.45068359375 0.3115234375 0.03076171875 0.0185546875
0 0.3740234375 0.2861328125 0.03271484375 0.02392578125
0 0.654296875 0.27587890625 0.03466796875 0.03955078125