0 0.42333984375 0.23388671875 0.0498046875 0.0654296875
0 0.7763671875 0.43603515625 0.0458984375 0.0439453125
0 0.94921875 0.3173828125 0.0322265625 0.060546875
0 0.14208984375 0.228515625 0.052734375 0.091796875
0 0.91015625 0.11669921875 0.02734375 0.0419921875
0 0.5703125 0.9833984375 0.060546875 0.033203125
0 0.97412109375 0.23193359375 0.044921875 0.06640625
0 0.76953125 0.224609375 0.0322265625 0.0615234375
0 0.89501953125 0.71435546875 0.03515625 0.0537109375
0 0.85986328125 0.13232421875 0.029296875 0.0556640625
0 0.76904296875 0.2080078125 0.0185546875 0.0283203125
0 0.14111328125 0.93359375 0.01953125 0.0244140625
0 0.91650390625 0.1044921875 0.017578125 0.0224609375