0 0.24609375 0.63330078125 0.04296875 0.033203125
0 0.03369140625 0.802734375 0.04736328125 0.06640625
0 0.16357421875 0.5986328125 0.04443359375 0.06005859375
0 0.0439453125 0.75341796875 0.046875 0.05810546875
0 0.23046875 0.68994140625 0.04443359375 0.033203125
0 0.18359375 0.80859375 0.041015625 0.033203125
0 0.24560546875 0.93505859375 0.0390625 0.0419921875
0 0.17724609375 0.923828125 0.044921875 0.056640625
0 0.322265625 0.923828125 0.0283203125 0.05712890625
0 0.1123046875 0.634765625 0.04541015625 0.04736328125
0 0.1640625 0.13720703125 0.017578125 0.068359375