0 0.85888671875 0.37158203125 0.04833984375 0.05517578125
0 0.15185546875 0.255859375 0.021484375 0.0498046875
0 0.3896484375 0.4453125 0.03173828125 0.060546875
0 0.58984375 0.04296875 0.0126953125 0.0361328125
0 0.60791015625 0.10986328125 0.01611328125 0.04296875
0 0.7626953125 0.0341796875 0.0263671875 0.033203125
0 0.84716796875 0.029296875 0.01611328125 0.033203125
0 0.6572265625 0.0576171875 0.01220703125 0.03662109375
0 0.4716796875 0.15380859375 0.02880859375 0.0400390625
0 0.779296875 0.388671875 0.01416015625 0.05810546875
0 0.60302734375 0.15966796875 0.02587890625 0.048828125
0 0.27978515625 0.3046875 0.01611328125 0.04638671875
0 0.63916015625 0.1806640625 0.0390625 0.041015625
0 0.70458984375 0.40283203125 0.033203125 0.05712890625
0 0.6328125 0.1640625 0.03125 0.0322265625
0 0.28125 0.21630859375 0.03564453125 0.02587890625
0 0.94921875 0.0302734375 0.02587890625 0.03271484375
0 0.224609375 0.2265625 0.03076171875 0.0517578125
0 0.73828125 0.20458984375 0.017578125 0.04638671875
0 0.78076171875 0.2890625 0.0185546875 0.0556640625
0 0.63330078125 0.40478515625 0.021484375 0.07177734375
0 0.5234375 0.037109375 0.01513671875 0.02294921875
0 0.62646484375 0.13818359375 0.02490234375 0.041015625
0 0.61865234375 0.0712890625 0.02392578125 0.03759765625
0 0.2568359375 0.15673828125 0.01611328125 0.041015625
0 0.38671875 0.169921875 0.01806640625 0.04638671875
0 0.3818359375 0.1435546875 0.01611328125 0.03125
0 0.09619140625 0.24658203125 0.0166015625 0.052734375
0 0.57861328125 0.01806640625 0.01513671875 0.0361328125
0 0.9560546875 0.12158203125 0.0166015625 0.046875
0 0.9130859375 0.37255859375 0.02392578125 0.056640625
0 0.5537109375 0.2265625 0.01513671875 0.0546875
0 0.67333984375 0.16943359375 0.0322265625 0.03369140625
0 0.54150390625 0.048828125 0.025390625 0.03662109375
0 0.779296875 0.13671875 0.02587890625 0.0458984375
0 0.5771484375 0.07763671875 0.0224609375 0.04052734375
0 0.3369140625 0.203125 0.0146484375 0.044921875
0 0.66455078125 0.08642578125 0.02294921875 0.03955078125
0 0.92578125 0.01220703125 0.0126953125 0.02392578125
0 0.208984375 0.275390625 0.0234375 0.0390625
0 0.7890625 0.01123046875 0.015625 0.0224609375
0 0.3984375 0.11474609375 0.01953125 0.0390625
0 0.7578125 0.3720703125 0.01611328125 0.07080078125
0 0.08056640625 0.251953125 0.01416015625 0.05224609375
0 0.82421875 0.0224609375 0.025390625 0.017578125
0 0.51025390625 0.1162109375 0.0166015625 0.0341796875
0 0.29736328125 0.26708984375 0.03515625 0.033203125
0 0.69873046875 0.01318359375 0.0205078125 0.025390625
0 0.3125 0.07177734375 0.01708984375 0.04052734375
0 0.205078125 0.2646484375 0.01318359375 0.0185546875
0 0.7158203125 0.0537109375 0.01708984375 0.03857421875
0 0.318359375 0.12744140625 0.0146484375 0.01904296875
0 0.82568359375 0.009765625 0.01611328125 0.01904296875
0 0.87548828125 0.09033203125 0.0205078125 0.03076171875
0 0.443359375 0.05517578125 0.013671875 0.0185546875
0 0.70556640625 0.32080078125 0.02001953125 0.06494140625
0 0.6787109375 0.0087890625 0.01904296875 0.01708984375
0 0.50341796875 0.0654296875 0.0166015625 0.0185546875
0 0.625 0.01123046875 0.0234375 0.0224609375
0 0.427734375 0.04248046875 0.01123046875 0.0146484375
0 0.26123046875 0.17578125 0.01708984375 0.0322265625
0 0.5185546875 0.0087890625 0.01513671875 0.017578125
0 0.71484375 0.35205078125 0.02294921875 0.044921875
0 0.6376953125 0.19873046875 0.0224609375 0.0419921875
0 0.2841796875 0.326171875 0.01953125 0.0380859375