0 0.5556640625 0.4765625 0.017578125 0.021484375
0 0.88720703125 0.62548828125 0.0224609375 0.0205078125
0 0.9599609375 0.62890625 0.017578125 0.0361328125
0 0.560546875 0.78076171875 0.0205078125 0.0341796875
0 0.48046875 0.7177734375 0.0166015625 0.0205078125
0 0.291015625 0.78173828125 0.0185546875 0.0302734375
0 0.48876953125 0.73046875 0.01953125 0.0185546875
0 0.5498046875 0.2861328125 0.0166015625 0.0166015625
0 0.18798828125 0.580078125 0.0146484375 0.0283203125
0 0.4052734375 0.67578125 0.01953125 0.021484375
0 0.55517578125 0.64990234375 0.021484375 0.0234375
0 0.08203125 0.5244140625 0.01953125 0.0185546875
0 0.24609375 0.431640625 0.0126953125 0.02734375
0 0.3896484375 0.8544921875 0.0126953125 0.013671875
0 0.52587890625 0.8359375 0.017578125 0.0185546875
0 0.56787109375 0.41162109375 0.0185546875 0.0205078125
0 0.20458984375 0.8330078125 0.01953125 0.021484375
0 0.9677734375 0.39599609375 0.0126953125 0.029296875
0 0.9658203125 0.46142578125 0.015625 0.0283203125
0 0.98681640625 0.48779296875 0.0205078125 0.0244140625
0 0.28173828125 0.8369140625 0.0166015625 0.0185546875
0 0.0625 0.48681640625 0.0185546875 0.0380859375
0 0.72119140625 0.55908203125 0.013671875 0.02734375
0 0.240234375 0.271484375 0.0185546875 0.021484375
0 0.3291015625 0.40283203125 0.015625 0.0205078125
0 0.76220703125 0.03515625 0.0107421875 0.013671875
0 0.134765625 0.28955078125 0.0107421875 0.025390625
0 0.0791015625 0.91015625 0.01953125 0.025390625
0 0.17822265625 0.30712890625 0.01171875 0.02734375
0 0.232421875 0.47998046875 0.015625 0.021484375