0 0.009765625 0.69970703125 0.0166015625 0.01708984375
0 0.10693359375 0.64794921875 0.017578125 0.01806640625
0 0.09521484375 0.46435546875 0.01416015625 0.01611328125
0 0.068359375 0.478515625 0.01171875 0.0166015625
0 0.248046875 0.716796875 0.0185546875 0.0166015625
0 0.1005859375 0.60498046875 0.01318359375 0.0146484375
0 0.25341796875 0.77685546875 0.01953125 0.01953125
0 0.58349609375 0.86083984375 0.0205078125 0.01708984375
0 0.03759765625 0.3515625 0.01318359375 0.0166015625
0 0.21533203125 0.65576171875 0.017578125 0.01953125
0 0.3525390625 0.87109375 0.01708984375 0.0205078125
0 0.2919921875 0.80810546875 0.015625 0.01611328125
0 0.025390625 0.3779296875 0.01171875 0.01611328125
0 0.0048828125 0.88037109375 0.009765625 0.0234375
0 0.263671875 0.888671875 0.0146484375 0.015625
0 0.02294921875 0.31982421875 0.01220703125 0.009765625
0 0.3720703125 0.87744140625 0.015625 0.01220703125
0 0.0048828125 0.75341796875 0.00927734375 0.01513671875
0 0.40576171875 0.947265625 0.0185546875 0.015625
0 0.0849609375 0.4423828125 0.01611328125 0.02001953125
0 0.4833984375 0.916015625 0.0205078125 0.02099609375
0 0.4951171875 0.966796875 0.01806640625 0.015625
0 0.07470703125 0.7060546875 0.01416015625 0.01953125
0 0.3935546875 0.8857421875 0.017578125 0.0146484375
0 0.3515625 0.9619140625 0.01416015625 0.013671875
0 0.10595703125 0.427734375 0.00732421875 0.01708984375
0 0.00341796875 0.62060546875 0.00634765625 0.0146484375
0 0.0673828125 0.7158203125 0.01171875 0.015625
0 0.7275390625 0.919921875 0.01806640625 0.0302734375
0 0.72998046875 0.9619140625 0.01318359375 0.02001953125
0 0.2841796875 0.81396484375 0.021484375 0.0126953125