0 0.6923828125 0.7412109375 0.01953125 0.01953125
0 0.755859375 0.93408203125 0.01953125 0.029296875
0 0.7353515625 0.45556640625 0.0185546875 0.0224609375
0 0.681640625 0.97705078125 0.0205078125 0.029296875
0 0.65673828125 0.82666015625 0.0166015625 0.0224609375
0 0.7841796875 0.6337890625 0.0166015625 0.0234375
0 0.9521484375 0.1513671875 0.0126953125 0.015625
0 0.70458984375 0.79345703125 0.0205078125 0.0224609375
0 0.88427734375 0.1298828125 0.0126953125 0.0185546875
0 0.65478515625 0.9384765625 0.0185546875 0.0205078125
0 0.97900390625 0.26806640625 0.013671875 0.017578125
0 0.72802734375 0.84765625 0.015625 0.033203125
0 0.65478515625 0.98876953125 0.0244140625 0.0224609375
0 0.6240234375 0.94140625 0.0205078125 0.0322265625
0 0.96923828125 0.1357421875 0.0126953125 0.0185546875
0 0.6552734375 0.79833984375 0.017578125 0.0234375
0 0.81298828125 0.19482421875 0.017578125 0.017578125
0 0.8876953125 0.33056640625 0.0146484375 0.021484375
0 0.7763671875 0.48681640625 0.01953125 0.0263671875
0 0.7421875 0.6884765625 0.0205078125 0.021484375
0 0.755859375 0.71630859375 0.021484375 0.0224609375
0 0.81396484375 0.8173828125 0.021484375 0.0263671875
0 0.82421875 0.22607421875 0.013671875 0.015625
0 0.8046875 0.1748046875 0.01171875 0.0205078125
0 0.6376953125 0.9287109375 0.0146484375 0.03125
0 0.89697265625 0.24169921875 0.01171875 0.0166015625
0 0.8662109375 0.1728515625 0.0126953125 0.017578125
0 0.81494140625 0.50244140625 0.0185546875 0.0244140625
0 0.82568359375 0.74951171875 0.0185546875 0.0205078125
0 0.84521484375 0.44873046875 0.015625 0.015625
0 0.7373046875 0.70849609375 0.0205078125 0.0205078125
0 0.85205078125 0.9912109375 0.0224609375 0.017578125
0 0.87548828125 0.98681640625 0.0205078125 0.0263671875
0 0.87548828125 0.95947265625 0.0224609375 0.0263671875
0 0.84130859375 0.6669921875 0.01953125 0.0234375
0 0.943359375 0.1142578125 0.013671875 0.0166015625
0 0.865234375 0.2705078125 0.015625 0.0166015625
0 0.92236328125 0.2265625 0.013671875 0.0185546875
0 0.8330078125 0.29052734375 0.015625 0.0185546875
0 0.767578125 0.85693359375 0.0234375 0.0234375
0 0.74267578125 0.47705078125 0.01171875 0.02734375
0 0.818359375 0.25 0.017578125 0.015625
0 0.97998046875 0.31591796875 0.009765625 0.0224609375
0 0.81298828125 0.779296875 0.021484375 0.0234375
0 0.822265625 0.89697265625 0.0224609375 0.0205078125
0 0.990234375 0.375 0.013671875 0.0185546875
0 0.77001953125 0.81201171875 0.015625 0.01953125
0 0.875 0.6640625 0.0185546875 0.0263671875
0 0.7900390625 0.3701171875 0.017578125 0.0205078125
0 0.82373046875 0.68310546875 0.0205078125 0.0234375
0 0.86572265625 0.30712890625 0.0146484375 0.0166015625
0 0.9697265625 0.42822265625 0.015625 0.017578125
0 0.81103515625 0.91845703125 0.0205078125 0.029296875
0 0.826171875 0.15283203125 0.0126953125 0.0166015625
0 0.9228515625 0.2998046875 0.0146484375 0.017578125
0 0.939453125 0.69140625 0.01953125 0.021484375
0 0.80908203125 0.84765625 0.021484375 0.0234375
0 0.76220703125 0.4833984375 0.015625 0.0244140625
0 0.8466796875 0.14111328125 0.015625 0.0166015625
0 0.85498046875 0.19921875 0.013671875 0.0205078125
0 0.916015625 0.95703125 0.0224609375 0.025390625
0 0.96533203125 0.3017578125 0.01171875 0.0185546875
0 0.84033203125 0.1552734375 0.01171875 0.015625
0 0.80029296875 0.2236328125 0.0107421875 0.0166015625
0 0.94384765625 0.5087890625 0.017578125 0.01953125
0 0.86767578125 0.15576171875 0.0146484375 0.017578125
0 0.8916015625 0.888671875 0.0205078125 0.0283203125
0 0.8173828125 0.484375 0.017578125 0.0234375
0 0.943359375 0.20751953125 0.0126953125 0.0166015625
0 0.85107421875 0.26171875 0.015625 0.015625
0 0.75048828125 0.43505859375 0.0166015625 0.01953125
0 0.9716796875 0.556640625 0.0185546875 0.0205078125
0 0.96240234375 0.5322265625 0.013671875 0.0224609375
0 0.83447265625 0.9609375 0.0224609375 0.0244140625
0 0.81982421875 0.39794921875 0.01953125 0.0185546875
0 0.78125 0.44873046875 0.0146484375 0.015625
0 0.77197265625 0.40576171875 0.013671875 0.01953125
0 0.95068359375 0.22607421875 0.0126953125 0.0166015625
0 0.869140625 0.859375 0.021484375 0.0244140625
0 0.79052734375 0.74462890625 0.021484375 0.0244140625
0 0.91357421875 0.330078125 0.015625 0.0234375
0 0.947265625 0.30224609375 0.013671875 0.0205078125
0 0.91748046875 0.91259765625 0.0244140625 0.0234375
0 0.849609375 0.58984375 0.0205078125 0.0185546875
0 0.83056640625 0.1298828125 0.0146484375 0.017578125
0 0.92333984375 0.40673828125 0.0166015625 0.01953125
0 0.90673828125 0.2109375 0.0126953125 0.0185546875
0 0.9453125 0.45263671875 0.0185546875 0.021484375
0 0.89990234375 0.1650390625 0.009765625 0.0185546875
0 0.9970703125 0.37109375 0.005859375 0.01953125
0 0.80810546875 0.46630859375 0.0166015625 0.017578125
0 0.9658203125 0.6201171875 0.01953125 0.0234375
0 0.89013671875 0.7802734375 0.01953125 0.0244140625
0 0.9697265625 0.59375 0.017578125 0.01953125
0 0.83251953125 0.32421875 0.0107421875 0.015625
0 0.88037109375 0.7509765625 0.0224609375 0.0244140625
0 0.87744140625 0.72119140625 0.021484375 0.0234375
0 0.849609375 0.60888671875 0.0185546875 0.021484375
0 0.7919921875 0.8515625 0.0205078125 0.0244140625
0 0.923828125 0.458984375 0.0185546875 0.0185546875
0 0.95361328125 0.65087890625 0.01953125 0.025390625
0 0.876953125 0.45458984375 0.0126953125 0.0234375
0 0.82373046875 0.3369140625 0.0126953125 0.021484375
0 0.75341796875 0.41748046875 0.013671875 0.025390625
0 0.767578125 0.32373046875 0.01171875 0.0244140625
0 0.91455078125 0.84033203125 0.021484375 0.0244140625
0 0.77734375 0.29052734375 0.021484375 0.021484375
0 0.9248046875 0.17822265625 0.015625 0.017578125
0 0.8935546875 0.4296875 0.0166015625 0.017578125
0 0.95361328125 0.2841796875 0.015625 0.017578125
0 0.78662109375 0.2451171875 0.0107421875 0.0185546875
0 0.8681640625 0.63427734375 0.01953125 0.021484375
0 0.89599609375 0.8740234375 0.0224609375 0.0205078125
0 0.81201171875 0.33447265625 0.013671875 0.021484375
0 0.7919921875 0.4384765625 0.0166015625 0.0205078125
0 0.998046875 0.09716796875 0.00390625 0.0166015625
0 0.91650390625 0.76953125 0.0166015625 0.0234375
0 0.9501953125 0.4384765625 0.013671875 0.0185546875
0 0.90625 0.89306640625 0.0205078125 0.0263671875
0 0.9326171875 0.63671875 0.0205078125 0.021484375
0 0.8671875 0.56982421875 0.01953125 0.021484375
0 0.91796875 0.443359375 0.017578125 0.017578125
0 0.8642578125 0.44189453125 0.01171875 0.0234375
0 0.759765625 0.3486328125 0.01171875 0.021484375
0 0.943359375 0.283203125 0.015625 0.017578125
0 0.93310546875 0.19287109375 0.013671875 0.017578125
0 0.7900390625 0.3291015625 0.0107421875 0.0244140625
0 0.88720703125 0.5439453125 0.0205078125 0.0205078125
0 0.94677734375 0.59228515625 0.0205078125 0.0205078125
0 0.93359375 0.7734375 0.021484375 0.025390625
0 0.8681640625 0.38232421875 0.017578125 0.0185546875
0 0.92822265625 0.58740234375 0.0205078125 0.0224609375
0 0.89990234375 0.5888671875 0.01953125 0.01953125
0 0.90185546875 0.634765625 0.021484375 0.0244140625
0 0.93408203125 0.8310546875 0.01953125 0.0263671875
0 0.74755859375 0.39794921875 0.009765625 0.0244140625
0 0.755859375 0.3603515625 0.013671875 0.0234375
0 0.88427734375 0.61181640625 0.0185546875 0.0224609375
0 0.908203125 0.41455078125 0.017578125 0.01953125
0 0.8369140625 0.94677734375 0.025390625 0.0263671875
0 0.8681640625 0.3994140625 0.0166015625 0.021484375
0 0.90478515625 0.5546875 0.021484375 0.025390625
0 0.93798828125 0.81103515625 0.01953125 0.0234375
0 0.88525390625 0.59716796875 0.0205078125 0.01953125
0 0.90771484375 0.62353515625 0.0205078125 0.01953125
0 0.8798828125 0.39599609375 0.0185546875 0.0224609375
0 0.9482421875 0.837890625 0.01171875 0.0185546875
0 0.9443359375 0.86279296875 0.01171875 0.01953125
0 0.93310546875 0.7880859375 0.0185546875 0.0224609375