0 0.14453125 0.345703125 0.0224609375 0.0224609375
0 0.015625 0.6630859375 0.03125 0.02734375
0 0.09765625 0.33984375 0.0205078125 0.0185546875
0 0.16650390625 0.21728515625 0.0263671875 0.0234375
0 0.142578125 0.09423828125 0.0234375 0.0224609375
0 0.12451171875 0.23779296875 0.02734375 0.0205078125
0 0.16845703125 0.1103515625 0.025390625 0.0234375
0 0.16650390625 0.0029296875 0.0263671875 0.005859375
0 0.23095703125 0.2802734375 0.033203125 0.03515625
0 0.19921875 0.11376953125 0.021484375 0.01953125
0 0.14306640625 0.06591796875 0.0283203125 0.0244140625
0 0.17919921875 0.0185546875 0.021484375 0.0166015625
0 0.1357421875 0.02392578125 0.0224609375 0.0185546875
0 0.06982421875 0.3134765625 0.02734375 0.02734375
0 0.1181640625 0.046875 0.0224609375 0.021484375
0 0.115234375 0.0625 0.0205078125 0.0185546875
0 0.08056640625 0.17822265625 0.0244140625 0.0263671875
0 0.14306640625 0.27783203125 0.0166015625 0.0166015625
0 0.130859375 0.3095703125 0.0234375 0.0234375
0 0.1708984375 0.064453125 0.0205078125 0.0185546875
0 0.20654296875 0.21142578125 0.0244140625 0.02734375
0 0.130859375 0.03955078125 0.017578125 0.017578125
0 0.09521484375 0.0771484375 0.0126953125 0.017578125
0 0.0068359375 0.82568359375 0.013671875 0.0419921875
0 0.0498046875 0.25244140625 0.0087890625 0.013671875