0 0.9365234375 0.4482421875 0.01953125 0.0439453125
0 0.85302734375 0.14208984375 0.017578125 0.03125
0 0.53955078125 0.21484375 0.01953125 0.0400390625
0 0.5322265625 0.38818359375 0.013671875 0.0380859375
0 0.27880859375 0.2587890625 0.0126953125 0.0302734375
0 0.08154296875 0.42529296875 0.013671875 0.0400390625
0 0.24609375 0.140625 0.0126953125 0.0361328125
0 0.33349609375 0.33203125 0.0146484375 0.03125
0 0.158203125 0.142578125 0.0126953125 0.037109375
0 0.8466796875 0.49658203125 0.013671875 0.037109375
0 0.6611328125 0.41455078125 0.015625 0.0390625
0 0.28662109375 0.2255859375 0.0146484375 0.037109375
0 0.01123046875 0.51513671875 0.0166015625 0.0341796875
0 0.3369140625 0.1953125 0.0146484375 0.0302734375
0 0.05859375 0.2841796875 0.015625 0.037109375
0 0.0703125 0.09814453125 0.0146484375 0.0380859375
0 0.1728515625 0.0712890625 0.017578125 0.033203125
0 0.11328125 0.43115234375 0.0185546875 0.033203125
0 0.3515625 0.263671875 0.0166015625 0.0283203125
0 0.544921875 0.01708984375 0.0166015625 0.03125
0 0.447265625 0.35302734375 0.0166015625 0.03515625
0 0.30908203125 0.02294921875 0.013671875 0.029296875
0 0.49169921875 0.1767578125 0.0166015625 0.0302734375
0 0.23388671875 0.46435546875 0.013671875 0.037109375
0 0.1279296875 0.35595703125 0.01171875 0.0390625
0 0.72509765625 0.36181640625 0.015625 0.033203125
0 0.70361328125 0.4873046875 0.013671875 0.033203125
0 0.4794921875 0.18896484375 0.0126953125 0.0341796875
0 0.06396484375 0.03076171875 0.0166015625 0.03515625
0 0.55859375 0.6669921875 0.01953125 0.03125
0 0.05029296875 0.470703125 0.009765625 0.02734375
0 0.0771484375 0.18408203125 0.0107421875 0.033203125
0 0.5029296875 0.4931640625 0.0166015625 0.0390625
0 0.81396484375 0.521484375 0.017578125 0.0341796875
0 0.0341796875 0.11962890625 0.0146484375 0.0341796875
0 0.62841796875 0.37939453125 0.0166015625 0.033203125
0 0.09765625 0.15771484375 0.0126953125 0.0400390625
0 0.79931640625 0.5107421875 0.0166015625 0.0341796875
0 0.5263671875 0.54638671875 0.01171875 0.0302734375
0 0.60400390625 0.501953125 0.021484375 0.0283203125
0 0.68115234375 0.01708984375 0.013671875 0.0166015625
0 0.40478515625 0.30615234375 0.013671875 0.04296875
0 0.4501953125 0.33251953125 0.0126953125 0.033203125
0 0.12060546875 0.115234375 0.0146484375 0.0302734375
0 0.099609375 0.12255859375 0.0205078125 0.0283203125
0 0.5576171875 0.1630859375 0.0126953125 0.0439453125
0 0.07763671875 0.2236328125 0.0126953125 0.0400390625
0 0.7177734375 0.56689453125 0.013671875 0.0380859375
0 0.02880859375 0.02001953125 0.009765625 0.0361328125
0 0.04443359375 0.0078125 0.0205078125 0.015625