0 0.6142578125 0.92822265625 0.02099609375 0.0107421875
0 0.388671875 0.552734375 0.01025390625 0.0107421875
0 0.41064453125 0.55615234375 0.0146484375 0.01220703125
0 0.3955078125 0.54833984375 0.01708984375 0.01025390625
0 0.4248046875 0.6494140625 0.017578125 0.01123046875
0 0.419921875 0.63232421875 0.0166015625 0.0107421875
0 0.4150390625 0.6591796875 0.01708984375 0.009765625
0 0.9140625 0.47119140625 0.0146484375 0.009765625
0 0.41796875 0.68310546875 0.0146484375 0.01171875
0 0.29443359375 0.6220703125 0.0146484375 0.01025390625
0 0.59326171875 0.751953125 0.01220703125 0.01220703125
0 0.4384765625 0.6953125 0.0185546875 0.01123046875
0 0.884765625 0.31591796875 0.01123046875 0.01220703125
0 0.4208984375 0.6064453125 0.021484375 0.00830078125
0 0.3505859375 0.68505859375 0.01318359375 0.01171875
0 0.36767578125 0.5888671875 0.0234375 0.00927734375
0 0.55224609375 0.7705078125 0.01904296875 0.01025390625
0 0.3623046875 0.64111328125 0.02392578125 0.0078125
0 0.86328125 0.31591796875 0.01904296875 0.0087890625
0 0.51513671875 0.70947265625 0.02294921875 0.00927734375
0 0.90185546875 0.3125 0.01708984375 0.009765625
0 0.88671875 0.51904296875 0.0205078125 0.009765625
0 0.919921875 0.333984375 0.01318359375 0.01025390625
0 0.583984375 0.890625 0.015625 0.01123046875
0 0.83837890625 0.5478515625 0.01953125 0.009765625
0 0.32470703125 0.74853515625 0.01953125 0.0126953125
0 0.67333984375 0.46337890625 0.02001953125 0.00927734375
0 0.80517578125 0.32080078125 0.01953125 0.00732421875
0 0.88720703125 0.28466796875 0.02197265625 0.00927734375
0 0.59619140625 0.40625 0.01318359375 0.00830078125
0 0.7255859375 0.34912109375 0.01611328125 0.01171875
0 0.572265625 0.4091796875 0.01806640625 0.0078125
0 0.7880859375 0.36181640625 0.0166015625 0.0078125
0 0.61962890625 0.47216796875 0.0224609375 0.00927734375
0 0.666015625 0.37841796875 0.02099609375 0.00830078125
0 0.90966796875 0.4814453125 0.01953125 0.00927734375
0 0.52099609375 0.7919921875 0.0146484375 0.01220703125
0 0.92724609375 0.50341796875 0.02197265625 0.009765625
0 0.384765625 0.5693359375 0.02001953125 0.0078125