0 0.5146484375 0.748046875 0.0146484375 0.03125
0 0.75341796875 0.68017578125 0.0185546875 0.0234375
0 0.81591796875 0.77099609375 0.0185546875 0.0185546875
0 0.49169921875 0.947265625 0.01171875 0.025390625
0 0.54443359375 0.6962890625 0.017578125 0.021484375
0 0.58251953125 0.63671875 0.013671875 0.0244140625
0 0.48486328125 0.87744140625 0.0185546875 0.021484375
0 0.404296875 0.90380859375 0.0107421875 0.0244140625
0 0.84326171875 0.7509765625 0.0126953125 0.0283203125
0 0.845703125 0.45556640625 0.013671875 0.0234375
0 0.63623046875 0.62255859375 0.013671875 0.0244140625
0 0.47509765625 0.80322265625 0.015625 0.01953125
0 0.966796875 0.48193359375 0.0166015625 0.0166015625
0 0.70751953125 0.81396484375 0.017578125 0.03125
0 0.44775390625 0.75439453125 0.01171875 0.02734375
0 0.36376953125 0.95458984375 0.0146484375 0.0302734375
0 0.65234375 0.5810546875 0.015625 0.0166015625
0 0.50146484375 0.98291015625 0.009765625 0.0322265625
0 0.90283203125 0.7783203125 0.009765625 0.021484375
0 0.85693359375 0.4619140625 0.0146484375 0.0244140625
0 0.5361328125 0.833984375 0.0107421875 0.0361328125
0 0.77783203125 0.58984375 0.017578125 0.029296875
0 0.56396484375 0.66748046875 0.0087890625 0.0263671875
0 0.50146484375 0.77734375 0.009765625 0.0322265625
0 0.7783203125 0.65771484375 0.0146484375 0.0380859375
0 0.576171875 0.89697265625 0.01171875 0.0361328125
0 0.97509765625 0.66357421875 0.0166015625 0.02734375
0 0.783203125 0.46435546875 0.0146484375 0.0205078125