0 0.5625 0.48193359375 0.02734375 0.02783203125
0 0.76416015625 0.22509765625 0.01611328125 0.03125
0 0.486328125 0.38818359375 0.0302734375 0.02734375
0 0.728515625 0.26806640625 0.0205078125 0.0185546875
0 0.69482421875 0.21630859375 0.0205078125 0.02197265625
0 0.5830078125 0.466796875 0.025390625 0.0166015625
0 0.583984375 0.45361328125 0.0224609375 0.015625
0 0.69482421875 0.38623046875 0.01806640625 0.017578125
0 0.70263671875 0.50927734375 0.01953125 0.029296875
0 0.85546875 0.1962890625 0.02099609375 0.01806640625
0 0.74462890625 0.46875 0.01708984375 0.02099609375
0 0.71337890625 0.3642578125 0.0205078125 0.02197265625
0 0.3935546875 0.29248046875 0.02001953125 0.021484375
0 0.67578125 0.4892578125 0.0234375 0.01904296875
0 0.5546875 0.42529296875 0.0166015625 0.025390625
0 0.58984375 0.4384765625 0.021484375 0.01953125
0 0.87353515625 0.47705078125 0.0166015625 0.02197265625
0 0.88818359375 0.47607421875 0.01904296875 0.0224609375
0 0.70703125 0.47119140625 0.0166015625 0.02001953125
0 0.1357421875 0.0146484375 0.013671875 0.029296875
0 0.51611328125 0.02001953125 0.01513671875 0.0341796875
0 0.69482421875 0.20068359375 0.01611328125 0.02587890625
0 0.74951171875 0.0107421875 0.02099609375 0.021484375
0 0.4990234375 0.05224609375 0.01318359375 0.02587890625
0 0.3916015625 0.03173828125 0.02099609375 0.033203125
0 0.64111328125 0.2333984375 0.02001953125 0.02783203125