0 0.80224609375 0.45849609375 0.0732421875 0.08984375
0 0.87451171875 0.21435546875 0.0537109375 0.0751953125
0 0.5615234375 0.14453125 0.0439453125 0.0751953125
0 0.77294921875 0.35400390625 0.0751953125 0.0859375
0 0.65087890625 0.23486328125 0.052734375 0.0791015625
0 0.87744140625 0.44873046875 0.076171875 0.08203125
0 0.279296875 0.2783203125 0.0595703125 0.08203125
0 0.11376953125 0.10107421875 0.0498046875 0.07421875
0 0.73876953125 0.2578125 0.046875 0.076171875
0 0.2978515625 0.287109375 0.037109375 0.0810546875
0 0.98779296875 0.44140625 0.0244140625 0.07421875
0 0.45947265625 0.10302734375 0.0458984375 0.05859375
0 0.537109375 0.09033203125 0.064453125 0.06640625
0 0.681640625 0.07958984375 0.0322265625 0.064453125
0 0.888671875 0.1708984375 0.060546875 0.0693359375
0 0.2529296875 0.2451171875 0.048828125 0.0771484375
0 0.41064453125 0.1435546875 0.03515625 0.07421875
0 0.22802734375 0.2197265625 0.0390625 0.0830078125
0 0.7255859375 0.05810546875 0.0380859375 0.0478515625
0 0.72607421875 0.19091796875 0.052734375 0.0673828125
0 0.50439453125 0.0439453125 0.0263671875 0.05078125
0 0.5859375 0.0634765625 0.0537109375 0.0625
0 0.41943359375 0.27783203125 0.048828125 0.091796875
0 0.880859375 0.32275390625 0.064453125 0.0830078125
0 0.32958984375 0.08349609375 0.037109375 0.0634765625
0 0.3447265625 0.1201171875 0.0390625 0.072265625
0 0.85791015625 0.3037109375 0.052734375 0.078125