0 0.3115234375 0.79736328125 0.02490234375 0.04296875
0 0.25341796875 0.779296875 0.0224609375 0.02294921875
0 0.134765625 0.9130859375 0.0302734375 0.05078125
0 0.5732421875 0.94873046875 0.03369140625 0.05126953125
0 0.224609375 0.74658203125 0.0205078125 0.01318359375
0 0.09814453125 0.791015625 0.02734375 0.0205078125
0 0.296875 0.78466796875 0.021484375 0.02197265625
0 0.064453125 0.8662109375 0.0341796875 0.03662109375
0 0.04833984375 0.736328125 0.02734375 0.03076171875
0 0.4169921875 0.85009765625 0.04296875 0.0400390625
0 0.59130859375 0.91162109375 0.041015625 0.05322265625
0 0.01416015625 0.85302734375 0.0283203125 0.0400390625
0 0.1669921875 0.9306640625 0.04296875 0.0439453125
0 0.02099609375 0.765625 0.03369140625 0.03759765625
0 0.1376953125 0.76318359375 0.03466796875 0.03173828125
0 0.17333984375 0.71728515625 0.0322265625 0.03125
0 0.01416015625 0.71240234375 0.02587890625 0.029296875
0 0.1455078125 0.7890625 0.02783203125 0.037109375
0 0.2626953125 0.76220703125 0.03369140625 0.03173828125
0 0.935546875 0.89599609375 0.04833984375 0.0478515625
0 0.22314453125 0.828125 0.03369140625 0.02783203125
0 0.26953125 0.8076171875 0.03759765625 0.0380859375
0 0.16845703125 0.81005859375 0.0263671875 0.03857421875
0 0.515625 0.984375 0.0498046875 0.03125