0 0.11865234375 0.65283203125 0.0234375 0.0380859375
0 0.38134765625 0.77197265625 0.0234375 0.0390625
0 0.02099609375 0.76904296875 0.0224609375 0.0419921875
0 0.837890625 0.69873046875 0.02734375 0.0390625
0 0.7333984375 0.81298828125 0.0244140625 0.044921875
0 0.83544921875 0.6494140625 0.0185546875 0.03515625
0 0.29638671875 0.63671875 0.021484375 0.037109375
0 0.58642578125 0.69775390625 0.0244140625 0.0380859375
0 0.783203125 0.65625 0.01953125 0.0361328125
0 0.6533203125 0.79541015625 0.0263671875 0.0458984375
0 0.50537109375 0.78466796875 0.0244140625 0.0537109375
0 0.30322265625 0.8486328125 0.0302734375 0.037109375
0 0.72607421875 0.7275390625 0.01953125 0.03515625
0 0.88330078125 0.849609375 0.0361328125 0.046875
0 0.2255859375 0.697265625 0.015625 0.0341796875
0 0.1435546875 0.6123046875 0.021484375 0.0400390625
0 0.4501953125 0.955078125 0.0302734375 0.0537109375
0 0.30029296875 0.8798828125 0.021484375 0.0498046875
0 0.685546875 0.83447265625 0.037109375 0.0302734375
0 0.81005859375 0.853515625 0.0322265625 0.0458984375
0 0.30810546875 0.75048828125 0.0361328125 0.0419921875
0 0.9755859375 0.658203125 0.0205078125 0.0361328125
0 0.09228515625 0.9375 0.0244140625 0.05078125
0 0.421875 0.771484375 0.021484375 0.037109375
0 0.14990234375 0.64990234375 0.03125 0.0390625
0 0.02197265625 0.6982421875 0.015625 0.029296875
0 0.75439453125 0.9423828125 0.02734375 0.0654296875
0 0.83642578125 0.8330078125 0.0341796875 0.046875
0 0.4521484375 0.66552734375 0.0341796875 0.041015625
0 0.1015625 0.8720703125 0.0380859375 0.05078125
0 0.572265625 0.98876953125 0.0390625 0.0224609375
0 0.6318359375 0.68115234375 0.0341796875 0.041015625
0 0.9404296875 0.9208984375 0.0234375 0.046875
0 0.6083984375 0.88037109375 0.0185546875 0.044921875
0 0.7822265625 0.779296875 0.01953125 0.0341796875
0 0.48095703125 0.94287109375 0.025390625 0.046875
0 0.40478515625 0.85791015625 0.03515625 0.0517578125
0 0.4013671875 0.97021484375 0.046875 0.048828125
0 0.33740234375 0.8671875 0.0283203125 0.0400390625
0 0.955078125 0.65625 0.015625 0.0322265625
0 0.59228515625 0.6572265625 0.0224609375 0.03515625
0 0.501953125 0.60107421875 0.017578125 0.0205078125
0 0.82763671875 0.72265625 0.02734375 0.025390625
0 0.44677734375 0.650390625 0.0263671875 0.03125
0 0.93505859375 0.82861328125 0.033203125 0.0380859375
0 0.5908203125 0.86181640625 0.0185546875 0.0517578125
0 0.041015625 0.93896484375 0.0361328125 0.0458984375
0 0.77490234375 0.89404296875 0.033203125 0.05078125
0 0.1767578125 0.93896484375 0.0380859375 0.0537109375
0 0.25048828125 0.94482421875 0.078125 0.076171875
0 0.32763671875 0.79736328125 0.0341796875 0.0458984375
0 0.44384765625 0.8193359375 0.0263671875 0.041015625
0 0.21630859375 0.60498046875 0.03125 0.0361328125
0 0.28076171875 0.919921875 0.0361328125 0.037109375
0 0.78955078125 0.93408203125 0.0234375 0.05078125
0 0.259765625 0.8564453125 0.0263671875 0.0439453125
0 0.57958984375 0.82958984375 0.0234375 0.0478515625
0 0.83984375 0.7861328125 0.0205078125 0.029296875
0 0.6953125 0.65625 0.01953125 0.0244140625
0 0.60009765625 0.83251953125 0.0302734375 0.033203125
0 0.7900390625 0.8828125 0.021484375 0.0439453125
0 0.00390625 0.9462890625 0.0078125 0.0234375
0 0.755859375 0.92431640625 0.01953125 0.025390625
0 0.69580078125 0.99462890625 0.0205078125 0.0107421875
0 0.95068359375 0.990234375 0.0185546875 0.01953125
0 0.9775390625 0.73974609375 0.009765625 0.03515625
0 0.66015625 0.80029296875 0.0126953125 0.03125
0 0.3466796875 0.85986328125 0.0146484375 0.029296875
0 0.80224609375 0.8427734375 0.0126953125 0.0244140625
0 0.8486328125 0.71630859375 0.0146484375 0.01953125
0 0.7802734375 0.6455078125 0.009765625 0.017578125
0 0.47900390625 0.9287109375 0.015625 0.021484375
0 0.39404296875 0.845703125 0.0126953125 0.0185546875
0 0.0517578125 0.95166015625 0.017578125 0.0224609375
0 0.2978515625 0.73828125 0.01171875 0.015625