0 0.873046875 0.5439453125 0.02734375 0.02734375
0 0.8310546875 0.38671875 0.01904296875 0.01904296875
0 0.7578125 0.26611328125 0.0166015625 0.02001953125
0 0.876953125 0.17919921875 0.01513671875 0.01611328125
0 0.79638671875 0.33740234375 0.02001953125 0.01806640625
0 0.90771484375 0.28662109375 0.01611328125 0.01611328125
0 0.705078125 0.3818359375 0.013671875 0.0283203125
0 0.9560546875 0.224609375 0.0166015625 0.01611328125
0 0.72412109375 0.404296875 0.0146484375 0.02490234375
0 0.79638671875 0.55712890625 0.01611328125 0.0224609375
0 0.9697265625 0.30810546875 0.01953125 0.017578125
0 0.79248046875 0.28759765625 0.0146484375 0.01611328125
0 0.689453125 0.55615234375 0.01904296875 0.01904296875
0 0.806640625 0.03515625 0.0166015625 0.0185546875
0 0.794921875 0.17724609375 0.01806640625 0.017578125
0 0.88330078125 0.0458984375 0.013671875 0.02197265625
0 0.748046875 0.208984375 0.0146484375 0.02490234375
0 0.869140625 0.353515625 0.009765625 0.03271484375
0 0.95166015625 0.29541015625 0.01513671875 0.017578125
0 0.974609375 0.14501953125 0.01611328125 0.01416015625
0 0.99609375 0.3525390625 0.00732421875 0.02294921875
0 0.85888671875 0.3291015625 0.01416015625 0.0166015625
0 0.92138671875 0.14599609375 0.0166015625 0.01708984375
0 0.93505859375 0.4091796875 0.01611328125 0.01513671875
0 0.98583984375 0.080078125 0.01171875 0.02294921875
0 0.82763671875 0.0498046875 0.0146484375 0.01708984375
0 0.82763671875 0.08203125 0.01123046875 0.02587890625
0 0.73828125 0.1923828125 0.01123046875 0.0263671875
0 0.953125 0.28369140625 0.01611328125 0.01708984375
0 0.7978515625 0.14892578125 0.017578125 0.01513671875
0 0.80712890625 0.1328125 0.017578125 0.015625
0 0.939453125 0.142578125 0.013671875 0.01318359375
0 0.8134765625 0.279296875 0.0078125 0.02880859375
0 0.86376953125 0.0283203125 0.01416015625 0.013671875
0 0.88818359375 0.33447265625 0.0068359375 0.0283203125
0 0.8671875 0.10400390625 0.0078125 0.02099609375
0 0.958984375 0.126953125 0.0185546875 0.0205078125
0 0.81640625 0.158203125 0.0087890625 0.02197265625
0 0.9970703125 0.1474609375 0.005859375 0.013671875
0 0.75341796875 0.17578125 0.00732421875 0.02685546875
0 0.83203125 0.02880859375 0.01611328125 0.015625
0 0.91162109375 0.005859375 0.013671875 0.01123046875
0 0.72265625 0.24365234375 0.00634765625 0.0283203125
0 0.970703125 0.02978515625 0.01806640625 0.01953125
0 0.76611328125 0.20947265625 0.01220703125 0.0185546875
0 0.9521484375 0.07861328125 0.01318359375 0.01416015625
0 0.93896484375 0.0888671875 0.00830078125 0.02783203125
0 0.849609375 0.00634765625 0.015625 0.0126953125
0 0.9853515625 0.00634765625 0.01513671875 0.01220703125
0 0.99755859375 0.56201171875 0.0048828125 0.0322265625
0 0.9970703125 0.01318359375 0.005859375 0.01611328125
0 0.99853515625 0.53173828125 0.0029296875 0.021484375
0 0.8076171875 0.00390625 0.0166015625 0.0078125
0 0.98046875 0.0361328125 0.01123046875 0.02001953125