0 0.310546875 0.73876953125 0.0126953125 0.03369140625
0 0.3095703125 0.69287109375 0.01318359375 0.0341796875
0 0.37646484375 0.734375 0.0166015625 0.0244140625
0 0.20166015625 0.875 0.013671875 0.03125
0 0.34765625 0.8876953125 0.015625 0.02734375
0 0.10546875 0.103515625 0.01025390625 0.033203125
0 0.3642578125 0.658203125 0.01025390625 0.025390625
0 0.21044921875 0.27734375 0.013671875 0.0283203125
0 0.13671875 0.26611328125 0.0126953125 0.03076171875
0 0.1630859375 0.98681640625 0.0126953125 0.0263671875
0 0.37109375 0.697265625 0.00830078125 0.021484375
0 0.31103515625 0.02978515625 0.00830078125 0.0263671875
0 0.1826171875 0.98095703125 0.00830078125 0.03369140625
0 0.3193359375 0.6279296875 0.0087890625 0.03466796875
0 0.28271484375 0.1982421875 0.01171875 0.03955078125
0 0.2734375 0.2109375 0.01025390625 0.03662109375
0 0.33447265625 0.775390625 0.01171875 0.0361328125
0 0.2001953125 0.5498046875 0.01220703125 0.0283203125
0 0.330078125 0.78857421875 0.0048828125 0.009765625