0 0.98388671875 0.134765625 0.0322265625 0.04296875
0 0.92626953125 0.26904296875 0.03271484375 0.044921875
0 0.974609375 0.80419921875 0.044921875 0.0634765625
0 0.7939453125 0.24658203125 0.037109375 0.048828125
0 0.8076171875 0.44677734375 0.03759765625 0.04052734375
0 0.97314453125 0.453125 0.03564453125 0.04541015625
0 0.9794921875 0.52392578125 0.041015625 0.0439453125
0 0.96484375 0.9755859375 0.0498046875 0.04833984375
0 0.79833984375 0.615234375 0.0341796875 0.03271484375
0 0.85693359375 0.55908203125 0.04931640625 0.0419921875
0 0.998046875 0.2255859375 0.00341796875 0.02587890625
0 0.9921875 0.12841796875 0.015625 0.0302734375