0 0.7001953125 0.6337890625 0.0205078125 0.06005859375
0 0.59619140625 0.5927734375 0.02880859375 0.052734375
0 0.962890625 0.76416015625 0.02978515625 0.05859375
0 0.91015625 0.654296875 0.03369140625 0.04638671875
0 0.81591796875 0.8623046875 0.03173828125 0.05517578125
0 0.6865234375 0.88232421875 0.02294921875 0.056640625
0 0.947265625 0.10498046875 0.03369140625 0.044921875
0 0.982421875 0.64892578125 0.03369140625 0.04443359375
0 0.87255859375 0.306640625 0.03076171875 0.037109375
0 0.6279296875 0.97802734375 0.0302734375 0.0439453125
0 0.92529296875 0.4990234375 0.033203125 0.048828125
0 0.84912109375 0.21875 0.03173828125 0.04443359375
0 0.7080078125 0.71728515625 0.025390625 0.0341796875
0 0.89453125 0.568359375 0.03076171875 0.041015625
0 0.8134765625 0.55419921875 0.03759765625 0.08056640625
0 0.669921875 0.97900390625 0.02099609375 0.0419921875
0 0.9755859375 0.20458984375 0.0361328125 0.06494140625
0 0.73974609375 0.59765625 0.0234375 0.05810546875
0 0.857421875 0.39306640625 0.0341796875 0.04248046875
0 0.7490234375 0.56494140625 0.02734375 0.0419921875
0 0.90673828125 0.18408203125 0.0224609375 0.0439453125
0 0.88427734375 0.9140625 0.02685546875 0.05322265625
0 0.779296875 0.560546875 0.0244140625 0.04248046875
0 0.984375 0.33837890625 0.02294921875 0.046875
0 0.91943359375 0.375 0.04638671875 0.0673828125
0 0.88623046875 0.69775390625 0.03076171875 0.05615234375
0 0.94287109375 0.359375 0.0302734375 0.0419921875
0 0.85693359375 0.5302734375 0.02978515625 0.04052734375
0 0.97607421875 0.06103515625 0.03759765625 0.033203125
0 0.8056640625 0.6611328125 0.02490234375 0.06884765625
0 0.92919921875 0.05517578125 0.03271484375 0.05126953125
0 0.99072265625 0.15283203125 0.0185546875 0.04296875
0 0.8046875 0.580078125 0.01806640625 0.04931640625
0 0.81689453125 0.38134765625 0.0380859375 0.06396484375
0 0.9638671875 0.22119140625 0.0146484375 0.03076171875
0 0.81591796875 0.5146484375 0.02685546875 0.0517578125
0 0.69775390625 0.986328125 0.025390625 0.02734375
0 0.6796875 0.86669921875 0.013671875 0.03076171875