0 0.62841796875 0.923828125 0.01171875 0.03369140625
0 0.6064453125 0.9833984375 0.013671875 0.033203125
0 0.966796875 0.7822265625 0.00830078125 0.0234375
0 0.951171875 0.8359375 0.01025390625 0.0185546875
0 0.73291015625 0.98583984375 0.0146484375 0.0283203125
0 0.7998046875 0.86962890625 0.01171875 0.029296875
0 0.837890625 0.93505859375 0.01611328125 0.033203125
0 0.62109375 0.8896484375 0.01318359375 0.02978515625
0 0.9970703125 0.845703125 0.00537109375 0.03564453125
0 0.83154296875 0.8974609375 0.0166015625 0.0341796875
0 0.65869140625 0.8583984375 0.01171875 0.02978515625
0 0.966796875 0.9599609375 0.0205078125 0.03369140625
0 0.5966796875 0.95654296875 0.01513671875 0.03662109375
0 0.8349609375 0.8408203125 0.0107421875 0.0185546875
0 0.9892578125 0.90869140625 0.02001953125 0.03466796875
0 0.97607421875 0.857421875 0.01611328125 0.02978515625
0 0.66845703125 0.740234375 0.00927734375 0.02294921875
0 0.5419921875 0.97900390625 0.0166015625 0.0244140625
0 0.93359375 0.873046875 0.0185546875 0.03125
0 0.69873046875 0.82666015625 0.01171875 0.02197265625
0 0.83349609375 0.966796875 0.0244140625 0.03662109375
0 0.86181640625 0.962890625 0.0185546875 0.0322265625
0 0.67626953125 0.853515625 0.01318359375 0.02880859375
0 0.96435546875 0.68017578125 0.01025390625 0.021484375
0 0.86572265625 0.90380859375 0.01904296875 0.0302734375
0 0.49462890625 0.86865234375 0.02197265625 0.01953125
0 0.958984375 0.85791015625 0.0185546875 0.029296875
0 0.7138671875 0.9453125 0.021484375 0.03515625
0 0.775390625 0.83154296875 0.021484375 0.0224609375
0 0.9775390625 0.796875 0.01708984375 0.02685546875
0 0.80224609375 0.814453125 0.01318359375 0.025390625
0 0.69189453125 0.90283203125 0.0185546875 0.0322265625
0 0.84326171875 0.95751953125 0.0205078125 0.01904296875
0 0.947265625 0.7666015625 0.01904296875 0.02685546875
0 0.51904296875 0.896484375 0.01123046875 0.029296875
0 0.7431640625 0.71875 0.00927734375 0.01953125
0 0.93896484375 0.94873046875 0.02734375 0.033203125
0 0.955078125 0.87890625 0.02099609375 0.02880859375
0 0.78564453125 0.970703125 0.025390625 0.033203125
0 0.81689453125 0.83154296875 0.02099609375 0.02880859375
0 0.6943359375 0.9365234375 0.02099609375 0.033203125
0 0.6103515625 0.77978515625 0.00927734375 0.0224609375
0 0.72607421875 0.8779296875 0.0126953125 0.02587890625
0 0.99755859375 0.71435546875 0.00439453125 0.02294921875
0 0.67138671875 0.9912109375 0.01318359375 0.01708984375
0 0.5302734375 0.939453125 0.0107421875 0.025390625
0 0.642578125 0.94775390625 0.02392578125 0.02783203125
0 0.55908203125 0.98583984375 0.03173828125 0.0283203125
0 0.7265625 0.79541015625 0.01611328125 0.0263671875
0 0.67529296875 0.91845703125 0.02001953125 0.01953125
0 0.7744140625 0.71240234375 0.013671875 0.0234375
0 0.3349609375 0.94287109375 0.0263671875 0.02392578125
0 0.53466796875 0.77392578125 0.0146484375 0.02197265625
0 0.9111328125 0.67333984375 0.01171875 0.017578125
0 0.98681640625 0.62548828125 0.01708984375 0.02099609375
0 0.63232421875 0.71875 0.0087890625 0.02294921875
0 0.4892578125 0.9130859375 0.01025390625 0.025390625
0 0.99609375 0.87890625 0.0078125 0.0263671875
0 0.94482421875 0.912109375 0.0244140625 0.0185546875
0 0.97314453125 0.53955078125 0.01123046875 0.0166015625
0 0.462890625 0.99560546875 0.01416015625 0.0087890625
0 0.8056640625 0.90087890625 0.0185546875 0.01904296875
0 0.44580078125 0.98876953125 0.01171875 0.0166015625
0 0.9970703125 0.70263671875 0.005859375 0.01806640625
0 0.4755859375 0.81982421875 0.0087890625 0.01123046875
0 0.58642578125 0.99609375 0.0087890625 0.0078125
0 0.4921875 0.92724609375 0.01708984375 0.03173828125
0 0.63427734375 0.953125 0.01123046875 0.0185546875
0 0.9931640625 0.69873046875 0.01318359375 0.02685546875
0 0.78125 0.8408203125 0.021484375 0.01708984375
0 0.52294921875 0.90869140625 0.0126953125 0.02587890625
0 0.9951171875 0.90869140625 0.00927734375 0.0302734375