0 0.0908203125 0.5693359375 0.0888671875 0.0849609375
0 0.19189453125 0.20458984375 0.052734375 0.05859375
0 0.0693359375 0.345703125 0.0361328125 0.03515625
0 0.11669921875 0.74853515625 0.0537109375 0.0556640625
0 0.1708984375 0.54931640625 0.0517578125 0.099609375
0 0.16015625 0.23388671875 0.0439453125 0.0625
0 0.4609375 0.279296875 0.0693359375 0.0673828125
0 0.42333984375 0.33544921875 0.0576171875 0.068359375
0 0.02197265625 0.169921875 0.0322265625 0.0556640625
0 0.2470703125 0.4267578125 0.05078125 0.0908203125
0 0.28857421875 0.96630859375 0.0947265625 0.05859375
0 0.09619140625 0.3955078125 0.0478515625 0.078125
0 0.24658203125 0.34375 0.0673828125 0.0693359375
0 0.03662109375 0.1865234375 0.0224609375 0.017578125