0 0.140625 0.06201171875 0.064453125 0.083984375
0 0.51123046875 0.42333984375 0.0888671875 0.0673828125
0 0.5341796875 0.4755859375 0.10400390625 0.09423828125
0 0.2421875 0.03515625 0.05712890625 0.05517578125
0 0.07470703125 0.08642578125 0.05517578125 0.06103515625
0 0.84326171875 0.03076171875 0.0703125 0.0556640625
0 0.5234375 0.0380859375 0.0625 0.05810546875
0 0.185546875 0.26123046875 0.0537109375 0.0859375
0 0.955078125 0.06005859375 0.07861328125 0.0625
0 0.4951171875 0.31982421875 0.08251953125 0.0771484375
0 0.5712890625 0.40966796875 0.0849609375 0.11767578125
0 0.90283203125 0.02197265625 0.06640625 0.0439453125
0 0.1494140625 0.10791015625 0.0546875 0.05810546875
0 0.662109375 0.4638671875 0.1025390625 0.10595703125
0 0.3681640625 0.39208984375 0.10009765625 0.1044921875
0 0.8232421875 0.07275390625 0.06005859375 0.05859375
0 0.95849609375 0.22509765625 0.08203125 0.0771484375
0 0.21875 0.2197265625 0.0478515625 0.04541015625
0 0.27294921875 0.0634765625 0.04833984375 0.03076171875
0 0.47021484375 0.06103515625 0.0361328125 0.04052734375
0 0.56201171875 0.087890625 0.05322265625 0.052734375
0 0.8310546875 0.3828125 0.06884765625 0.09326171875
0 0.9873046875 0.13232421875 0.025390625 0.08154296875
0 0.10986328125 0.96142578125 0.0830078125 0.0771484375
0 0.296875 0.8466796875 0.0869140625 0.12158203125
0 0.01904296875 0.015625 0.03759765625 0.02978515625
0 0.365234375 0.86962890625 0.11279296875 0.1279296875
0 0.48486328125 0.974609375 0.0791015625 0.04736328125
0 0.00830078125 0.22607421875 0.0166015625 0.04248046875