0 0.8720703125 0.55029296875 0.02734375 0.02734375
0 0.8330078125 0.392578125 0.01953125 0.01953125
0 0.76171875 0.2705078125 0.0166015625 0.0205078125
0 0.88232421875 0.18603515625 0.015625 0.0166015625
0 0.79931640625 0.3427734375 0.0205078125 0.0185546875
0 0.9111328125 0.2939453125 0.0166015625 0.0166015625
0 0.70703125 0.38525390625 0.0146484375 0.0283203125
0 0.9609375 0.232421875 0.0166015625 0.0166015625
0 0.7255859375 0.408203125 0.0146484375 0.025390625
0 0.79541015625 0.5625 0.0166015625 0.0224609375
0 0.97314453125 0.31640625 0.01953125 0.017578125
0 0.79638671875 0.29296875 0.0146484375 0.0166015625
0 0.6884765625 0.5595703125 0.01953125 0.01953125
0 0.81494140625 0.04052734375 0.0166015625 0.0185546875
0 0.80029296875 0.1826171875 0.0185546875 0.017578125
0 0.89111328125 0.052734375 0.013671875 0.0224609375
0 0.7529296875 0.21337890625 0.0146484375 0.025390625
0 0.87158203125 0.35986328125 0.0107421875 0.033203125
0 0.955078125 0.30322265625 0.015625 0.017578125
0 0.98095703125 0.1533203125 0.0166015625 0.0146484375
0 0.9970703125 0.361328125 0.005859375 0.0234375
0 0.86181640625 0.33544921875 0.0146484375 0.0166015625
0 0.927734375 0.1533203125 0.0166015625 0.017578125
0 0.9365234375 0.4169921875 0.0166015625 0.015625
0 0.9931640625 0.08837890625 0.01171875 0.0234375
0 0.83544921875 0.0556640625 0.0146484375 0.017578125
0 0.8349609375 0.087890625 0.01171875 0.0263671875
0 0.74365234375 0.19677734375 0.01171875 0.0263671875
0 0.95703125 0.29150390625 0.0166015625 0.017578125
0 0.8037109375 0.154296875 0.017578125 0.015625
0 0.8134765625 0.13818359375 0.017578125 0.015625
0 0.94580078125 0.150390625 0.013671875 0.013671875
0 0.8173828125 0.28466796875 0.0087890625 0.029296875
0 0.8720703125 0.03466796875 0.0146484375 0.013671875
0 0.89111328125 0.34130859375 0.0078125 0.0283203125
0 0.8740234375 0.1103515625 0.0078125 0.021484375
0 0.96533203125 0.13525390625 0.0185546875 0.0205078125
0 0.822265625 0.16357421875 0.0087890625 0.0224609375
0 0.75927734375 0.18017578125 0.0078125 0.02734375
0 0.84033203125 0.03466796875 0.0166015625 0.015625
0 0.92041015625 0.01318359375 0.013671875 0.01171875
0 0.72705078125 0.24755859375 0.0068359375 0.0283203125
0 0.97900390625 0.0380859375 0.0185546875 0.01953125
0 0.77099609375 0.21435546875 0.0126953125 0.0185546875
0 0.95947265625 0.08642578125 0.013671875 0.0146484375
0 0.9462890625 0.0966796875 0.0087890625 0.0283203125
0 0.8583984375 0.0126953125 0.015625 0.0126953125
0 0.99267578125 0.01513671875 0.0146484375 0.0126953125
0 0.99658203125 0.57080078125 0.005859375 0.0322265625
0 0.998046875 0.54052734375 0.0029296875 0.021484375
0 0.81640625 0.00927734375 0.0166015625 0.0078125
0 0.98828125 0.04443359375 0.01171875 0.0205078125