0 0.71435546875 0.11962890625 0.021484375 0.0322265625
0 0.8955078125 0.19677734375 0.02734375 0.0361328125
0 0.7626953125 0.03173828125 0.0224609375 0.029296875
0 0.8671875 0.10791015625 0.021484375 0.0341796875
0 0.91796875 0.08935546875 0.033203125 0.046875
0 0.796875 0.15185546875 0.0234375 0.0234375
0 0.8408203125 0.03564453125 0.021484375 0.0234375
0 0.9033203125 0.14404296875 0.01953125 0.0263671875
0 0.7861328125 0.10693359375 0.0185546875 0.03125
0 0.92138671875 0.23583984375 0.021484375 0.0283203125
0 0.890625 0.0341796875 0.0205078125 0.025390625
0 0.7294921875 0.06005859375 0.0146484375 0.0283203125
0 0.7646484375 0.30126953125 0.0185546875 0.02734375
0 0.8603515625 0.04541015625 0.021484375 0.0224609375
0 0.779296875 0.291015625 0.01953125 0.0263671875
0 0.865234375 0.26513671875 0.0205078125 0.029296875
0 0.8544921875 0.31494140625 0.01953125 0.03125
0 0.78076171875 0.25048828125 0.0224609375 0.03125
0 0.943359375 0.21875 0.01953125 0.021484375
0 0.8701171875 0.0673828125 0.01953125 0.029296875
0 0.85888671875 0.06640625 0.0224609375 0.0302734375
0 0.74365234375 0.00341796875 0.0185546875 0.0068359375
0 0.82373046875 0.05810546875 0.0205078125 0.0263671875
0 0.8251953125 0.16162109375 0.0224609375 0.03125
0 0.76025390625 0.12548828125 0.0185546875 0.0283203125
0 0.755859375 0.107421875 0.0146484375 0.0234375
0 0.77392578125 0.34375 0.017578125 0.037109375
0 0.744140625 0.12255859375 0.017578125 0.037109375
0 0.74951171875 0.1943359375 0.015625 0.029296875
0 0.94287109375 0.26416015625 0.021484375 0.0234375
0 0.78271484375 0.23095703125 0.021484375 0.0263671875
0 0.7001953125 0.01416015625 0.015625 0.0283203125