0 0.8095703125 0.9228515625 0.0322265625 0.03125
0 0.6962890625 0.98828125 0.03125 0.0234375
0 0.8310546875 0.6669921875 0.025390625 0.029296875
0 0.767578125 0.619140625 0.0224609375 0.0361328125
0 0.65087890625 0.6240234375 0.0302734375 0.0322265625
0 0.91650390625 0.91943359375 0.03125 0.037109375
0 0.65283203125 0.67919921875 0.0302734375 0.033203125
0 0.95263671875 0.59814453125 0.029296875 0.0302734375
0 0.67626953125 0.35791015625 0.01953125 0.037109375
0 0.88623046875 0.89599609375 0.03515625 0.0361328125
0 0.77685546875 0.19189453125 0.021484375 0.0302734375
0 0.947265625 0.68310546875 0.0302734375 0.0322265625
0 0.69873046875 0.58349609375 0.029296875 0.0322265625
0 0.65869140625 0.43603515625 0.021484375 0.044921875
0 0.5810546875 0.86962890625 0.03125 0.0302734375
0 0.962890625 0.69970703125 0.0302734375 0.0322265625
0 0.86474609375 0.53076171875 0.025390625 0.0361328125
0 0.818359375 0.43505859375 0.02734375 0.02734375
0 0.7080078125 0.70458984375 0.029296875 0.0419921875
0 0.9228515625 0.4921875 0.0244140625 0.0283203125
0 0.6533203125 0.869140625 0.0224609375 0.04296875
0 0.78955078125 0.2822265625 0.0263671875 0.029296875
0 0.7783203125 0.43115234375 0.0302734375 0.0322265625
0 0.86572265625 0.8017578125 0.0234375 0.048828125
0 0.56103515625 0.93798828125 0.0390625 0.03515625
0 0.8828125 0.46630859375 0.029296875 0.0341796875
0 0.703125 0.62353515625 0.0185546875 0.0458984375
0 0.77001953125 0.3466796875 0.0244140625 0.0283203125
0 0.84716796875 0.5830078125 0.0205078125 0.0419921875
0 0.82958984375 0.07958984375 0.0166015625 0.0361328125
0 0.7021484375 0.55224609375 0.029296875 0.0322265625
0 0.68017578125 0.412109375 0.015625 0.0439453125
0 0.80029296875 0.48046875 0.02734375 0.03515625
0 0.8310546875 0.21044921875 0.0224609375 0.0361328125
0 0.85595703125 0.9052734375 0.029296875 0.03125
0 0.89794921875 0.27685546875 0.0234375 0.0361328125
0 0.85302734375 0.41357421875 0.025390625 0.0283203125
0 0.75537109375 0.3662109375 0.0263671875 0.033203125
0 0.76806640625 0.74853515625 0.015625 0.0439453125
0 0.9384765625 0.41650390625 0.025390625 0.029296875
0 0.8896484375 0.7890625 0.03125 0.02734375
0 0.5234375 0.9404296875 0.0302734375 0.0478515625
0 0.89697265625 0.23046875 0.025390625 0.029296875
0 0.47509765625 0.89453125 0.033203125 0.0439453125
0 0.7763671875 0.2509765625 0.0185546875 0.0380859375
0 0.87646484375 0.38037109375 0.0244140625 0.025390625
0 0.9921875 0.255859375 0.015625 0.02734375
0 0.73046875 0.16796875 0.015625 0.0419921875
0 0.9775390625 0.0947265625 0.0234375 0.0263671875
0 0.76904296875 0.5126953125 0.0302734375 0.0302734375
0 0.662109375 0.5419921875 0.0185546875 0.048828125
0 0.9228515625 0.3681640625 0.025390625 0.03125
0 0.578125 0.81494140625 0.0205078125 0.05078125
0 0.82275390625 0.33154296875 0.02734375 0.0302734375
0 0.94140625 0.44189453125 0.0185546875 0.048828125
0 0.947265625 0.12109375 0.0244140625 0.0283203125
0 0.99462890625 0.1943359375 0.0107421875 0.029296875
0 0.5146484375 0.9951171875 0.025390625 0.009765625
0 0.8466796875 0.11328125 0.02734375 0.02734375
0 0.94970703125 0.25634765625 0.0283203125 0.0302734375
0 0.908203125 0.1611328125 0.0234375 0.0263671875
0 0.96826171875 0.16357421875 0.025390625 0.0234375
0 0.91796875 0.06494140625 0.0224609375 0.0244140625
0 0.97998046875 0.24365234375 0.0244140625 0.029296875
0 0.87890625 0.10302734375 0.0263671875 0.029296875
0 0.51953125 0.80419921875 0.0185546875 0.0498046875
0 0.83203125 0.13671875 0.0263671875 0.029296875
0 0.97998046875 0.54248046875 0.025390625 0.029296875
0 0.96337890625 0.2119140625 0.0224609375 0.033203125
0 0.99609375 0.3544921875 0.0078125 0.033203125
0 0.81201171875 0.07958984375 0.0166015625 0.0439453125
0 0.8349609375 0.3828125 0.0234375 0.0302734375
0 0.8359375 0.11669921875 0.0224609375 0.025390625
0 0.5400390625 0.81591796875 0.0244140625 0.0546875
0 0.96435546875 0.19091796875 0.0263671875 0.0302734375
0 0.93115234375 0.25244140625 0.025390625 0.0302734375
0 0.96533203125 0.06884765625 0.0263671875 0.01953125
0 0.9931640625 0.34423828125 0.013671875 0.0244140625
0 0.9365234375 0.23974609375 0.0263671875 0.0302734375