0 0.9287109375 0.447265625 0.02099609375 0.025390625
0 0.84912109375 0.6279296875 0.01611328125 0.021484375
0 0.76416015625 0.43017578125 0.0224609375 0.0234375
0 0.85595703125 0.15087890625 0.0166015625 0.01708984375
0 0.75341796875 0.66796875 0.01904296875 0.02294921875
0 0.8095703125 0.3564453125 0.01953125 0.02001953125
0 0.73828125 0.1884765625 0.0146484375 0.0166015625
0 0.857421875 0.275390625 0.0185546875 0.01904296875
0 0.7392578125 0.24755859375 0.015625 0.02294921875
0 0.95751953125 0.31640625 0.02099609375 0.0185546875
0 0.84765625 0.3583984375 0.02099609375 0.02734375
0 0.75732421875 0.287109375 0.01416015625 0.01904296875
0 0.98828125 0.3701171875 0.02001953125 0.01953125
0 0.75537109375 0.34765625 0.01953125 0.02392578125
0 0.666015625 0.638671875 0.01806640625 0.01904296875
0 0.68994140625 0.40185546875 0.017578125 0.03515625
0 0.94775390625 0.20703125 0.01806640625 0.01806640625
0 0.7607421875 0.1435546875 0.01904296875 0.01806640625
0 0.912109375 0.10595703125 0.0185546875 0.02001953125
0 0.94677734375 0.2861328125 0.0205078125 0.02294921875
0 0.9775390625 0.09375 0.015625 0.02392578125
0 0.66259765625 0.3623046875 0.0107421875 0.03759765625
0 0.95556640625 0.08154296875 0.01953125 0.0205078125
0 0.93310546875 0.09912109375 0.0166015625 0.015625
0 0.7861328125 0.25830078125 0.01171875 0.03173828125
0 0.73779296875 0.15185546875 0.01318359375 0.029296875
0 0.8017578125 0.10205078125 0.01171875 0.02392578125
0 0.9482421875 0.0234375 0.02001953125 0.0205078125
0 0.69970703125 0.1396484375 0.01123046875 0.03125
0 0.86083984375 0.033203125 0.00830078125 0.02490234375
0 0.86865234375 0.251953125 0.009765625 0.03125
0 0.9345703125 0.0341796875 0.0126953125 0.0283203125
0 0.765625 0.1083984375 0.01318359375 0.02490234375
0 0.755859375 0.07861328125 0.0078125 0.0244140625
0 0.99267578125 0.658203125 0.01318359375 0.02099609375
0 0.71630859375 0.08935546875 0.00830078125 0.02734375
0 0.81982421875 0.00830078125 0.01318359375 0.0166015625
0 0.73046875 0.09130859375 0.0078125 0.02880859375