0 0.12255859375 0.119140625 0.03759765625 0.0732421875
0 0.5595703125 0.2646484375 0.0810546875 0.09619140625
0 0.09619140625 0.546875 0.08251953125 0.099609375
0 0.22265625 0.17333984375 0.06396484375 0.0546875
0 0.30126953125 0.119140625 0.06494140625 0.07177734375
0 0.03662109375 0.4765625 0.06494140625 0.1220703125
0 0.26806640625 0.029296875 0.04638671875 0.04931640625
0 0.08935546875 0.0595703125 0.044921875 0.07373046875
0 0.017578125 0.0576171875 0.03515625 0.0390625
0 0.37255859375 0.087890625 0.02587890625 0.08203125
0 0.98095703125 0.5302734375 0.0380859375 0.107421875
0 0.0859375 0.0146484375 0.0419921875 0.02880859375
0 0.34814453125 0.05419921875 0.04345703125 0.052734375
0 0.28662109375 0.0146484375 0.04296875 0.02880859375
0 0.94140625 0.9453125 0.1171875 0.109375
0 0.990234375 0.69384765625 0.01953125 0.125
0 0.25634765625 0.01611328125 0.02294921875 0.025390625
0 0.02197265625 0.01708984375 0.0390625 0.03369140625