0 0.06689453125 0.3125 0.0078125 0.021484375
0 0.1416015625 0.34423828125 0.01220703125 0.0263671875
0 0.28125 0.30078125 0.01318359375 0.0205078125
0 0.2548828125 0.3056640625 0.01220703125 0.02197265625
0 0.11474609375 0.34326171875 0.0185546875 0.02490234375
0 0.1083984375 0.322265625 0.0068359375 0.0224609375
0 0.359375 0.31201171875 0.021484375 0.02685546875
0 0.08349609375 0.322265625 0.0146484375 0.02001953125
0 0.0419921875 0.509765625 0.01025390625 0.0341796875
0 0.345703125 0.29296875 0.017578125 0.02197265625
0 0.025390625 0.322265625 0.01513671875 0.02783203125