0 0.84912109375 0.521484375 0.033203125 0.0458984375
0 0.90771484375 0.4873046875 0.02392578125 0.05029296875
0 0.6982421875 0.9453125 0.02099609375 0.0576171875
0 0.92626953125 0.12841796875 0.03759765625 0.03662109375
0 0.94970703125 0.40673828125 0.03564453125 0.0458984375
0 0.87890625 0.10498046875 0.03173828125 0.04931640625
0 0.74658203125 0.87451171875 0.0263671875 0.046875
0 0.8583984375 0.70361328125 0.0361328125 0.0458984375
0 0.9306640625 0.353515625 0.03271484375 0.05029296875
0 0.80419921875 0.970703125 0.025390625 0.056640625
0 0.87255859375 0.615234375 0.03125 0.0439453125
0 0.89453125 0.88232421875 0.0322265625 0.04443359375
0 0.5927734375 0.90625 0.0302734375 0.05908203125
0 0.9130859375 0.97314453125 0.03466796875 0.04541015625
0 0.85693359375 0.84326171875 0.0322265625 0.04345703125
0 0.98193359375 0.96533203125 0.0341796875 0.044921875
0 0.98046875 0.35986328125 0.0390625 0.0390625
0 0.92578125 0.2578125 0.03125 0.0517578125
0 0.7802734375 0.873046875 0.0205078125 0.0458984375
0 0.96533203125 0.525390625 0.01513671875 0.03369140625
0 0.94287109375 0.666015625 0.0322265625 0.046875
0 0.9384765625 0.82958984375 0.0322265625 0.05419921875
0 0.740234375 0.90966796875 0.021484375 0.064453125
0 0.92041015625 0.685546875 0.044921875 0.07177734375
0 0.986328125 0.6455078125 0.02197265625 0.04736328125
0 0.8037109375 0.89306640625 0.01806640625 0.05322265625
0 0.81640625 0.82958984375 0.0263671875 0.05517578125
0 0.81982421875 0.69140625 0.03759765625 0.06298828125
0 0.81396484375 0.857421875 0.0322265625 0.04296875
0 0.744140625 0.060546875 0.01904296875 0.04248046875
0 0.85302734375 0.009765625 0.0205078125 0.0185546875
0 0.99072265625 0.451171875 0.0185546875 0.0478515625
0 0.9970703125 0.1083984375 0.005859375 0.0400390625
0 0.9951171875 0.45068359375 0.00927734375 0.03955078125