0 0.47900390625 0.3359375 0.044921875 0.044921875
0 0.482421875 0.36669921875 0.0390625 0.046875
0 0.5263671875 0.35498046875 0.0390625 0.044921875
0 0.57568359375 0.43310546875 0.0380859375 0.048828125
0 0.67578125 0.1669921875 0.029296875 0.02734375
0 0.53662109375 0.49560546875 0.0419921875 0.0439453125
0 0.60498046875 0.1953125 0.0283203125 0.0302734375
0 0.62890625 0.20556640625 0.029296875 0.0263671875
0 0.86767578125 0.53369140625 0.037109375 0.0615234375
0 0.5908203125 0.447265625 0.05078125 0.046875
0 0.984375 0.3388671875 0.0302734375 0.0361328125
0 0.6259765625 0.1611328125 0.0302734375 0.033203125
0 0.78125 0.23876953125 0.025390625 0.033203125
0 0.55810546875 0.35009765625 0.0234375 0.0439453125
0 0.72802734375 0.3857421875 0.0439453125 0.0419921875
0 0.68212890625 0.185546875 0.0224609375 0.0361328125
0 0.9833984375 0.37451171875 0.033203125 0.0439453125
0 0.962890625 0.421875 0.0380859375 0.046875
0 0.9033203125 0.51123046875 0.0390625 0.05078125
0 0.77490234375 0.1904296875 0.0283203125 0.0205078125
0 0.79931640625 0.28466796875 0.0302734375 0.0390625
0 0.56494140625 0.23974609375 0.03125 0.03125
0 0.84521484375 0.3671875 0.0283203125 0.048828125
0 0.73291015625 0.2001953125 0.0283203125 0.0263671875
0 0.71337890625 0.31982421875 0.0234375 0.037109375
0 0.98486328125 0.23828125 0.02734375 0.033203125
0 0.82470703125 0.361328125 0.0205078125 0.0400390625
0 0.7265625 0.22412109375 0.029296875 0.037109375
0 0.92333984375 0.36181640625 0.03515625 0.041015625
0 0.38525390625 0.4326171875 0.041015625 0.056640625
0 0.67822265625 0.35791015625 0.03515625 0.0419921875
0 0.82373046875 0.4462890625 0.037109375 0.05078125
0 0.72216796875 0.1806640625 0.0263671875 0.017578125
0 0.91259765625 0.4208984375 0.03125 0.0478515625
0 0.10205078125 0.580078125 0.0478515625 0.0615234375
0 0.7705078125 0.26806640625 0.03515625 0.0341796875
0 0.06298828125 0.68115234375 0.0625 0.060546875
0 0.88525390625 0.71630859375 0.056640625 0.0576171875
0 0.57373046875 0.54248046875 0.029296875 0.05859375
0 0.75439453125 0.3037109375 0.0302734375 0.037109375
0 0.74951171875 0.2197265625 0.03125 0.0390625
0 0.568359375 0.296875 0.03125 0.0244140625
0 0.7685546875 0.5078125 0.048828125 0.0546875
0 0.73291015625 0.69482421875 0.044921875 0.0546875
0 0.65380859375 0.53515625 0.0380859375 0.02734375
0 0.9658203125 0.52783203125 0.0390625 0.05859375
0 0.609375 0.291015625 0.0302734375 0.0244140625
0 0.705078125 0.51318359375 0.0390625 0.0341796875
0 0.3291015625 0.404296875 0.044921875 0.0322265625
0 0.9794921875 0.64111328125 0.037109375 0.060546875
0 0.8828125 0.2548828125 0.0224609375 0.03125
0 0.96728515625 0.24609375 0.03125 0.0380859375
0 0.869140625 0.43359375 0.0380859375 0.0263671875
0 0.9169921875 0.31396484375 0.015625 0.041015625
0 0.07763671875 0.80859375 0.056640625 0.05859375
0 0.69189453125 0.5419921875 0.046875 0.060546875
0 0.7041015625 0.20361328125 0.0234375 0.01953125
0 0.662109375 0.31982421875 0.0322265625 0.0224609375
0 0.10302734375 0.4599609375 0.0439453125 0.029296875
0 0.712890625 0.4345703125 0.02734375 0.056640625
0 0.9375 0.21533203125 0.015625 0.03515625
0 0.66357421875 0.2421875 0.03125 0.0380859375
0 0.85986328125 0.3076171875 0.0361328125 0.0439453125
0 0.7919921875 0.5302734375 0.029296875 0.0458984375
0 0.19580078125 0.8427734375 0.068359375 0.0703125
0 0.47705078125 0.568359375 0.0205078125 0.060546875
0 0.61865234375 0.23583984375 0.0234375 0.0185546875
0 0.9169921875 0.29443359375 0.0361328125 0.0419921875
0 0.84033203125 0.9638671875 0.0615234375 0.072265625
0 0.98486328125 0.73779296875 0.0234375 0.068359375
0 0.982421875 0.25927734375 0.02734375 0.021484375
0 0.38671875 0.3515625 0.0322265625 0.0224609375
0 0.72998046875 0.35595703125 0.0205078125 0.0224609375
0 0.68408203125 0.30126953125 0.029296875 0.015625
0 0.35595703125 0.30029296875 0.0126953125 0.0400390625
0 0.767578125 0.21337890625 0.0341796875 0.0380859375
0 0.859375 0.28857421875 0.013671875 0.0146484375
0 0.9921875 0.46484375 0.015625 0.04296875
0 0.89892578125 0.2685546875 0.0263671875 0.015625
0 0.6962890625 0.50390625 0.0224609375 0.021484375
0 0.99658203125 0.24267578125 0.0068359375 0.0361328125
0 0.93603515625 0.37548828125 0.0166015625 0.0205078125
0 0.99365234375 0.3837890625 0.0126953125 0.02734375
0 0.8701171875 0.29736328125 0.015625 0.01953125
0 0.72998046875 0.4521484375 0.01953125 0.021484375
0 0.77685546875 0.20654296875 0.0146484375 0.0205078125