0 0.7060546875 0.75390625 0.0927734375 0.11474609375
0 0.63330078125 0.5419921875 0.05029296875 0.09033203125
0 0.87890625 0.22705078125 0.064453125 0.060546875
0 0.6201171875 0.26318359375 0.03515625 0.046875
0 0.5224609375 0.38330078125 0.04736328125 0.0595703125
0 0.73974609375 0.47021484375 0.0478515625 0.07958984375
0 0.8193359375 0.44482421875 0.033203125 0.0634765625
0 0.490234375 0.37060546875 0.04345703125 0.0537109375
0 0.3154296875 0.60986328125 0.07958984375 0.0810546875
0 0.55078125 0.55859375 0.0615234375 0.08349609375
0 0.3525390625 0.458984375 0.0654296875 0.068359375
0 0.341796875 0.392578125 0.06201171875 0.06494140625
0 0.80078125 0.310546875 0.04345703125 0.04931640625
0 0.650390625 0.48486328125 0.052734375 0.06689453125
0 0.59228515625 0.63720703125 0.0595703125 0.06884765625
0 0.150390625 0.42529296875 0.05615234375 0.0703125
0 0.90966796875 0.337890625 0.04443359375 0.05810546875
0 0.3662109375 0.36767578125 0.0634765625 0.05029296875
0 0.693359375 0.42578125 0.04931640625 0.0810546875
0 0.72705078125 0.236328125 0.09423828125 0.05615234375
0 0.9296875 0.13720703125 0.0322265625 0.03125
0 0.287109375 0.45068359375 0.072265625 0.068359375
0 0.91455078125 0.04541015625 0.0234375 0.03564453125
0 0.984375 0.07421875 0.03125 0.03564453125
0 0.75390625 0.32275390625 0.03662109375 0.05859375
0 0.82861328125 0.01953125 0.0263671875 0.033203125
0 0.7890625 0.40283203125 0.05029296875 0.0341796875
0 0.95556640625 0.06787109375 0.0263671875 0.03857421875
0 0.3154296875 0.533203125 0.052734375 0.08544921875
0 0.6982421875 0.2373046875 0.0283203125 0.05419921875
0 0.98779296875 0.171875 0.0244140625 0.041015625
0 0.16162109375 0.380859375 0.02734375 0.04296875
0 0.9794921875 0.11083984375 0.0185546875 0.01611328125
0 0.9794921875 0.037109375 0.02294921875 0.0322265625
0 0.2060546875 0.298828125 0.056640625 0.06494140625
0 0.9091796875 0.0244140625 0.0322265625 0.0361328125
0 0.8017578125 0.009765625 0.02685546875 0.01953125
0 0.9951171875 0.02783203125 0.009765625 0.0146484375
0 0.78564453125 0.30615234375 0.01416015625 0.0419921875
0 0.685546875 0.24462890625 0.02197265625 0.02099609375
0 0.0068359375 0.77001953125 0.013671875 0.0986328125
0 0.93798828125 0.00439453125 0.0224609375 0.0087890625
0 0.77294921875 0.40380859375 0.0185546875 0.025390625