0 0.27392578125 0.50439453125 0.0576171875 0.1044921875
0 0.7197265625 0.185546875 0.060546875 0.125
0 0.98095703125 0.1240234375 0.0380859375 0.080078125
0 0.19287109375 0.0361328125 0.0615234375 0.0625
0 0.29931640625 0.51416015625 0.0400390625 0.080078125
0 0.61767578125 0.236328125 0.052734375 0.0732421875
0 0.77783203125 0.130859375 0.03515625 0.0771484375
0 0.81396484375 0.681640625 0.0458984375 0.1025390625
0 0.37890625 0.48193359375 0.041015625 0.07421875
0 0.35693359375 0.494140625 0.0810546875 0.1103515625
0 0.24169921875 0.0126953125 0.0283203125 0.025390625
0 0.966796875 0.58837890625 0.06640625 0.1064453125
0 0.34716796875 0.220703125 0.0712890625 0.1142578125
0 0.19970703125 0.38623046875 0.0595703125 0.080078125
0 0.7490234375 0.23779296875 0.0361328125 0.0751953125
0 0.2646484375 0.208984375 0.04296875 0.103515625
0 0.2490234375 0.10205078125 0.0439453125 0.0556640625
0 0.1494140625 0.08740234375 0.041015625 0.072265625
0 0.541015625 0.56103515625 0.0556640625 0.0791015625
0 0.7412109375 0.64794921875 0.0498046875 0.095703125
0 0.52685546875 0.4423828125 0.04296875 0.0859375
0 0.6943359375 0.103515625 0.046875 0.072265625
0 0.98828125 0.5361328125 0.0234375 0.0703125
0 0.27099609375 0.17626953125 0.0205078125 0.03125
0 0.26171875 0.09130859375 0.0146484375 0.0244140625
0 0.3466796875 0.20751953125 0.0166015625 0.0263671875