0 0.4892578125 0.6103515625 0.017578125 0.05859375
0 0.75244140625 0.53271484375 0.02734375 0.052734375
0 0.32080078125 0.759765625 0.037109375 0.0458984375
0 0.1953125 0.53271484375 0.02734375 0.025390625
0 0.279296875 0.80615234375 0.0205078125 0.048828125
0 0.6025390625 0.62841796875 0.02734375 0.0537109375
0 0.28271484375 0.55224609375 0.0302734375 0.0283203125
0 0.7685546875 0.5 0.0263671875 0.0380859375
0 0.22802734375 0.5498046875 0.029296875 0.03125
0 0.62109375 0.5859375 0.037109375 0.0283203125
0 0.05078125 0.919921875 0.01953125 0.0478515625
0 0.74951171875 0.48046875 0.033203125 0.0322265625
0 0.92431640625 0.189453125 0.029296875 0.0576171875
0 0.83447265625 0.2861328125 0.021484375 0.0546875