0 0.42578125 0.8466796875 0.0224609375 0.109375
0 0.44189453125 0.14990234375 0.0283203125 0.08740234375
0 0.58154296875 0.080078125 0.03076171875 0.05908203125
0 0.4072265625 0.08056640625 0.03857421875 0.064453125
0 0.68310546875 0.12890625 0.0205078125 0.08349609375
0 0.74609375 0.24072265625 0.0224609375 0.0810546875
0 0.38623046875 0.525390625 0.0380859375 0.06591796875
0 0.71142578125 0.10546875 0.02685546875 0.076171875
0 0.59228515625 0.39453125 0.02734375 0.0625
0 0.38330078125 0.85498046875 0.0361328125 0.10791015625
0 0.44091796875 0.48046875 0.03076171875 0.09228515625
0 0.63037109375 0.6904296875 0.033203125 0.091796875
0 0.8486328125 0.1845703125 0.0302734375 0.0693359375
0 0.87939453125 0.6943359375 0.0302734375 0.1181640625
0 0.54833984375 0.3779296875 0.0205078125 0.07275390625
0 0.32275390625 0.4931640625 0.0263671875 0.1015625
0 0.42578125 0.017578125 0.03759765625 0.03515625
0 0.51171875 0.560546875 0.02392578125 0.0908203125
0 0.54541015625 0.0771484375 0.03759765625 0.05419921875
0 0.72119140625 0.71875 0.03515625 0.09375
0 0.7939453125 0.21484375 0.02783203125 0.08642578125
0 0.84521484375 0.83349609375 0.02587890625 0.1181640625
0 0.71142578125 0.939453125 0.029296875 0.107421875
0 0.13427734375 0.9208984375 0.04443359375 0.09326171875
0 0.798828125 0.07861328125 0.02099609375 0.08203125
0 0.7099609375 0.0234375 0.0234375 0.046875
0 0.892578125 0.0302734375 0.02392578125 0.05712890625
0 0.89990234375 0.244140625 0.021484375 0.0791015625
0 0.4697265625 0.94921875 0.02783203125 0.1015625
0 0.775390625 0.66064453125 0.0224609375 0.08837890625
0 0.490234375 0.05810546875 0.02783203125 0.052734375
0 0.5107421875 0.0625 0.0224609375 0.0576171875
0 0.4375 0.04345703125 0.0302734375 0.052734375
0 0.78076171875 0.1240234375 0.03466796875 0.06494140625
0 0.7265625 0.6640625 0.03662109375 0.09912109375
0 0.74755859375 0.91064453125 0.0458984375 0.1083984375