0 0.56005859375 0.18603515625 0.0224609375 0.03125
0 0.58203125 0.1650390625 0.01171875 0.021484375
0 0.5458984375 0.1220703125 0.01171875 0.0205078125
0 0.56787109375 0.1103515625 0.0107421875 0.01953125
0 0.552734375 0.16748046875 0.01171875 0.0185546875
0 0.591796875 0.078125 0.01171875 0.0205078125
0 0.52294921875 0.19287109375 0.0126953125 0.0224609375
0 0.6220703125 0.076171875 0.013671875 0.0234375
0 0.54931640625 0.0615234375 0.01171875 0.021484375
0 0.419921875 0.203125 0.0126953125 0.021484375
0 0.5078125 0.107421875 0.013671875 0.0224609375
0 0.5244140625 0.095703125 0.0146484375 0.0224609375
0 0.4501953125 0.18603515625 0.01171875 0.01953125
0 0.5126953125 0.046875 0.013671875 0.0234375
0 0.505859375 0.07861328125 0.0126953125 0.0224609375
0 0.3291015625 0.18505859375 0.015625 0.0244140625
0 0.5029296875 0.1396484375 0.01171875 0.0224609375
0 0.23095703125 0.1572265625 0.01171875 0.0234375
0 0.43310546875 0.158203125 0.0126953125 0.0224609375
0 0.5224609375 0.0185546875 0.0146484375 0.025390625
0 0.35791015625 0.1875 0.013671875 0.0234375
0 0.44189453125 0.1865234375 0.0146484375 0.021484375
0 0.49365234375 0.1279296875 0.01171875 0.0224609375
0 0.2119140625 0.111328125 0.0126953125 0.01953125
0 0.4970703125 0.10546875 0.0126953125 0.0224609375
0 0.3017578125 0.1474609375 0.0126953125 0.021484375
0 0.244140625 0.13037109375 0.0126953125 0.021484375
0 0.46435546875 0.1357421875 0.0126953125 0.0234375
0 0.38232421875 0.162109375 0.013671875 0.0234375
0 0.30859375 0.1162109375 0.0107421875 0.0234375
0 0.34619140625 0.18798828125 0.01171875 0.0234375
0 0.2236328125 0.1220703125 0.0126953125 0.0224609375
0 0.4560546875 0.09130859375 0.0126953125 0.0224609375
0 0.3251953125 0.16015625 0.01953125 0.0341796875
0 0.4228515625 0.16162109375 0.013671875 0.0205078125
0 0.2861328125 0.134765625 0.0146484375 0.0234375
0 0.294921875 0.095703125 0.0126953125 0.01953125
0 0.34375 0.1083984375 0.01171875 0.0234375
0 0.349609375 0.12841796875 0.0107421875 0.0224609375
0 0.47705078125 0.02734375 0.0146484375 0.02734375
0 0.4560546875 0.0205078125 0.013671875 0.0234375
0 0.44873046875 0.14208984375 0.0126953125 0.0224609375
0 0.38720703125 0.2001953125 0.013671875 0.01953125
0 0.376953125 0.12255859375 0.0126953125 0.0224609375
0 0.45703125 0.07275390625 0.015625 0.025390625
0 0.38720703125 0.0478515625 0.0146484375 0.0244140625
0 0.26220703125 0.15087890625 0.015625 0.0263671875
0 0.517578125 0.13671875 0.0107421875 0.0205078125
0 0.24365234375 0.15576171875 0.013671875 0.0234375
0 0.22265625 0.02978515625 0.0146484375 0.025390625
0 0.3798828125 0.03857421875 0.013671875 0.0234375
0 0.20849609375 0.0224609375 0.0107421875 0.0185546875
0 0.4423828125 0.0498046875 0.01171875 0.0234375
0 0.28564453125 0.1201171875 0.013671875 0.0234375
0 0.36474609375 0.1591796875 0.0126953125 0.017578125
0 0.6015625 0.1640625 0.01171875 0.021484375
0 0.3291015625 0.115234375 0.0126953125 0.0234375
0 0.39453125 0.1162109375 0.0126953125 0.0244140625
0 0.0986328125 0.1240234375 0.013671875 0.017578125
0 0.38671875 0.11962890625 0.0126953125 0.0244140625
0 0.40869140625 0.14794921875 0.015625 0.025390625
0 0.41259765625 0.10107421875 0.01171875 0.021484375
0 0.46826171875 0.048828125 0.0166015625 0.0302734375
0 0.38720703125 0.08642578125 0.013671875 0.0224609375
0 0.43408203125 0.125 0.0126953125 0.0205078125
0 0.1044921875 0.04443359375 0.015625 0.0205078125
0 0.4423828125 0.02392578125 0.01171875 0.0234375
0 0.3271484375 0.13427734375 0.0146484375 0.0234375
0 0.23876953125 0.11279296875 0.0126953125 0.01953125
0 0.39404296875 0.0078125 0.0146484375 0.015625
0 0.1025390625 0.08544921875 0.013671875 0.0185546875
0 0.2236328125 0.17333984375 0.013671875 0.01953125
0 0.3447265625 0.16650390625 0.015625 0.0205078125
0 0.31640625 0.12646484375 0.013671875 0.0234375
0 0.40185546875 0.13525390625 0.0126953125 0.017578125
0 0.25 0.06298828125 0.015625 0.0234375
0 0.4287109375 0.025390625 0.01171875 0.025390625
0 0.4111328125 0.0234375 0.01171875 0.0234375
0 0.40673828125 0.04345703125 0.0126953125 0.0234375
0 0.42236328125 0.0458984375 0.013671875 0.0244140625
0 0.39697265625 0.021484375 0.0146484375 0.0244140625
0 0.42724609375 0.1123046875 0.015625 0.029296875
0 0.11376953125 0.0048828125 0.0126953125 0.009765625
0 0.26708984375 0.05615234375 0.0146484375 0.015625
0 0.11181640625 0.1083984375 0.013671875 0.017578125
0 0.25048828125 0.17138671875 0.0146484375 0.0205078125
0 0.26416015625 0.1123046875 0.0146484375 0.0185546875
0 0.3486328125 0.05322265625 0.0166015625 0.01953125
0 0.240234375 0.072265625 0.0146484375 0.0205078125
0 0.48974609375 0.06103515625 0.0146484375 0.0234375
0 0.47998046875 0.12841796875 0.009765625 0.017578125
0 0.32763671875 0.03466796875 0.0146484375 0.01953125
0 0.1328125 0.1328125 0.0146484375 0.017578125
0 0.26806640625 0.17529296875 0.015625 0.017578125
0 0.3603515625 0.0029296875 0.013671875 0.005859375
0 0.2685546875 0.0224609375 0.015625 0.01953125
0 0.32666015625 0.0048828125 0.0126953125 0.009765625
0 0.2861328125 0.02099609375 0.015625 0.01953125
0 0.1650390625 0.150390625 0.0107421875 0.0166015625
0 0.3515625 0.06005859375 0.01171875 0.0224609375
0 0.1826171875 0.10205078125 0.013671875 0.0166015625
0 0.2509765625 0.00927734375 0.013671875 0.017578125
0 0.5986328125 0.02197265625 0.01171875 0.0185546875
0 0.5244140625 0.00341796875 0.01171875 0.0068359375
0 0.197265625 0.0791015625 0.015625 0.0166015625
0 0.232421875 0.0322265625 0.015625 0.0185546875
0 0.12060546875 0.0859375 0.009765625 0.0185546875
0 0.24853515625 0.09423828125 0.015625 0.0185546875
0 0.3095703125 0.1494140625 0.017578125 0.0341796875
0 0.14697265625 0.0263671875 0.015625 0.0185546875
0 0.13134765625 0.10205078125 0.015625 0.017578125
0 0.55810546875 0.03466796875 0.0224609375 0.02734375
0 0.48046875 0.2001953125 0.01171875 0.013671875
0 0.48046875 0.1669921875 0.01171875 0.01953125
0 0.16748046875 0.0693359375 0.015625 0.021484375
0 0.1787109375 0.154296875 0.013671875 0.015625
0 0.3232421875 0.0146484375 0.0107421875 0.0166015625
0 0.16796875 0.11767578125 0.0107421875 0.0126953125
0 0.4619140625 0.1123046875 0.0126953125 0.0234375
0 0.3671875 0.1044921875 0.009765625 0.0146484375
0 0.326171875 0.09228515625 0.0126953125 0.0234375
0 0.3330078125 0.15185546875 0.0107421875 0.017578125
0 0.337890625 0.00634765625 0.01171875 0.0126953125
0 0.6328125 0.03564453125 0.0146484375 0.015625
0 0.53759765625 0.00537109375 0.0107421875 0.0107421875
0 0.16748046875 0.03369140625 0.0126953125 0.0146484375
0 0.5322265625 0.0302734375 0.0107421875 0.01953125
0 0.37353515625 0.166015625 0.0126953125 0.015625
0 0.22509765625 0.1376953125 0.013671875 0.0126953125
0 0.0986328125 0.1025390625 0.0107421875 0.0146484375
0 0.4775390625 0.10693359375 0.0166015625 0.0224609375
0 0.353515625 0.0234375 0.0146484375 0.0205078125
0 0.35791015625 0.01025390625 0.009765625 0.0146484375
0 0.40380859375 0.0205078125 0.0126953125 0.01953125
0 0.24169921875 0.0068359375 0.0146484375 0.013671875
0 0.3955078125 0.0517578125 0.0166015625 0.02734375
0 0.634765625 0.025390625 0.01171875 0.0146484375
0 0.64208984375 0.025390625 0.01171875 0.0126953125
0 0.4794921875 0.00830078125 0.013671875 0.0166015625
0 0.57275390625 0.021484375 0.0126953125 0.0234375
0 0.5634765625 0.01416015625 0.0146484375 0.017578125
0 0.5595703125 0.02490234375 0.013671875 0.017578125
0 0.43505859375 0.05224609375 0.013671875 0.0234375
0 0.36181640625 0.1279296875 0.013671875 0.0244140625
0 0.34130859375 0.17431640625 0.013671875 0.0263671875