0 0.44580078125 0.3955078125 0.015625 0.03955078125
0 0.4306640625 0.396484375 0.01953125 0.044921875
0 0.5458984375 0.837890625 0.0224609375 0.03076171875
0 0.5517578125 0.66162109375 0.01416015625 0.0361328125
0 0.4130859375 0.697265625 0.0126953125 0.033203125
0 0.525390625 0.544921875 0.0087890625 0.0283203125
0 0.416015625 0.6767578125 0.013671875 0.033203125
0 0.4208984375 0.21728515625 0.01171875 0.01953125
0 0.48974609375 0.197265625 0.01953125 0.0361328125
0 0.466796875 0.216796875 0.009765625 0.02783203125
0 0.50341796875 0.14208984375 0.015625 0.033203125
0 0.56884765625 0.11083984375 0.03076171875 0.03759765625
0 0.412109375 0.275390625 0.013671875 0.02734375
0 0.388671875 0.716796875 0.01025390625 0.029296875
0 0.3984375 0.3330078125 0.01318359375 0.0361328125
0 0.40087890625 0.984375 0.02392578125 0.03125
0 0.59619140625 0.0078125 0.0126953125 0.01318359375