0 0.0966796875 0.30859375 0.0146484375 0.03759765625
0 0.083984375 0.294921875 0.02197265625 0.041015625
0 0.11181640625 0.52294921875 0.013671875 0.01953125
0 0.1123046875 0.38916015625 0.01611328125 0.01953125
0 0.041015625 0.22021484375 0.009765625 0.02734375
0 0.0830078125 0.36962890625 0.0146484375 0.0166015625
0 0.0458984375 0.47998046875 0.01416015625 0.01416015625
0 0.19970703125 0.8369140625 0.0107421875 0.02197265625
0 0.1982421875 0.78515625 0.01513671875 0.0146484375
0 0.26953125 0.67431640625 0.01025390625 0.02734375
0 0.0673828125 0.197265625 0.015625 0.017578125
0 0.08251953125 0.572265625 0.01318359375 0.02880859375
0 0.1298828125 0.591796875 0.015625 0.013671875
0 0.3212890625 0.7607421875 0.01123046875 0.02294921875
0 0.42138671875 0.87255859375 0.009765625 0.02783203125
0 0.2802734375 0.95751953125 0.0166015625 0.01611328125
0 0.19482421875 0.767578125 0.013671875 0.017578125
0 0.1142578125 0.43310546875 0.013671875 0.02587890625
0 0.2177734375 0.60009765625 0.01416015625 0.02197265625
0 0.1201171875 0.5791015625 0.01416015625 0.0146484375
0 0.11083984375 0.58837890625 0.01171875 0.01953125
0 0.0966796875 0.6279296875 0.0087890625 0.021484375
0 0.2529296875 0.984375 0.01953125 0.02685546875