0 0.22021484375 0.02392578125 0.0380859375 0.0478515625
0 0.18310546875 0.5576171875 0.0380859375 0.052734375
0 0.3603515625 0.3935546875 0.0361328125 0.0654296875
0 0.2900390625 0.55126953125 0.0322265625 0.048828125
0 0.43798828125 0.609375 0.0439453125 0.0576171875
0 0.404296875 0.72216796875 0.0380859375 0.064453125
0 0.02685546875 0.79736328125 0.03515625 0.0595703125
0 0.19482421875 0.689453125 0.0380859375 0.05859375
0 0.25830078125 0.16064453125 0.033203125 0.05859375
0 0.23583984375 0.5234375 0.0302734375 0.056640625
0 0.224609375 0.212890625 0.03125 0.0537109375
0 0.1103515625 0.42724609375 0.04296875 0.05859375
0 0.4189453125 0.37109375 0.033203125 0.05859375
0 0.447265625 0.13671875 0.0390625 0.0439453125
0 0.40625 0.13623046875 0.0322265625 0.0556640625
0 0.46142578125 0.3876953125 0.037109375 0.056640625
0 0.37060546875 0.14404296875 0.03515625 0.041015625
0 0.4833984375 0.21337890625 0.0400390625 0.0712890625
0 0.2734375 0.2197265625 0.0400390625 0.060546875
0 0.3623046875 0.93310546875 0.0458984375 0.0703125
0 0.45166015625 0.3173828125 0.03125 0.0546875
0 0.2626953125 0.35693359375 0.0390625 0.0654296875
0 0.29052734375 0.0068359375 0.0302734375 0.013671875
0 0.3369140625 0.22998046875 0.0400390625 0.0478515625
0 0.47216796875 0.666015625 0.0302734375 0.048828125
0 0.26611328125 0.52392578125 0.0361328125 0.0546875
0 0.375 0.60595703125 0.0380859375 0.06640625
0 0.0361328125 0.51513671875 0.0283203125 0.04296875
0 0.4140625 0.26806640625 0.03125 0.048828125
0 0.37939453125 0.3076171875 0.0400390625 0.052734375
0 0.4375 0.17431640625 0.0380859375 0.05078125
0 0.41455078125 0.03662109375 0.037109375 0.060546875
0 0.02099609375 0.4404296875 0.03125 0.0439453125
0 0.04638671875 0.3740234375 0.0390625 0.0458984375
0 0.19287109375 0.90576171875 0.0400390625 0.0673828125
0 0.02587890625 0.38330078125 0.02734375 0.0341796875
0 0.0283203125 0.4169921875 0.0361328125 0.0458984375
0 0.275390625 0.3369140625 0.0224609375 0.033203125
0 0.1474609375 0.923828125 0.017578125 0.017578125