0 0.88916015625 0.611328125 0.0244140625 0.056640625
0 0.54443359375 0.32763671875 0.03515625 0.0478515625
0 0.755859375 0.46533203125 0.0302734375 0.0546875
0 0.75927734375 0.29931640625 0.01953125 0.05078125
0 0.70458984375 0.3193359375 0.0234375 0.0498046875
0 0.62451171875 0.10693359375 0.0244140625 0.05859375
0 0.673828125 0.14404296875 0.025390625 0.0625
0 0.6474609375 0.87451171875 0.03125 0.0517578125
0 0.98486328125 0.595703125 0.0263671875 0.0595703125
0 0.49609375 0.373046875 0.021484375 0.0439453125
0 0.54541015625 0.4365234375 0.0283203125 0.0576171875
0 0.68212890625 0.75732421875 0.033203125 0.052734375
0 0.60400390625 0.337890625 0.029296875 0.0625
0 0.6015625 0.7490234375 0.037109375 0.05859375
0 0.77734375 0.1416015625 0.0224609375 0.0478515625
0 0.8037109375 0.34814453125 0.0244140625 0.041015625
0 0.55908203125 0.810546875 0.0419921875 0.046875
0 0.541015625 0.7275390625 0.0400390625 0.05078125
0 0.677734375 0.06298828125 0.029296875 0.0419921875
0 0.607421875 0.04833984375 0.0224609375 0.0546875
0 0.98486328125 0.27734375 0.0234375 0.0439453125
0 0.65380859375 0.0205078125 0.0224609375 0.03125
0 0.916015625 0.97314453125 0.03515625 0.0537109375
0 0.47412109375 0.8466796875 0.0322265625 0.05078125
0 0.57958984375 0.11328125 0.0263671875 0.0517578125
0 0.9765625 0.20947265625 0.0283203125 0.0390625
0 0.85009765625 0.0234375 0.01953125 0.0244140625
0 0.482421875 0.90478515625 0.01953125 0.0341796875
0 0.490234375 0.78662109375 0.044921875 0.095703125
0 0.69677734375 0.6591796875 0.0205078125 0.037109375
0 0.732421875 0.296875 0.0166015625 0.0341796875
0 0.71337890625 0.869140625 0.0146484375 0.033203125
0 0.7275390625 0.9033203125 0.021484375 0.044921875
0 0.9990234375 0.34228515625 0.001953125 0.0400390625
0 0.59814453125 0.32177734375 0.0146484375 0.0341796875
0 0.533203125 0.650390625 0.033203125 0.0654296875
0 0.42236328125 0.7119140625 0.0166015625 0.021484375
0 0.74951171875 0.7255859375 0.0146484375 0.0263671875
0 0.57421875 0.1005859375 0.015625 0.02734375
0 0.6689453125 0.0537109375 0.017578125 0.0283203125
0 0.80419921875 0.0224609375 0.0224609375 0.0244140625
0 0.435546875 0.70703125 0.0419921875 0.0537109375