0 0.94775390625 0.552734375 0.01953125 0.0205078125
0 0.673828125 0.5751953125 0.0205078125 0.03125
0 0.72119140625 0.81494140625 0.0205078125 0.0302734375
0 0.94091796875 0.470703125 0.0263671875 0.021484375
0 0.904296875 0.50927734375 0.029296875 0.0234375
0 0.9775390625 0.56005859375 0.0166015625 0.0244140625
0 0.9111328125 0.64111328125 0.029296875 0.025390625
0 0.87109375 0.8056640625 0.033203125 0.0283203125
0 0.6923828125 0.1044921875 0.0283203125 0.0205078125
0 0.42822265625 0.20947265625 0.025390625 0.0205078125
0 0.8095703125 0.6748046875 0.029296875 0.033203125
0 0.8447265625 0.27783203125 0.0263671875 0.0224609375
0 0.98583984375 0.60205078125 0.0166015625 0.0263671875
0 0.5595703125 0.21875 0.0234375 0.0185546875
0 0.79248046875 0.63720703125 0.0234375 0.033203125
0 0.7958984375 0.86181640625 0.029296875 0.0361328125
0 0.6650390625 0.5517578125 0.0185546875 0.0166015625
0 0.359375 0.42578125 0.0224609375 0.021484375
0 0.91455078125 0.703125 0.029296875 0.029296875
0 0.556640625 0.41259765625 0.029296875 0.0234375
0 0.546875 0.6005859375 0.0234375 0.03125
0 0.71484375 0.43505859375 0.0283203125 0.0224609375
0 0.82177734375 0.69482421875 0.025390625 0.0263671875
0 0.73779296875 0.77880859375 0.0205078125 0.0419921875
0 0.66748046875 0.12255859375 0.01953125 0.0166015625
0 0.8369140625 0.0712890625 0.021484375 0.01953125
0 0.5654296875 0.2783203125 0.0224609375 0.0244140625
0 0.95947265625 0.923828125 0.013671875 0.0390625
0 0.7001953125 0.634765625 0.025390625 0.03515625
0 0.662109375 0.2099609375 0.0234375 0.01953125
0 0.72265625 0.19677734375 0.0166015625 0.0205078125
0 0.62109375 0.81005859375 0.0263671875 0.0234375
0 0.513671875 0.56005859375 0.02734375 0.0380859375
0 0.64892578125 0.14111328125 0.0234375 0.021484375
0 0.8818359375 0.80615234375 0.015625 0.0205078125
0 0.74951171875 0.779296875 0.0263671875 0.033203125
0 0.564453125 0.6005859375 0.0166015625 0.0205078125