0 0.8798828125 0.095703125 0.02734375 0.05126953125
0 0.7958984375 0.62744140625 0.0283203125 0.04736328125
0 0.66015625 0.427734375 0.02294921875 0.0615234375
0 0.69287109375 0.59716796875 0.0224609375 0.04541015625
0 0.53564453125 0.62060546875 0.033203125 0.0517578125
0 0.54345703125 0.73828125 0.025390625 0.060546875
0 0.89404296875 0.89599609375 0.02294921875 0.0556640625
0 0.7548828125 0.75341796875 0.0263671875 0.0537109375
0 0.81201171875 0.2236328125 0.02099609375 0.0556640625
0 0.751953125 0.58203125 0.01806640625 0.05419921875
0 0.8330078125 0.2822265625 0.02099609375 0.0498046875
0 0.89599609375 0.5166015625 0.03173828125 0.05322265625
0 0.60791015625 0.392578125 0.021484375 0.0546875
0 0.63330078125 0.15771484375 0.03125 0.03759765625
0 0.67333984375 0.16650390625 0.02099609375 0.052734375
0 0.98828125 0.87451171875 0.0234375 0.0673828125
0 0.56298828125 0.3994140625 0.02587890625 0.0517578125
0 0.7060546875 0.18212890625 0.02734375 0.0361328125
0 0.58056640625 0.224609375 0.02587890625 0.06689453125
0 0.78369140625 0.27783203125 0.02783203125 0.05615234375
0 0.53662109375 0.953125 0.0322265625 0.064453125
0 0.58837890625 0.3330078125 0.02001953125 0.05126953125
0 0.76318359375 0.4140625 0.02587890625 0.0615234375
0 0.81787109375 0.05419921875 0.0224609375 0.0361328125
0 0.7197265625 0.2734375 0.03125 0.0419921875
0 0.48974609375 0.66796875 0.0205078125 0.044921875
0 0.72265625 0.576171875 0.02490234375 0.05078125
0 0.59814453125 0.63134765625 0.0244140625 0.06298828125
0 0.94873046875 0.619140625 0.01953125 0.03955078125
0 0.6357421875 0.29345703125 0.02197265625 0.044921875
0 0.66064453125 0.33984375 0.02978515625 0.046875
0 0.63427734375 0.19677734375 0.02880859375 0.04541015625
0 0.6875 0.06787109375 0.025390625 0.05615234375
0 0.97998046875 0.5498046875 0.02294921875 0.03955078125
0 0.97021484375 0.4794921875 0.0302734375 0.04052734375
0 0.7080078125 0.96435546875 0.02685546875 0.06298828125
0 0.98828125 0.4931640625 0.021484375 0.0302734375
0 0.97802734375 0.525390625 0.02783203125 0.04052734375
0 0.75537109375 0.3916015625 0.015625 0.0302734375
0 0.748046875 0.9921875 0.01416015625 0.01513671875