0 0.48046875 0.09716796875 0.05712890625 0.0712890625
0 0.24365234375 0.064453125 0.05224609375 0.05419921875
0 0.4345703125 0.16796875 0.0693359375 0.0712890625
0 0.087890625 0.0771484375 0.03662109375 0.03759765625
0 0.03271484375 0.23974609375 0.0654296875 0.0810546875
0 0.5869140625 0.28759765625 0.07470703125 0.08544921875
0 0.77001953125 0.26708984375 0.0517578125 0.056640625
0 0.3203125 0.4599609375 0.0390625 0.12060546875
0 0.97021484375 0.08447265625 0.0537109375 0.0546875
0 0.2294921875 0.32958984375 0.0751953125 0.09375
0 0.466796875 0.25439453125 0.0400390625 0.0810546875
0 0.369140625 0.0986328125 0.0390625 0.060546875
0 0.36181640625 0.1328125 0.04296875 0.04638671875
0 0.45556640625 0.05419921875 0.04931640625 0.064453125
0 0.16650390625 0.0458984375 0.03271484375 0.03271484375
0 0.275390625 0.38916015625 0.06103515625 0.04736328125
0 0.52978515625 0.0458984375 0.05322265625 0.0693359375
0 0.0205078125 0.33740234375 0.04052734375 0.09375
0 0.912109375 0.2119140625 0.08056640625 0.083984375
0 0.095703125 0.158203125 0.04833984375 0.06640625
0 0.6611328125 0.1005859375 0.041015625 0.05615234375
0 0.73681640625 0.5224609375 0.09521484375 0.078125
0 0.7470703125 0.02587890625 0.07177734375 0.0517578125
0 0.37353515625 0.73828125 0.056640625 0.13623046875
0 0.185546875 0.61767578125 0.0625 0.17822265625
0 0.17041015625 0.087890625 0.04931640625 0.06689453125
0 0.19384765625 0.04541015625 0.0439453125 0.05419921875
0 0.01220703125 0.01513671875 0.0244140625 0.0302734375
0 0.337890625 0.2099609375 0.03955078125 0.0439453125
0 0.02197265625 0.728515625 0.04345703125 0.11865234375
0 0.048828125 0.814453125 0.0966796875 0.2021484375
0 0.49609375 0.05029296875 0.0498046875 0.06201171875
0 0.9130859375 0.8701171875 0.14794921875 0.1591796875
0 0.8125 0.96337890625 0.06640625 0.072265625