0 0.1142578125 0.73291015625 0.01171875 0.0146484375
0 0.3173828125 0.8203125 0.0107421875 0.0146484375
0 0.32666015625 0.7890625 0.0078125 0.0107421875
0 0.32763671875 0.7978515625 0.01171875 0.013671875
0 0.1435546875 0.73876953125 0.0107421875 0.01171875
0 0.15869140625 0.7451171875 0.0107421875 0.0126953125
0 0.07568359375 0.71533203125 0.009765625 0.01171875
0 0.2958984375 0.81396484375 0.009765625 0.015625
0 0.08984375 0.69580078125 0.0107421875 0.01171875
0 0.26416015625 0.70361328125 0.009765625 0.01171875
0 0.37451171875 0.767578125 0.009765625 0.0146484375
0 0.140625 0.72412109375 0.0068359375 0.01171875
0 0.31201171875 0.8671875 0.0126953125 0.017578125
0 0.41455078125 0.76123046875 0.0126953125 0.0146484375
0 0.27734375 0.72607421875 0.0107421875 0.01171875
0 0.43408203125 0.810546875 0.0107421875 0.0146484375
0 0.064453125 0.697265625 0.0087890625 0.01171875
0 0.13037109375 0.90576171875 0.009765625 0.017578125
0 0.1220703125 0.72607421875 0.0107421875 0.0126953125
0 0.3466796875 0.77001953125 0.0166015625 0.0166015625
0 0.0966796875 0.97998046875 0.01171875 0.0205078125
0 0.20751953125 0.72705078125 0.009765625 0.013671875
0 0.29248046875 0.88818359375 0.0126953125 0.0146484375
0 0.4208984375 0.73583984375 0.0078125 0.013671875
0 0.38818359375 0.783203125 0.0087890625 0.0126953125
0 0.25537109375 0.70263671875 0.009765625 0.01171875
0 0.1982421875 0.69091796875 0.0126953125 0.013671875
0 0.18115234375 0.68603515625 0.0087890625 0.01171875
0 0.39697265625 0.75244140625 0.01171875 0.017578125
0 0.1611328125 0.68603515625 0.0107421875 0.01171875
0 0.4326171875 0.79443359375 0.0068359375 0.013671875
0 0.080078125 0.673828125 0.0087890625 0.0126953125
0 0.40283203125 0.78955078125 0.009765625 0.015625
0 0.203125 0.69970703125 0.005859375 0.009765625
0 0.14306640625 0.68701171875 0.015625 0.0185546875
0 0.04052734375 0.65576171875 0.009765625 0.0126953125
0 0.10888671875 0.6748046875 0.0068359375 0.0087890625
0 0.08984375 0.66748046875 0.01171875 0.0146484375