0 0.2353515625 0.6181640625 0.046875 0.0966796875
0 0.70458984375 0.69970703125 0.03369140625 0.03515625
0 0.40087890625 0.43359375 0.03662109375 0.037109375
0 0.27197265625 0.45947265625 0.04736328125 0.07568359375
0 0.5126953125 0.724609375 0.03515625 0.05078125
0 0.2197265625 0.853515625 0.0322265625 0.0546875
0 0.353515625 0.57421875 0.0556640625 0.0771484375
0 0.6142578125 0.56640625 0.037109375 0.05126953125
0 0.3642578125 0.7822265625 0.037109375 0.0419921875
0 0.462890625 0.533203125 0.03564453125 0.04443359375
0 0.607421875 0.97412109375 0.03076171875 0.05078125
0 0.37109375 0.87646484375 0.03515625 0.03955078125
0 0.5869140625 0.1640625 0.03466796875 0.06298828125
0 0.13671875 0.30419921875 0.02880859375 0.0546875
0 0.5751953125 0.71826171875 0.02880859375 0.04833984375
0 0.5634765625 0.35595703125 0.02734375 0.052734375
0 0.6044921875 0.89404296875 0.0341796875 0.05859375
0 0.54345703125 0.1748046875 0.03955078125 0.03857421875
0 0.0908203125 0.666015625 0.02392578125 0.06982421875
0 0.5400390625 0.673828125 0.02294921875 0.0419921875
0 0.4423828125 0.2822265625 0.0400390625 0.03564453125
0 0.42919921875 0.5517578125 0.025390625 0.04345703125
0 0.400390625 0.8857421875 0.0390625 0.04541015625
0 0.08740234375 0.1962890625 0.0322265625 0.046875
0 0.4921875 0.75390625 0.025390625 0.03271484375
0 0.19189453125 0.421875 0.037109375 0.04248046875
0 0.23583984375 0.5654296875 0.02099609375 0.056640625
0 0.275390625 0.11083984375 0.03515625 0.04052734375
0 0.0400390625 0.7734375 0.0283203125 0.06298828125
0 0.46875 0.3916015625 0.029296875 0.0556640625
0 0.083984375 0.92431640625 0.02197265625 0.04296875
0 0.48583984375 0.673828125 0.0224609375 0.0283203125
0 0.529296875 0.27880859375 0.02880859375 0.0439453125
0 0.3427734375 0.6650390625 0.0400390625 0.04541015625
0 0.4599609375 0.90625 0.0341796875 0.05859375
0 0.57080078125 0.923828125 0.01611328125 0.03369140625
0 0.4365234375 0.8623046875 0.01953125 0.04052734375
0 0.43896484375 0.70556640625 0.0283203125 0.044921875
0 0.17724609375 0.12353515625 0.02978515625 0.05517578125
0 0.2216796875 0.939453125 0.05712890625 0.06396484375
0 0.4365234375 0.97216796875 0.01806640625 0.04931640625
0 0.50830078125 0.298828125 0.02490234375 0.03515625
0 0.1435546875 0.14306640625 0.02880859375 0.05419921875
0 0.3828125 0.7041015625 0.02490234375 0.05322265625
0 0.4541015625 0.09716796875 0.037109375 0.04931640625
0 0.31005859375 0.638671875 0.03076171875 0.05322265625
0 0.455078125 0.22412109375 0.029296875 0.03125
0 0.33642578125 0.5439453125 0.021484375 0.0234375
0 0.455078125 0.82861328125 0.03857421875 0.04931640625
0 0.46875 0.42578125 0.029296875 0.05908203125
0 0.505859375 0.1865234375 0.02587890625 0.03662109375
0 0.4150390625 0.01123046875 0.033203125 0.02197265625
0 0.22412109375 0.595703125 0.0263671875 0.056640625
0 0.08740234375 0.16552734375 0.02490234375 0.0400390625
0 0.0087890625 0.84423828125 0.017578125 0.0478515625
0 0.17626953125 0.74609375 0.021484375 0.03125
0 0.5634765625 0.46435546875 0.02001953125 0.0390625
0 0.45556640625 0.41943359375 0.02294921875 0.06201171875
0 0.5087890625 0.986328125 0.02734375 0.02734375
0 0.42578125 0.64599609375 0.0107421875 0.04443359375
0 0.205078125 0.921875 0.03564453125 0.04541015625
0 0.03271484375 0.81005859375 0.060546875 0.13671875
0 0.005859375 0.4853515625 0.0107421875 0.04150390625
0 0.1015625 0.599609375 0.01123046875 0.02197265625
0 0.24853515625 0.455078125 0.02392578125 0.03076171875
0 0.2646484375 0.4404296875 0.02490234375 0.04541015625
0 0.302734375 0.119140625 0.0244140625 0.02734375
0 0.6630859375 0.9130859375 0.021484375 0.0322265625
0 0.60498046875 0.552734375 0.0224609375 0.02734375
0 0.1513671875 0.03955078125 0.0126953125 0.021484375