0 0.00830078125 0.759765625 0.0166015625 0.0234375
0 0.03662109375 0.6787109375 0.0185546875 0.0224609375
0 0.06201171875 0.77978515625 0.021484375 0.0263671875
0 0.01513671875 0.77880859375 0.0263671875 0.0263671875
0 0.08837890625 0.822265625 0.021484375 0.0263671875
0 0.06884765625 0.6953125 0.0205078125 0.0244140625
0 0.095703125 0.76318359375 0.0224609375 0.025390625
0 0.07861328125 0.7451171875 0.0234375 0.0263671875
0 0.1142578125 0.845703125 0.0224609375 0.0283203125
0 0.1708984375 0.91015625 0.0234375 0.0283203125
0 0.125 0.72265625 0.01171875 0.0205078125
0 0.09912109375 0.8427734375 0.025390625 0.0302734375
0 0.16259765625 0.8642578125 0.0146484375 0.0205078125
0 0.10302734375 0.82666015625 0.0185546875 0.01953125
0 0.09619140625 0.74755859375 0.0146484375 0.0185546875