0 0.10498046875 0.802734375 0.01611328125 0.0224609375
0 0.0478515625 0.7470703125 0.009765625 0.0302734375
0 0.068359375 0.8076171875 0.01123046875 0.02880859375
0 0.07421875 0.81298828125 0.0126953125 0.0224609375
0 0.39013671875 0.08984375 0.01220703125 0.0244140625
0 0.0947265625 0.26416015625 0.015625 0.01513671875
0 0.07275390625 0.255859375 0.0107421875 0.0224609375
0 0.25048828125 0.33544921875 0.01416015625 0.01904296875
0 0.19384765625 0.25537109375 0.0166015625 0.01611328125
0 0.3642578125 0.14501953125 0.00927734375 0.02490234375
0 0.02685546875 0.47900390625 0.01513671875 0.01220703125
0 0.08349609375 0.2939453125 0.0126953125 0.01513671875
0 0.037109375 0.51025390625 0.01611328125 0.01416015625
0 0.3896484375 0.03759765625 0.0107421875 0.02490234375
0 0.1005859375 0.33544921875 0.01171875 0.01953125
0 0.138671875 0.68359375 0.013671875 0.025390625
0 0.2744140625 0.52783203125 0.01025390625 0.017578125
0 0.12939453125 0.333984375 0.01611328125 0.0146484375
0 0.1865234375 0.7119140625 0.01318359375 0.02392578125
0 0.02392578125 0.861328125 0.013671875 0.02392578125
0 0.33984375 0.25390625 0.01220703125 0.02197265625
0 0.3759765625 0.041015625 0.00927734375 0.02685546875
0 0.29150390625 0.52392578125 0.01025390625 0.0166015625
0 0.1005859375 0.2109375 0.01416015625 0.02392578125
0 0.38623046875 0.10888671875 0.0126953125 0.021484375