0 0.63427734375 0.4609375 0.0205078125 0.0380859375
0 0.7978515625 0.78466796875 0.017578125 0.05078125
0 0.59619140625 0.6357421875 0.0166015625 0.0419921875
0 0.5439453125 0.859375 0.015625 0.046875
0 0.51318359375 0.60009765625 0.01953125 0.041015625
0 0.56982421875 0.08154296875 0.0205078125 0.029296875
0 0.7109375 0.70458984375 0.017578125 0.041015625
0 0.669921875 0.24853515625 0.0166015625 0.0458984375
0 0.6865234375 0.623046875 0.0166015625 0.0419921875
0 0.869140625 0.92822265625 0.0244140625 0.0390625
0 0.86181640625 0.47802734375 0.0205078125 0.029296875
0 0.6748046875 0.6455078125 0.0205078125 0.044921875
0 0.69677734375 0.5400390625 0.01953125 0.0380859375
0 0.56298828125 0.35595703125 0.0205078125 0.03125
0 0.6220703125 0.1943359375 0.0166015625 0.0439453125
0 0.6806640625 0.00390625 0.01953125 0.0078125
0 0.759765625 0.51416015625 0.0166015625 0.04296875
0 0.8349609375 0.79541015625 0.0224609375 0.0517578125
0 0.78271484375 0.51513671875 0.0166015625 0.044921875
0 0.7099609375 0.1083984375 0.015625 0.03515625
0 0.8232421875 0.201171875 0.0166015625 0.03515625
0 0.845703125 0.57666015625 0.021484375 0.0478515625
0 0.92138671875 0.20654296875 0.0234375 0.0439453125
0 0.85302734375 0.005859375 0.0166015625 0.01171875
0 0.85693359375 0.10595703125 0.015625 0.0341796875
0 0.91064453125 0.27685546875 0.01953125 0.03125
0 0.7314453125 0.45556640625 0.0166015625 0.044921875
0 0.98291015625 0.44921875 0.0185546875 0.0390625
0 0.974609375 0.6298828125 0.0234375 0.048828125
0 0.73095703125 0.34765625 0.0166015625 0.0390625
0 0.76025390625 0.47900390625 0.0205078125 0.0478515625
0 0.93359375 0.4326171875 0.015625 0.037109375
0 0.94921875 0.1923828125 0.0185546875 0.0478515625
0 0.6396484375 0.302734375 0.0146484375 0.03515625
0 0.93603515625 0.01611328125 0.0224609375 0.0322265625
0 0.72314453125 0.09033203125 0.015625 0.0390625
0 0.7421875 0.173828125 0.01953125 0.0400390625
0 0.5927734375 0.220703125 0.017578125 0.048828125
0 0.88720703125 0.283203125 0.0205078125 0.0322265625
0 0.90869140625 0.6357421875 0.0224609375 0.04296875
0 0.880859375 0.6220703125 0.015625 0.0400390625
0 0.7724609375 0.1982421875 0.017578125 0.0361328125
0 0.99658203125 0.65185546875 0.0068359375 0.0224609375
0 0.59765625 0.31396484375 0.015625 0.0380859375
0 0.57568359375 0.3251953125 0.015625 0.0400390625
0 0.88525390625 0.19482421875 0.0185546875 0.03515625
0 0.94921875 0.4072265625 0.017578125 0.037109375
0 0.59228515625 0.1728515625 0.0185546875 0.044921875
0 0.5478515625 0.66015625 0.017578125 0.052734375
0 0.9013671875 0.54052734375 0.0205078125 0.044921875
0 0.7548828125 0.0078125 0.01953125 0.015625
0 0.9423828125 0.0458984375 0.01953125 0.0400390625
0 0.462890625 0.98876953125 0.021484375 0.0224609375
0 0.7353515625 0.05322265625 0.01953125 0.0458984375
0 0.4765625 0.54345703125 0.015625 0.044921875
0 0.78515625 0.17626953125 0.0185546875 0.0419921875
0 0.57275390625 0.98486328125 0.015625 0.0205078125
0 0.662109375 0.37158203125 0.01953125 0.0341796875
0 0.47705078125 0.515625 0.0166015625 0.0458984375
0 0.77490234375 0.05615234375 0.0146484375 0.029296875
0 0.51025390625 0.7744140625 0.03515625 0.0419921875