0 0.81005859375 0.74951171875 0.01953125 0.029296875
0 0.5810546875 0.70654296875 0.01953125 0.0224609375
0 0.55615234375 0.771484375 0.0087890625 0.0185546875
0 0.82275390625 0.94384765625 0.0107421875 0.0224609375
0 0.5712890625 0.7763671875 0.0107421875 0.013671875
0 0.7392578125 0.7607421875 0.009765625 0.01953125
0 0.6416015625 0.7900390625 0.013671875 0.0224609375
0 0.97216796875 0.90576171875 0.0107421875 0.0244140625
0 0.75439453125 0.8076171875 0.009765625 0.017578125
0 0.9560546875 0.91796875 0.0087890625 0.017578125
0 0.77734375 0.7880859375 0.0107421875 0.0185546875
0 0.84033203125 0.81982421875 0.0166015625 0.033203125
0 0.595703125 0.9716796875 0.0126953125 0.025390625
0 0.91845703125 0.86865234375 0.01171875 0.0205078125
0 0.69140625 0.8505859375 0.009765625 0.021484375
0 0.61669921875 0.86083984375 0.01171875 0.0224609375
0 0.60400390625 0.873046875 0.0107421875 0.0224609375
0 0.615234375 0.96435546875 0.013671875 0.0234375
0 0.77978515625 0.95068359375 0.0107421875 0.01953125
0 0.8212890625 0.85595703125 0.0107421875 0.0244140625
0 0.6572265625 0.83447265625 0.015625 0.0224609375
0 0.783203125 0.8564453125 0.013671875 0.0234375
0 0.802734375 0.8896484375 0.009765625 0.0234375
0 0.79931640625 0.91943359375 0.009765625 0.0224609375
0 0.7861328125 0.814453125 0.013671875 0.021484375
0 0.62548828125 0.92529296875 0.015625 0.0283203125
0 0.7568359375 0.90673828125 0.0126953125 0.021484375
0 0.62890625 0.89013671875 0.0107421875 0.0205078125
0 0.80078125 0.82470703125 0.0107421875 0.0205078125
0 0.791015625 0.8359375 0.0107421875 0.0234375
0 0.72412109375 0.85986328125 0.0126953125 0.0224609375
0 0.8369140625 0.89990234375 0.0126953125 0.0234375
0 0.78662109375 0.916015625 0.0107421875 0.021484375
0 0.64794921875 0.96484375 0.0185546875 0.0322265625
0 0.69384765625 0.92919921875 0.009765625 0.0205078125
0 0.71484375 0.875 0.0107421875 0.0205078125
0 0.654296875 0.8681640625 0.01171875 0.025390625
0 0.66162109375 0.89453125 0.0107421875 0.017578125
0 0.6806640625 0.96533203125 0.0146484375 0.0244140625
0 0.72900390625 0.89697265625 0.0126953125 0.0224609375
0 0.68408203125 0.89990234375 0.0107421875 0.0234375
0 0.7119140625 0.93896484375 0.0126953125 0.0234375
0 0.69921875 0.87548828125 0.013671875 0.0234375
0 0.70458984375 0.96044921875 0.01953125 0.0234375
0 0.9951171875 0.919921875 0.009765625 0.013671875
0 0.73046875 0.93115234375 0.0166015625 0.03515625
0 0.64453125 0.88134765625 0.01171875 0.0224609375
0 0.69482421875 0.96826171875 0.0126953125 0.0146484375
0 0.8330078125 0.9287109375 0.0087890625 0.015625
0 0.73876953125 0.93896484375 0.0126953125 0.029296875
0 0.6298828125 0.77978515625 0.009765625 0.015625
0 0.67724609375 0.94189453125 0.0166015625 0.0322265625
0 0.79736328125 0.8564453125 0.0146484375 0.0283203125
0 0.666015625 0.9140625 0.0107421875 0.0234375
0 0.57958984375 0.80322265625 0.01171875 0.0185546875
0 0.5712890625 0.7890625 0.01171875 0.0205078125
0 0.7509765625 0.7919921875 0.0126953125 0.0185546875
0 0.9599609375 0.91357421875 0.009765625 0.0166015625