0 0.33935546875 0.83056640625 0.0380859375 0.05859375
0 0.33642578125 0.32373046875 0.0439453125 0.052734375
0 0.2373046875 0.56103515625 0.033203125 0.05859375
0 0.2939453125 0.498046875 0.033203125 0.0478515625
0 0.4404296875 0.9814453125 0.03125 0.037109375
0 0.23681640625 0.421875 0.0361328125 0.04296875
0 0.29443359375 0.37353515625 0.0458984375 0.0634765625
0 0.30810546875 0.76806640625 0.033203125 0.0419921875
0 0.1923828125 0.35009765625 0.0322265625 0.0595703125
0 0.244140625 0.07470703125 0.0380859375 0.0517578125
0 0.169921875 0.427734375 0.0322265625 0.0556640625
0 0.10986328125 0.74267578125 0.03515625 0.05859375
0 0.0859375 0.2177734375 0.0322265625 0.0498046875
0 0.02294921875 0.4111328125 0.03125 0.056640625
0 0.49462890625 0.572265625 0.0361328125 0.0498046875
0 0.42431640625 0.37451171875 0.0322265625 0.0498046875
0 0.087890625 0.111328125 0.0263671875 0.0400390625
0 0.0146484375 0.14208984375 0.029296875 0.0439453125
0 0.4326171875 0.4296875 0.0224609375 0.033203125
0 0.3544921875 0.70458984375 0.037109375 0.0634765625
0 0.3984375 0.31982421875 0.025390625 0.0439453125
0 0.3525390625 0.39111328125 0.0400390625 0.04296875
0 0.47119140625 0.53955078125 0.033203125 0.05859375
0 0.31982421875 0.25048828125 0.0390625 0.060546875
0 0.55224609375 0.86279296875 0.037109375 0.0654296875
0 0.3935546875 0.36279296875 0.0341796875 0.0595703125