0 0.6064453125 0.45263671875 0.044921875 0.06689453125
0 0.69287109375 0.36279296875 0.0390625 0.09033203125
0 0.654296875 0.3515625 0.0341796875 0.060546875
0 0.77490234375 0.2939453125 0.0390625 0.0576171875
0 0.580078125 0.314453125 0.0400390625 0.06396484375
0 0.7177734375 0.48779296875 0.0244140625 0.0849609375
0 0.85693359375 0.46875 0.03955078125 0.06884765625
0 0.54833984375 0.4931640625 0.05029296875 0.06884765625
0 0.19384765625 0.46923828125 0.029296875 0.07958984375
0 0.74169921875 0.31298828125 0.0517578125 0.052734375
0 0.7412109375 0.2119140625 0.0439453125 0.048828125
0 0.6298828125 0.5419921875 0.03369140625 0.078125
0 0.85205078125 0.31787109375 0.0302734375 0.05029296875
0 0.34619140625 0.42626953125 0.02685546875 0.072265625
0 0.6572265625 0.7294921875 0.0380859375 0.10400390625
0 0.189453125 0.40478515625 0.03125 0.06396484375
0 0.94287109375 0.49462890625 0.02978515625 0.078125
0 0.8720703125 0.34716796875 0.029296875 0.064453125
0 0.80029296875 0.5322265625 0.025390625 0.09228515625
0 0.76318359375 0.1962890625 0.02197265625 0.052734375
0 0.94873046875 0.43310546875 0.02734375 0.08154296875
0 0.0263671875 0.58984375 0.0517578125 0.0673828125
0 0.2861328125 0.52099609375 0.0341796875 0.09375
0 0.314453125 0.90869140625 0.044921875 0.1103515625
0 0.9853515625 0.23095703125 0.025390625 0.0498046875