0 0.92138671875 0.22900390625 0.0224609375 0.02294921875
0 0.7392578125 0.82666015625 0.0224609375 0.03369140625
0 0.97900390625 0.69970703125 0.02294921875 0.02587890625
0 0.98974609375 0.9853515625 0.0205078125 0.029296875
0 0.95654296875 0.66162109375 0.01708984375 0.0205078125
0 0.9384765625 0.72900390625 0.01806640625 0.02001953125
0 0.9853515625 0.5068359375 0.01806640625 0.01953125
0 0.97265625 0.75244140625 0.01806640625 0.017578125
0 0.94140625 0.79736328125 0.02001953125 0.021484375
0 0.99560546875 0.6005859375 0.0087890625 0.02001953125
0 0.90185546875 0.52978515625 0.01708984375 0.01953125
0 0.91796875 0.58349609375 0.01513671875 0.01904296875
0 0.9072265625 0.681640625 0.01806640625 0.0224609375
0 0.90966796875 0.65771484375 0.01708984375 0.01953125
0 0.98974609375 0.92431640625 0.02001953125 0.0263671875
0 0.8984375 0.71533203125 0.01953125 0.02001953125
0 0.90576171875 0.78857421875 0.017578125 0.0244140625
0 0.908203125 0.75537109375 0.01708984375 0.0205078125
0 0.76513671875 0.7236328125 0.0146484375 0.025390625
0 0.7978515625 0.689453125 0.0185546875 0.02001953125
0 0.9609375 0.51318359375 0.013671875 0.01953125
0 0.97998046875 0.5751953125 0.013671875 0.02001953125
0 0.90087890625 0.55078125 0.0185546875 0.0185546875
0 0.98974609375 0.48095703125 0.0166015625 0.017578125
0 0.890625 0.578125 0.0166015625 0.01708984375
0 0.8037109375 0.75927734375 0.0166015625 0.02197265625
0 0.93017578125 0.470703125 0.01708984375 0.01806640625
0 0.94921875 0.49853515625 0.0166015625 0.01611328125
0 0.89501953125 0.84228515625 0.021484375 0.021484375
0 0.91552734375 0.88134765625 0.01904296875 0.02099609375
0 0.884765625 0.7001953125 0.017578125 0.01806640625
0 0.90966796875 0.9208984375 0.01904296875 0.02587890625
0 0.72705078125 0.72021484375 0.02001953125 0.01904296875
0 0.884765625 0.79052734375 0.01611328125 0.02392578125
0 0.90576171875 0.630859375 0.015625 0.01708984375
0 0.87646484375 0.724609375 0.017578125 0.01953125
0 0.861328125 0.68505859375 0.01904296875 0.02294921875
0 0.98828125 0.38916015625 0.01611328125 0.01806640625
0 0.90087890625 0.60546875 0.01708984375 0.0185546875
0 0.82666015625 0.59912109375 0.01611328125 0.02001953125
0 0.8681640625 0.646484375 0.01953125 0.01953125
0 0.9267578125 0.50927734375 0.0185546875 0.021484375
0 0.89599609375 0.494140625 0.015625 0.02001953125
0 0.85791015625 0.73779296875 0.0166015625 0.021484375
0 0.94580078125 0.84033203125 0.01611328125 0.0205078125
0 0.98291015625 0.22216796875 0.0166015625 0.01611328125
0 0.8818359375 0.6015625 0.0166015625 0.0224609375
0 0.8310546875 0.6142578125 0.01708984375 0.0166015625
0 0.8427734375 0.7080078125 0.01806640625 0.02099609375
0 0.89453125 0.85986328125 0.017578125 0.01904296875
0 0.85791015625 0.71044921875 0.015625 0.021484375
0 0.87744140625 0.62890625 0.01953125 0.01806640625
0 0.9873046875 0.77734375 0.01953125 0.01953125
0 0.99609375 0.76513671875 0.0078125 0.0166015625
0 0.93408203125 0.49853515625 0.0146484375 0.01806640625
0 0.9814453125 0.29833984375 0.0087890625 0.01953125
0 0.9970703125 0.2958984375 0.00537109375 0.0185546875
0 0.83740234375 0.74365234375 0.01708984375 0.01904296875
0 0.98095703125 0.4404296875 0.01611328125 0.015625
0 0.91357421875 0.8212890625 0.017578125 0.0224609375
0 0.8115234375 0.64697265625 0.015625 0.02001953125
0 0.88134765625 0.55419921875 0.01513671875 0.017578125
0 0.89111328125 0.65625 0.01611328125 0.017578125
0 0.98779296875 0.52490234375 0.01171875 0.02001953125
0 0.9921875 0.05615234375 0.01220703125 0.01611328125
0 0.99560546875 0.7880859375 0.0087890625 0.01904296875
0 0.87841796875 0.6142578125 0.015625 0.01708984375
0 0.88427734375 0.64599609375 0.0205078125 0.02099609375
0 0.9970703125 0.05517578125 0.005859375 0.0166015625
0 0.99072265625 0.60302734375 0.017578125 0.0185546875
0 0.99560546875 0.3876953125 0.0087890625 0.015625
0 0.9951171875 0.4814453125 0.009765625 0.01953125
0 0.9951171875 0.9169921875 0.00927734375 0.017578125