0 0.43896484375 0.48779296875 0.0458984375 0.0400390625
0 0.3408203125 0.55615234375 0.0458984375 0.048828125
0 0.39794921875 0.376953125 0.0244140625 0.0556640625
0 0.4453125 0.162109375 0.037109375 0.0498046875
0 0.3115234375 0.4521484375 0.04296875 0.044921875
0 0.4033203125 0.6533203125 0.0322265625 0.0849609375
0 0.60107421875 0.15234375 0.04296875 0.0576171875
0 0.3876953125 0.16015625 0.0205078125 0.060546875
0 0.21630859375 0.27685546875 0.037109375 0.0576171875
0 0.23876953125 0.52490234375 0.0361328125 0.0654296875
0 0.5849609375 0.4599609375 0.0400390625 0.068359375
0 0.38916015625 0.822265625 0.033203125 0.0712890625
0 0.49072265625 0.1318359375 0.033203125 0.078125
0 0.02587890625 0.169921875 0.03125 0.0498046875
0 0.0283203125 0.4833984375 0.0322265625 0.0517578125
0 0.24072265625 0.0966796875 0.0361328125 0.0927734375
0 0.66357421875 0.21875 0.033203125 0.0908203125
0 0.705078125 0.021484375 0.0341796875 0.0302734375
0 0.49609375 0.1884765625 0.0478515625 0.0498046875
0 0.56884765625 0.291015625 0.0439453125 0.0439453125
0 0.3974609375 0.63525390625 0.017578125 0.0478515625
0 0.314453125 0.6259765625 0.048828125 0.048828125
0 0.0283203125 0.21435546875 0.037109375 0.046875
0 0.68603515625 0.19677734375 0.0380859375 0.04296875
0 0.35107421875 0.0771484375 0.0419921875 0.0615234375
0 0.13818359375 0.66650390625 0.0234375 0.0830078125
0 0.326171875 0.55810546875 0.0166015625 0.037109375
0 0.07666015625 0.00341796875 0.0283203125 0.0068359375
0 0.7197265625 0.0439453125 0.0205078125 0.0361328125
0 0.59130859375 0.14013671875 0.0224609375 0.03125
0 0.85009765625 0.03076171875 0.0244140625 0.037109375