0 0.15966796875 0.77392578125 0.0888671875 0.12109375
0 0.2041015625 0.4931640625 0.0888671875 0.095703125
0 0.32177734375 0.0615234375 0.048828125 0.056640625
0 0.35107421875 0.72607421875 0.0849609375 0.0966796875
0 0.11376953125 0.1494140625 0.044921875 0.0615234375
0 0.3994140625 0.5205078125 0.05859375 0.08203125
0 0.443359375 0.77587890625 0.0703125 0.1181640625
0 0.14208984375 0.28173828125 0.052734375 0.0556640625
0 0.13818359375 0.02099609375 0.0341796875 0.0419921875
0 0.45361328125 0.544921875 0.0712890625 0.076171875
0 0.51025390625 0.54638671875 0.0546875 0.095703125
0 0.0400390625 0.34814453125 0.060546875 0.08203125
0 0.6572265625 0.6435546875 0.0732421875 0.087890625
0 0.16845703125 0.10888671875 0.0361328125 0.052734375
0 0.0732421875 0.21484375 0.02734375 0.0244140625
0 0.15869140625 0.0166015625 0.0400390625 0.033203125
0 0.06884765625 0.07080078125 0.0244140625 0.0224609375
0 0.384765625 0.97314453125 0.0947265625 0.04296875
0 0.08349609375 0.08642578125 0.0322265625 0.046875
0 0.9140625 0.99169921875 0.07421875 0.0166015625
0 0.17822265625 0.06787109375 0.0498046875 0.0537109375
0 0.23583984375 0.4560546875 0.076171875 0.083984375
0 0.0634765625 0.1484375 0.0634765625 0.0693359375
0 0.28564453125 0.07958984375 0.0625 0.0615234375
0 0.50341796875 0.56201171875 0.0361328125 0.0703125