0 0.7998046875 0.57958984375 0.0146484375 0.01318359375
0 0.876953125 0.2021484375 0.00927734375 0.013671875
0 0.8486328125 0.30859375 0.01025390625 0.01171875
0 0.9052734375 0.25732421875 0.01171875 0.0126953125
0 0.7890625 0.71142578125 0.01513671875 0.0146484375
0 0.7890625 0.50146484375 0.0107421875 0.01708984375
0 0.87890625 0.94775390625 0.01611328125 0.02001953125
0 0.8125 0.46435546875 0.0107421875 0.015625
0 0.84375 0.3896484375 0.01220703125 0.01220703125
0 0.9248046875 0.1845703125 0.01123046875 0.01220703125
0 0.97900390625 0.404296875 0.01025390625 0.01416015625
0 0.8740234375 0.32421875 0.01123046875 0.013671875
0 0.96435546875 0.1943359375 0.01318359375 0.015625
0 0.96484375 0.333984375 0.01318359375 0.0107421875
0 0.83642578125 0.40869140625 0.01123046875 0.015625
0 0.76171875 0.79541015625 0.015625 0.01708984375
0 0.96875 0.353515625 0.01171875 0.01318359375
0 0.93505859375 0.93212890625 0.0166015625 0.017578125
0 0.82177734375 0.9697265625 0.00927734375 0.02392578125
0 0.77880859375 0.68017578125 0.00732421875 0.02490234375
0 0.85888671875 0.43408203125 0.01318359375 0.01416015625
0 0.77099609375 0.5546875 0.00732421875 0.0224609375
0 0.875 0.90283203125 0.01513671875 0.01806640625
0 0.802734375 0.55615234375 0.01123046875 0.01611328125
0 0.88525390625 0.46484375 0.01318359375 0.01611328125
0 0.8662109375 0.376953125 0.00927734375 0.0146484375
0 0.767578125 0.85693359375 0.01220703125 0.0185546875
0 0.85498046875 0.9912109375 0.013671875 0.015625
0 0.77001953125 0.8876953125 0.01513671875 0.01806640625
0 0.7568359375 0.98193359375 0.01611328125 0.02099609375
0 0.89697265625 0.3369140625 0.01171875 0.013671875
0 0.83056640625 0.44140625 0.0068359375 0.0166015625
0 0.78369140625 0.47509765625 0.0068359375 0.0185546875
0 0.76025390625 0.9384765625 0.015625 0.01708984375
0 0.94921875 0.4599609375 0.01171875 0.01123046875
0 0.9453125 0.98095703125 0.01806640625 0.01953125
0 0.98095703125 0.35205078125 0.009765625 0.0126953125
0 0.794921875 0.45068359375 0.013671875 0.013671875
0 0.93359375 0.18994140625 0.0068359375 0.0166015625
0 0.88134765625 0.5166015625 0.01171875 0.017578125
0 0.9521484375 0.8974609375 0.01416015625 0.0166015625
0 0.99609375 0.43408203125 0.0078125 0.0146484375
0 0.83935546875 0.64404296875 0.0146484375 0.0146484375
0 0.86328125 0.50927734375 0.01513671875 0.01513671875
0 0.99560546875 0.5986328125 0.0087890625 0.017578125
0 0.9072265625 0.310546875 0.01171875 0.01171875
0 0.7822265625 0.9765625 0.0107421875 0.025390625
0 0.98974609375 0.505859375 0.01220703125 0.013671875
0 0.96337890625 0.95068359375 0.017578125 0.017578125
0 0.9189453125 0.4765625 0.01416015625 0.0185546875
0 0.880859375 0.427734375 0.00927734375 0.0166015625
0 0.9541015625 0.990234375 0.0126953125 0.01953125
0 0.90966796875 0.6279296875 0.013671875 0.01318359375
0 0.78466796875 0.947265625 0.013671875 0.0205078125
0 0.9677734375 0.65087890625 0.01513671875 0.0146484375
0 0.81689453125 0.64794921875 0.01171875 0.01708984375
0 0.92529296875 0.30029296875 0.01123046875 0.01416015625
0 0.97998046875 0.9599609375 0.01708984375 0.01806640625
0 0.9287109375 0.46044921875 0.01318359375 0.01318359375
0 0.955078125 0.7421875 0.013671875 0.0146484375
0 0.751953125 0.708984375 0.00634765625 0.02685546875
0 0.828125 0.7900390625 0.01416015625 0.0166015625
0 0.81787109375 0.7197265625 0.0126953125 0.02001953125
0 0.92626953125 0.31982421875 0.01123046875 0.01953125
0 0.8974609375 0.3232421875 0.01171875 0.01318359375
0 0.8193359375 0.90087890625 0.01904296875 0.017578125
0 0.9130859375 0.826171875 0.0126953125 0.02099609375
0 0.82421875 0.740234375 0.0146484375 0.01513671875
0 0.80322265625 0.76416015625 0.015625 0.0166015625
0 0.95263671875 0.73095703125 0.01318359375 0.0126953125
0 0.86865234375 0.5859375 0.01220703125 0.013671875
0 0.91796875 0.85205078125 0.01025390625 0.02685546875
0 0.783203125 0.927734375 0.0166015625 0.01953125
0 0.94384765625 0.8232421875 0.01513671875 0.0166015625
0 0.84521484375 0.86962890625 0.01708984375 0.01953125
0 0.927734375 0.26904296875 0.01416015625 0.01318359375
0 0.90966796875 0.53369140625 0.0126953125 0.01416015625
0 0.88525390625 0.732421875 0.00830078125 0.025390625
0 0.970703125 0.82177734375 0.01611328125 0.01806640625
0 0.8837890625 0.673828125 0.0126953125 0.01611328125
0 0.8662109375 0.720703125 0.0146484375 0.01611328125
0 0.81298828125 0.8525390625 0.01708984375 0.0185546875
0 0.8818359375 0.8623046875 0.01611328125 0.0185546875
0 0.876953125 0.66064453125 0.01513671875 0.015625
0 0.94970703125 0.6279296875 0.01513671875 0.0185546875
0 0.794921875 0.814453125 0.0146484375 0.0185546875
0 0.947265625 0.5966796875 0.013671875 0.01513671875
0 0.8427734375 0.81982421875 0.0126953125 0.01611328125
0 0.92724609375 0.60302734375 0.01513671875 0.0185546875
0 0.95947265625 0.5791015625 0.01318359375 0.01513671875
0 0.85546875 0.755859375 0.013671875 0.0185546875
0 0.9619140625 0.69873046875 0.01513671875 0.01708984375
0 0.8369140625 0.6591796875 0.015625 0.02197265625
0 0.9794921875 0.677734375 0.0087890625 0.021484375
0 0.962890625 0.79443359375 0.01611328125 0.0185546875
0 0.9677734375 0.7734375 0.01611328125 0.017578125
0 0.9970703125 0.93408203125 0.005859375 0.0205078125
0 0.8701171875 0.6201171875 0.013671875 0.017578125
0 0.857421875 0.83544921875 0.01513671875 0.01708984375
0 0.8115234375 0.5498046875 0.005859375 0.02197265625
0 0.9833984375 0.6982421875 0.013671875 0.01708984375
0 0.8828125 0.80859375 0.0146484375 0.01953125
0 0.876953125 0.7998046875 0.0126953125 0.01611328125
0 0.91015625 0.8740234375 0.01416015625 0.01611328125
0 0.8046875 0.80419921875 0.0166015625 0.0146484375
0 0.9970703125 0.9052734375 0.005859375 0.0166015625
0 0.8701171875 0.41796875 0.01171875 0.015625
0 0.84716796875 0.85107421875 0.01611328125 0.0146484375
0 0.9326171875 0.50732421875 0.0126953125 0.009765625
0 0.9248046875 0.560546875 0.0126953125 0.0126953125
0 0.9619140625 0.5341796875 0.01171875 0.01220703125
0 0.92626953125 0.69140625 0.01123046875 0.01708984375
0 0.94384765625 0.54443359375 0.01513671875 0.0166015625
0 0.90576171875 0.56201171875 0.01220703125 0.0146484375
0 0.99609375 0.96728515625 0.00732421875 0.017578125
0 0.93115234375 0.59033203125 0.01318359375 0.01318359375
0 0.951171875 0.55419921875 0.01171875 0.01708984375
0 0.8115234375 0.673828125 0.01220703125 0.01416015625
0 0.90576171875 0.67431640625 0.015625 0.01513671875
0 0.93310546875 0.72607421875 0.01318359375 0.01708984375
0 0.89404296875 0.72021484375 0.0107421875 0.01806640625
0 0.91748046875 0.787109375 0.0146484375 0.02001953125
0 0.88818359375 0.5830078125 0.01220703125 0.01904296875
0 0.90087890625 0.73095703125 0.01806640625 0.01953125
0 0.904296875 0.58251953125 0.00732421875 0.02001953125
0 0.90576171875 0.69091796875 0.01611328125 0.0185546875
0 0.78564453125 0.99560546875 0.01708984375 0.00830078125
0 0.9208984375 0.71923828125 0.01416015625 0.017578125
0 0.8916015625 0.6103515625 0.017578125 0.015625
0 0.904296875 0.59619140625 0.0146484375 0.0166015625
0 0.9267578125 0.78662109375 0.013671875 0.01953125
0 0.99853515625 0.71044921875 0.0029296875 0.0146484375
0 0.9580078125 0.6015625 0.01611328125 0.02392578125
0 0.75927734375 0.70068359375 0.015625 0.02783203125
0 0.95751953125 0.53857421875 0.0126953125 0.0146484375
0 0.81640625 0.4091796875 0.00537109375 0.01123046875