0 0.10009765625 0.77685546875 0.0380859375 0.0419921875
0 0.150390625 0.654296875 0.0205078125 0.0224609375
0 0.03662109375 0.7275390625 0.029296875 0.033203125
0 0.0390625 0.68505859375 0.0234375 0.0283203125
0 0.3642578125 0.7138671875 0.02734375 0.03125
0 0.3994140625 0.77197265625 0.0322265625 0.0322265625
0 0.24365234375 0.71435546875 0.015625 0.0205078125
0 0.048828125 0.63818359375 0.017578125 0.0263671875
0 0.04150390625 0.896484375 0.0390625 0.041015625
0 0.32177734375 0.68798828125 0.029296875 0.0302734375
0 0.27001953125 0.72265625 0.021484375 0.0146484375
0 0.1181640625 0.74072265625 0.0283203125 0.0322265625
0 0.58642578125 0.7919921875 0.01953125 0.0283203125
0 0.0576171875 0.67431640625 0.0224609375 0.0283203125
0 0.4794921875 0.90380859375 0.0302734375 0.037109375
0 0.330078125 0.87646484375 0.025390625 0.041015625
0 0.05078125 0.76953125 0.01953125 0.0419921875
0 0.0830078125 0.7314453125 0.025390625 0.0302734375
0 0.10009765625 0.662109375 0.021484375 0.0302734375
0 0.00634765625 0.93408203125 0.0126953125 0.0498046875
0 0.3662109375 0.89892578125 0.033203125 0.0361328125
0 0.44091796875 0.705078125 0.0283203125 0.0302734375
0 0.4072265625 0.88330078125 0.0302734375 0.0341796875
0 0.0791015625 0.66455078125 0.0166015625 0.02734375
0 0.32470703125 0.66943359375 0.021484375 0.0205078125
0 0.83251953125 0.9599609375 0.0244140625 0.0498046875
0 0.396484375 0.9873046875 0.0244140625 0.015625
0 0.4375 0.87939453125 0.0185546875 0.0244140625
0 0.67919921875 0.76123046875 0.0234375 0.0263671875
0 0.65673828125 0.92724609375 0.0341796875 0.02734375
0 0.64501953125 0.94580078125 0.0234375 0.0234375
0 0.0908203125 0.73095703125 0.0107421875 0.0224609375
0 0.1611328125 0.97607421875 0.0205078125 0.013671875
0 0.94970703125 0.52294921875 0.009765625 0.0087890625
0 0.41357421875 0.8857421875 0.0146484375 0.017578125