0 0.7041015625 0.18359375 0.0146484375 0.0107421875
0 0.69189453125 0.1865234375 0.015625 0.015625
0 0.22265625 0.53759765625 0.0107421875 0.013671875
0 0.234375 0.53857421875 0.0146484375 0.0166015625
0 0.26953125 0.53662109375 0.01953125 0.01171875
0 0.1806640625 0.505859375 0.0166015625 0.015625
0 0.2548828125 0.59130859375 0.0166015625 0.013671875
0 0.12890625 0.23681640625 0.0263671875 0.01171875
0 0.1171875 0.39111328125 0.017578125 0.0126953125
0 0.484375 0.298828125 0.01953125 0.0087890625
0 0.060546875 0.45166015625 0.025390625 0.0107421875
0 0.41552734375 0.306640625 0.0146484375 0.013671875
0 0.05126953125 0.697265625 0.0244140625 0.0126953125
0 0.03173828125 0.447265625 0.0126953125 0.013671875
0 0.67529296875 0.1806640625 0.0205078125 0.0166015625
0 0.69580078125 0.1591796875 0.0234375 0.01171875
0 0.7177734375 0.0576171875 0.0244140625 0.0126953125
0 0.13818359375 0.2734375 0.01953125 0.01171875
0 0.11083984375 0.654296875 0.017578125 0.015625
0 0.0380859375 0.599609375 0.015625 0.015625
0 0.0498046875 0.3720703125 0.0205078125 0.0146484375
0 0.60205078125 0.048828125 0.015625 0.013671875
0 0.12841796875 0.291015625 0.0224609375 0.0126953125
0 0.0830078125 0.275390625 0.017578125 0.013671875
0 0.18505859375 0.1806640625 0.0205078125 0.0126953125
0 0.33056640625 0.46875 0.0224609375 0.013671875
0 0.765625 0.07666015625 0.015625 0.0166015625
0 0.14453125 0.22314453125 0.025390625 0.0107421875
0 0.50146484375 0.4287109375 0.015625 0.0146484375
0 0.64013671875 0.103515625 0.0166015625 0.0166015625
0 0.54150390625 0.390625 0.0205078125 0.013671875
0 0.619140625 0.06494140625 0.017578125 0.0166015625
0 0.7109375 0.13037109375 0.01953125 0.015625
0 0.60302734375 0.03271484375 0.025390625 0.01171875
0 0.0126953125 0.4296875 0.015625 0.0126953125