0 0.56103515625 0.03271484375 0.052734375 0.064453125
0 0.140625 0.41064453125 0.02734375 0.099609375
0 0.4521484375 0.841796875 0.033203125 0.080078125
0 0.400390625 0.55126953125 0.04296875 0.107421875
0 0.40576171875 0.384765625 0.033203125 0.091796875
0 0.4345703125 0.212890625 0.048828125 0.0498046875
0 0.24951171875 0.75439453125 0.021484375 0.068359375
0 0.314453125 0.3525390625 0.048828125 0.0615234375
0 0.38671875 0.1005859375 0.021484375 0.052734375
0 0.23828125 0.25927734375 0.03515625 0.09375
0 0.580078125 0.1875 0.04296875 0.091796875
0 0.20166015625 0.02197265625 0.0390625 0.04296875
0 0.3046875 0.1875 0.0458984375 0.060546875
0 0.37158203125 0.77294921875 0.048828125 0.048828125
0 0.33740234375 0.27978515625 0.044921875 0.046875
0 0.02294921875 0.2265625 0.03125 0.052734375