0 0.79931640625 0.556640625 0.017578125 0.02099609375
0 0.80908203125 0.1484375 0.01220703125 0.0341796875
0 0.95849609375 0.509765625 0.0087890625 0.03515625
0 0.775390625 0.548828125 0.0107421875 0.0302734375
0 0.83203125 0.158203125 0.0126953125 0.0380859375
0 0.9912109375 0.5517578125 0.01708984375 0.03759765625
0 0.9326171875 0.30224609375 0.0126953125 0.03857421875
0 0.55224609375 0.07080078125 0.0107421875 0.03369140625
0 0.79931640625 0.4375 0.01025390625 0.03369140625
0 0.978515625 0.279296875 0.021484375 0.02587890625
0 0.638671875 0.533203125 0.01171875 0.029296875
0 0.9853515625 0.515625 0.0146484375 0.03662109375