0 0.3486328125 0.91650390625 0.021484375 0.0126953125
0 0.6064453125 0.56201171875 0.0107421875 0.01171875
0 0.583984375 0.56396484375 0.015625 0.013671875
0 0.60009765625 0.55712890625 0.017578125 0.01171875
0 0.56201171875 0.6552734375 0.0185546875 0.0126953125
0 0.568359375 0.638671875 0.017578125 0.01171875
0 0.57080078125 0.666015625 0.017578125 0.0107421875
0 0.08984375 0.43505859375 0.015625 0.0107421875
0 0.56591796875 0.689453125 0.015625 0.0126953125
0 0.6943359375 0.6396484375 0.015625 0.01171875
0 0.38525390625 0.74267578125 0.013671875 0.013671875
0 0.54443359375 0.69970703125 0.01953125 0.0126953125
0 0.1328125 0.283203125 0.0126953125 0.0126953125
0 0.5693359375 0.61279296875 0.0224609375 0.009765625
0 0.6328125 0.697265625 0.013671875 0.0126953125
0 0.6240234375 0.60009765625 0.0244140625 0.01171875
0 0.42431640625 0.76513671875 0.01953125 0.01171875
0 0.625 0.65234375 0.0244140625 0.009765625
0 0.154296875 0.28515625 0.01953125 0.0107421875
0 0.466796875 0.70751953125 0.0234375 0.01171875
0 0.1162109375 0.2783203125 0.017578125 0.0107421875
0 0.11328125 0.4853515625 0.021484375 0.01171875
0 0.09619140625 0.2978515625 0.013671875 0.01171875
0 0.38232421875 0.8818359375 0.0166015625 0.0126953125
0 0.15869140625 0.51806640625 0.0205078125 0.01171875
0 0.65283203125 0.7626953125 0.0205078125 0.0146484375
0 0.33056640625 0.4482421875 0.0205078125 0.0107421875
0 0.21142578125 0.294921875 0.0205078125 0.0087890625
0 0.1328125 0.251953125 0.0224609375 0.0107421875
0 0.412109375 0.3984375 0.013671875 0.009765625
0 0.28857421875 0.330078125 0.0166015625 0.0126953125
0 0.43603515625 0.4033203125 0.0185546875 0.009765625
0 0.22509765625 0.33740234375 0.017578125 0.0087890625
0 0.38330078125 0.4619140625 0.0234375 0.0107421875
0 0.34521484375 0.3642578125 0.021484375 0.009765625
0 0.09375 0.44580078125 0.0205078125 0.0107421875
0 0.45361328125 0.7890625 0.015625 0.013671875
0 0.07421875 0.46630859375 0.0224609375 0.01171875
0 0.60888671875 0.5791015625 0.0205078125 0.009765625