0 0.7138671875 0.7548828125 0.03173828125 0.08740234375
0 0.55078125 0.07421875 0.0244140625 0.0556640625
0 0.21044921875 0.8193359375 0.02392578125 0.076171875
0 0.4697265625 0.98583984375 0.0302734375 0.02783203125
0 0.56005859375 0.2099609375 0.02880859375 0.07373046875
0 0.0966796875 0.181640625 0.03662109375 0.06103515625
0 0.50830078125 0.21875 0.03125 0.06103515625
0 0.4130859375 0.09375 0.0302734375 0.05224609375
0 0.64599609375 0.46630859375 0.03759765625 0.06591796875
0 0.458984375 0.5498046875 0.02490234375 0.06005859375
0 0.2919921875 0.6494140625 0.013671875 0.06689453125
0 0.615234375 0.83740234375 0.01904296875 0.0771484375
0 0.01953125 0.9833984375 0.03369140625 0.03173828125
0 0.81982421875 0.78369140625 0.0361328125 0.06005859375
0 0.70654296875 0.94091796875 0.03857421875 0.06982421875
0 0.42919921875 0.50634765625 0.02392578125 0.05419921875
0 0.4931640625 0.890625 0.0458984375 0.07373046875
0 0.271484375 0.3125 0.0322265625 0.04833984375
0 0.0947265625 0.5986328125 0.01513671875 0.0634765625
0 0.81396484375 0.9794921875 0.064453125 0.041015625
0 0.83837890625 0.916015625 0.03125 0.04248046875
0 0.44189453125 0.6435546875 0.033203125 0.05908203125
0 0.50390625 0.603515625 0.03662109375 0.0654296875
0 0.75146484375 0.974609375 0.0361328125 0.05078125
0 0.10400390625 0.978515625 0.02734375 0.04248046875
0 0.11962890625 0.9677734375 0.0302734375 0.05615234375
0 0.5205078125 0.6484375 0.03466796875 0.05078125