0 0.33154296875 0.52294921875 0.03515625 0.06640625
0 0.31494140625 0.5126953125 0.0439453125 0.060546875
0 0.35205078125 0.515625 0.02734375 0.0615234375
0 0.3466796875 0.66845703125 0.037109375 0.0654296875
0 0.87841796875 0.51171875 0.052734375 0.0537109375
0 0.75439453125 0.5 0.0498046875 0.044921875
0 0.42431640625 0.3203125 0.03515625 0.046875
0 0.39697265625 0.32958984375 0.041015625 0.0419921875
0 0.98095703125 0.525390625 0.0380859375 0.0546875
0 0.96044921875 0.50048828125 0.0380859375 0.05078125
0 0.2705078125 0.54833984375 0.029296875 0.0576171875
0 0.1318359375 0.55908203125 0.0390625 0.046875
0 0.166015625 0.720703125 0.056640625 0.0673828125
0 0.40380859375 0.66845703125 0.0517578125 0.07421875
0 0.28466796875 0.33349609375 0.0390625 0.04296875
0 0.3310546875 0.65185546875 0.044921875 0.06640625
0 0.04150390625 0.279296875 0.0302734375 0.041015625
0 0.11962890625 0.2421875 0.0244140625 0.0380859375
0 0.1533203125 0.224609375 0.0283203125 0.0361328125
0 0.408203125 0.63916015625 0.0478515625 0.0595703125
0 0.2744140625 0.486328125 0.0517578125 0.05078125
0 0.51220703125 0.4833984375 0.0537109375 0.0556640625
0 0.15380859375 0.40185546875 0.0400390625 0.0439453125
0 0.076171875 0.2333984375 0.0205078125 0.0361328125
0 0.36328125 0.873046875 0.06640625 0.0791015625
0 0.517578125 0.20703125 0.041015625 0.0419921875
0 0.162109375 0.4638671875 0.041015625 0.0478515625
0 0.921875 0.5166015625 0.0478515625 0.0595703125
0 0.345703125 0.3798828125 0.0380859375 0.0517578125
0 0.04638671875 0.77734375 0.0390625 0.0634765625
0 0.482421875 0.2333984375 0.02734375 0.0380859375
0 0.54931640625 0.4072265625 0.0390625 0.0419921875
0 0.96875 0.61083984375 0.0625 0.0595703125
0 0.1171875 0.20751953125 0.03515625 0.0390625
0 0.197265625 0.888671875 0.0634765625 0.068359375
0 0.44384765625 0.7138671875 0.0478515625 0.0712890625
0 0.2998046875 0.71728515625 0.060546875 0.0732421875
0 0.150390625 0.509765625 0.03125 0.0341796875
0 0.33154296875 0.212890625 0.033203125 0.0390625
0 0.5361328125 0.66357421875 0.060546875 0.0673828125
0 0.21337890625 0.3193359375 0.0283203125 0.044921875
0 0.00732421875 0.20947265625 0.0146484375 0.0361328125
0 0.4365234375 0.27783203125 0.0263671875 0.048828125
0 0.07177734375 0.55859375 0.0458984375 0.0546875
0 0.35107421875 0.19970703125 0.0283203125 0.0361328125
0 0.111328125 0.427734375 0.0263671875 0.052734375
0 0.85205078125 0.68212890625 0.0419921875 0.0751953125
0 0.271484375 0.93212890625 0.0419921875 0.0849609375
0 0.4296875 0.87353515625 0.0556640625 0.08984375
0 0.07958984375 0.7626953125 0.044921875 0.041015625
0 0.10107421875 0.36572265625 0.0302734375 0.0283203125
0 0.0341796875 0.3193359375 0.033203125 0.044921875
0 0.12255859375 0.59765625 0.0380859375 0.0546875
0 0.849609375 0.908203125 0.068359375 0.0693359375
0 0.3583984375 0.45166015625 0.04296875 0.046875
0 0.36474609375 0.28369140625 0.0390625 0.0419921875
0 0.16015625 0.96728515625 0.05078125 0.0654296875
0 0.009765625 0.521484375 0.01953125 0.046875
0 0.26611328125 0.8291015625 0.03515625 0.0927734375
0 0.06103515625 0.21044921875 0.017578125 0.0341796875
0 0.09130859375 0.48291015625 0.033203125 0.041015625
0 0.11083984375 0.62646484375 0.033203125 0.03125
0 0.4169921875 0.25 0.041015625 0.041015625
0 0.17578125 0.21240234375 0.033203125 0.0390625
0 0.1982421875 0.5078125 0.0517578125 0.0595703125
0 0.70654296875 0.55419921875 0.0595703125 0.0654296875
0 0.02392578125 0.62109375 0.0283203125 0.029296875
0 0.00634765625 0.39453125 0.0126953125 0.046875
0 0.44482421875 0.37451171875 0.0185546875 0.01953125
0 0.255859375 0.40625 0.037109375 0.0361328125
0 0.16455078125 0.205078125 0.017578125 0.0302734375
0 0.14208984375 0.69921875 0.0615234375 0.0751953125
0 0.31982421875 0.26806640625 0.017578125 0.021484375
0 0.9853515625 0.9365234375 0.025390625 0.0166015625
0 0.349609375 0.49267578125 0.017578125 0.017578125