0 0.73193359375 0.26220703125 0.0361328125 0.06640625
0 0.64794921875 0.439453125 0.0302734375 0.060546875
0 0.67724609375 0.58056640625 0.0302734375 0.064453125
0 0.51708984375 0.14697265625 0.03515625 0.0439453125
0 0.447265625 0.1103515625 0.029296875 0.0654296875
0 0.6044921875 0.12255859375 0.029296875 0.0595703125
0 0.611328125 0.75732421875 0.03125 0.06640625
0 0.48583984375 0.76123046875 0.03125 0.0712890625
0 0.4267578125 0.18798828125 0.0263671875 0.0712890625
0 0.6630859375 0.04638671875 0.033203125 0.0625
0 0.52392578125 0.0283203125 0.0380859375 0.0419921875
0 0.57177734375 0.7314453125 0.044921875 0.05078125
0 0.49560546875 0.51708984375 0.0341796875 0.0703125
0 0.72216796875 0.9111328125 0.037109375 0.0908203125
0 0.3369140625 0.0302734375 0.046875 0.05078125
0 0.4326171875 0.3603515625 0.0361328125 0.068359375
0 0.53076171875 0.451171875 0.048828125 0.046875
0 0.28271484375 0.4111328125 0.041015625 0.041015625
0 0.51513671875 0.572265625 0.0283203125 0.07421875
0 0.646484375 0.91064453125 0.0439453125 0.0595703125
0 0.1962890625 0.54736328125 0.041015625 0.078125
0 0.14697265625 0.26416015625 0.0283203125 0.0478515625
0 0.51220703125 0.36669921875 0.0478515625 0.0419921875
0 0.5751953125 0.91259765625 0.046875 0.0693359375
0 0.3251953125 0.32470703125 0.037109375 0.05859375
0 0.0830078125 0.01416015625 0.046875 0.0283203125
0 0.05419921875 0.6630859375 0.05078125 0.06640625
0 0.4921875 0.87548828125 0.046875 0.046875
0 0.13671875 0.60400390625 0.0361328125 0.0537109375
0 0.11962890625 0.45703125 0.0361328125 0.076171875
0 0.08251953125 0.4052734375 0.041015625 0.0478515625
0 0.27197265625 0.2314453125 0.0341796875 0.0595703125
0 0.341796875 0.15966796875 0.0380859375 0.052734375
0 0.1650390625 0.60302734375 0.0458984375 0.052734375
0 0.2998046875 0.189453125 0.03125 0.06640625