0 0.35595703125 0.55908203125 0.04296875 0.0693359375
0 0.75390625 0.40625 0.02734375 0.0751953125
0 0.4111328125 0.16943359375 0.03515625 0.068359375
0 0.95556640625 0.75146484375 0.03515625 0.0751953125
0 0.560546875 0.34716796875 0.0283203125 0.078125
0 0.669921875 0.23388671875 0.0234375 0.0712890625
0 0.33251953125 0.3759765625 0.025390625 0.0791015625
0 0.98486328125 0.44775390625 0.0234375 0.0693359375
0 0.8642578125 0.43017578125 0.033203125 0.07421875
0 0.86083984375 0.2138671875 0.025390625 0.0625
0 0.90283203125 0.35986328125 0.01953125 0.08203125
0 0.71875 0.24462890625 0.0205078125 0.07421875
0 0.36328125 0.34814453125 0.037109375 0.0615234375