0 0.59765625 0.08154296875 0.138671875 0.1328125
0 0.94482421875 0.4326171875 0.109375 0.2099609375
0 0.67822265625 0.810546875 0.1298828125 0.12890625
0 0.65625 0.658203125 0.1162109375 0.169921875
0 0.5302734375 0.68115234375 0.0908203125 0.171875
0 0.94091796875 0.63330078125 0.1015625 0.1416015625
0 0.4970703125 0.85107421875 0.1171875 0.171875
0 0.6669921875 0.5224609375 0.12890625 0.1728515625
0 0.55859375 0.509765625 0.06640625 0.1923828125
0 0.8466796875 0.1376953125 0.0751953125 0.197265625
0 0.61181640625 0.36083984375 0.1240234375 0.10546875
0 0.78564453125 0.140625 0.095703125 0.2119140625
0 0.6201171875 0.29931640625 0.1328125 0.0986328125