0 0.61328125 0.20068359375 0.1240234375 0.1845703125
0 0.748046875 0.28759765625 0.107421875 0.271484375
0 0.48876953125 0.41455078125 0.11376953125 0.14794921875
0 0.8466796875 0.1181640625 0.0546875 0.236328125
0 0.9189453125 0.3359375 0.130859375 0.16650390625
0 0.41162109375 0.849609375 0.0732421875 0.26611328125
0 0.46630859375 0.53564453125 0.11767578125 0.162109375
0 0.51025390625 0.71826171875 0.13330078125 0.1826171875
0 0.89501953125 0.962890625 0.14404296875 0.07177734375
0 0.64990234375 0.42578125 0.1025390625 0.13330078125
0 0.64306640625 0.79296875 0.05712890625 0.24609375
0 0.38916015625 0.353515625 0.0888671875 0.203125
0 0.82568359375 0.5341796875 0.08056640625 0.197265625
0 0.408203125 0.162109375 0.10986328125 0.1142578125
0 0.77490234375 0.943359375 0.10546875 0.107421875
0 0.89697265625 0.4365234375 0.12744140625 0.1572265625
0 0.814453125 0.830078125 0.12646484375 0.21044921875
0 0.48388671875 0.05126953125 0.05908203125 0.10107421875
0 0.95458984375 0.1318359375 0.09033203125 0.21435546875
0 0.76611328125 0.5966796875 0.052734375 0.2548828125
0 0.822265625 0.59814453125 0.11474609375 0.154296875
0 0.88671875 0.8056640625 0.12939453125 0.20703125
0 0.755456349609375 0.72222222265625 0.712797619140625 0.6534391533203125 0.6359126982421875 0.8412698408203125 0.6711309521484375 0.9065255732421875 0.755456349609375 0.72222222265625