0 0.2998046875 0.06884765625 0.07861328125 0.1376953125
0 0.06787109375 0.84765625 0.13134765625 0.15771484375
0 0.3447265625 0.7294921875 0.12158203125 0.14501953125
0 0.45166015625 0.2353515625 0.16796875 0.125
0 0.0888671875 0.35546875 0.05224609375 0.22021484375
0 0.1650390625 0.28466796875 0.07080078125 0.20068359375
0 0.3564453125 0.86474609375 0.11376953125 0.16796875
0 0.4990234375 0.462890625 0.1220703125 0.08984375
0 0.24169921875 0.2890625 0.09716796875 0.23193359375
0 0.51806640625 0.76904296875 0.1357421875 0.11376953125
0 0.55859375 0.95556640625 0.14306640625 0.07861328125
0 0.4140625 0.53662109375 0.1376953125 0.0888671875
0 0.52978515625 0.84326171875 0.13916015625 0.11181640625
0 0.4541015625 0.6953125 0.05859375 0.1982421875