0 0.58056640625 0.75537109375 0.0224609375 0.01953125
0 0.4306640625 0.84814453125 0.01708984375 0.02685546875
0 0.5517578125 0.73681640625 0.01611328125 0.021484375
0 0.1015625 0.7001953125 0.021484375 0.0166015625
0 0.60791015625 0.8876953125 0.0166015625 0.0244140625
0 0.50927734375 0.67041015625 0.01806640625 0.021484375
0 0.1474609375 0.6962890625 0.021484375 0.017578125
0 0.3466796875 0.69287109375 0.017578125 0.0185546875
0 0.5009765625 0.95654296875 0.0244140625 0.021484375
0 0.5693359375 0.5439453125 0.013671875 0.01953125
0 0.205078125 0.69091796875 0.017578125 0.02294921875
0 0.4990234375 0.42236328125 0.0166015625 0.017578125
0 0.8583984375 0.8818359375 0.01806640625 0.01904296875
0 0.3046875 0.59619140625 0.013671875 0.021484375
0 0.0498046875 0.7822265625 0.01806640625 0.0205078125
0 0.75537109375 0.73046875 0.0224609375 0.02978515625
0 0.267578125 0.6220703125 0.0185546875 0.01953125
0 0.30322265625 0.46875 0.01904296875 0.01611328125
0 0.0703125 0.80712890625 0.0166015625 0.02392578125
0 0.10693359375 0.3828125 0.01806640625 0.01611328125
0 0.66064453125 0.7099609375 0.0166015625 0.01416015625
0 0.09912109375 0.6728515625 0.01904296875 0.01513671875
0 0.21923828125 0.548828125 0.01806640625 0.017578125
0 0.1162109375 0.46484375 0.0185546875 0.0166015625
0 0.103515625 0.5068359375 0.02392578125 0.02197265625
0 0.427734375 0.416015625 0.021484375 0.01708984375
0 0.4736328125 0.7294921875 0.017578125 0.0166015625
0 0.68115234375 0.98876953125 0.01953125 0.02197265625
0 0.458984375 0.486328125 0.015625 0.01953125
0 0.5224609375 0.59619140625 0.01708984375 0.01904296875
0 0.279296875 0.95654296875 0.0126953125 0.0283203125
0 0.4248046875 0.71728515625 0.02001953125 0.017578125
0 0.21435546875 0.7216796875 0.0283203125 0.01904296875
0 0.3994140625 0.9052734375 0.01513671875 0.01904296875
0 0.3837890625 0.744140625 0.0185546875 0.025390625
0 0.5927734375 0.59912109375 0.0185546875 0.02734375
0 0.19873046875 0.7587890625 0.0146484375 0.025390625
0 0.4306640625 0.98681640625 0.01806640625 0.02490234375
0 0.083984375 0.736328125 0.0185546875 0.0205078125
0 0.0498046875 0.537109375 0.02197265625 0.0166015625
0 0.43359375 0.50439453125 0.02197265625 0.01953125
0 0.423828125 0.61376953125 0.02294921875 0.025390625
0 0.6748046875 0.63037109375 0.01171875 0.0244140625
0 0.283203125 0.51611328125 0.02197265625 0.01708984375
0 0.48486328125 0.57470703125 0.0166015625 0.0244140625
0 0.7529296875 0.8291015625 0.0224609375 0.021484375
0 0.322265625 0.37939453125 0.01611328125 0.01611328125
0 0.00927734375 0.587890625 0.017578125 0.01904296875
0 0.13427734375 0.51318359375 0.017578125 0.01416015625
0 0.228515625 0.603515625 0.0185546875 0.01806640625
0 0.4814453125 0.4150390625 0.015625 0.01953125
0 0.4609375 0.65087890625 0.01416015625 0.02099609375
0 0.048828125 0.658203125 0.01611328125 0.0205078125
0 0.49853515625 0.833984375 0.0205078125 0.02197265625
0 0.4306640625 0.65283203125 0.01904296875 0.01513671875
0 0.046875 0.5927734375 0.01611328125 0.02001953125
0 0.71630859375 0.60986328125 0.02294921875 0.0205078125
0 0.3017578125 0.759765625 0.01708984375 0.02294921875
0 0.8681640625 0.974609375 0.015625 0.0244140625
0 0.47216796875 0.98779296875 0.015625 0.02294921875
0 0.24658203125 0.5126953125 0.015625 0.0205078125
0 0.009765625 0.4404296875 0.017578125 0.017578125
0 0.39990234375 0.5283203125 0.0166015625 0.0185546875
0 0.18359375 0.3828125 0.01953125 0.015625
0 0.076171875 0.365234375 0.015625 0.01708984375
0 0.220703125 0.427734375 0.01953125 0.01416015625
0 0.18701171875 0.42529296875 0.01708984375 0.01513671875
0 0.3525390625 0.48974609375 0.02490234375 0.02197265625
0 0.296875 0.79443359375 0.03076171875 0.0244140625
0 0.20556640625 0.46533203125 0.013671875 0.01806640625
0 0.45703125 0.8291015625 0.01611328125 0.0380859375
0 0.05126953125 0.443359375 0.0224609375 0.0205078125
0 0.0478515625 0.46826171875 0.0166015625 0.0166015625
0 0.2216796875 0.40625 0.01953125 0.01708984375
0 0.3232421875 0.8115234375 0.02294921875 0.0185546875
0 0.703125 0.60107421875 0.01806640625 0.02490234375
0 0.35107421875 0.9306640625 0.0185546875 0.02978515625
0 0.162109375 0.41162109375 0.0146484375 0.02001953125
0 0.67578125 0.8974609375 0.0244140625 0.0224609375
0 0.41552734375 0.55224609375 0.01416015625 0.02978515625
0 0.0234375 0.306640625 0.01416015625 0.017578125
0 0.37255859375 0.537109375 0.02783203125 0.01953125
0 0.2080078125 0.44775390625 0.01171875 0.0166015625
0 0.6201171875 0.98828125 0.01904296875 0.0234375
0 0.4501953125 0.53515625 0.015625 0.02197265625
0 0.30859375 0.927734375 0.02197265625 0.0263671875
0 0.64404296875 0.974609375 0.0126953125 0.0224609375
0 0.2783203125 0.73583984375 0.01318359375 0.02001953125
0 0.142578125 0.361328125 0.0263671875 0.0244140625
0 0.67333984375 0.88427734375 0.0205078125 0.0224609375
0 0.470703125 0.81396484375 0.01611328125 0.02685546875
0 0.294921875 0.90185546875 0.02001953125 0.02294921875
0 0.48046875 0.64892578125 0.01416015625 0.01220703125
0 0.63818359375 0.611328125 0.02001953125 0.01953125
0 0.44921875 0.5791015625 0.015625 0.02685546875
0 0.3447265625 0.76953125 0.01513671875 0.01318359375
0 0.3193359375 0.76171875 0.01904296875 0.01904296875
0 0.2431640625 0.560546875 0.0146484375 0.0185546875
0 0.80712890625 0.8251953125 0.01806640625 0.02783203125
0 0.2392578125 0.40478515625 0.01708984375 0.01708984375
0 0.3330078125 0.548828125 0.01416015625 0.01904296875
0 0.06640625 0.6640625 0.017578125 0.01708984375
0 0.04541015625 0.61572265625 0.015625 0.021484375
0 0.4111328125 0.669921875 0.01318359375 0.02392578125
0 0.5478515625 0.81494140625 0.0107421875 0.01708984375
0 0.30126953125 0.52685546875 0.02197265625 0.017578125
0 0.26806640625 0.9287109375 0.0146484375 0.02587890625
0 0.1796875 0.40283203125 0.01513671875 0.01513671875
0 0.29736328125 0.56201171875 0.01416015625 0.0205078125
0 0.005859375 0.603515625 0.01171875 0.0166015625
0 0.21337890625 0.62451171875 0.01416015625 0.0263671875
0 0.42724609375 0.55712890625 0.013671875 0.0234375
0 0.52734375 0.564453125 0.01806640625 0.01806640625
0 0.4169921875 0.5400390625 0.0146484375 0.0205078125
0 0.31640625 0.72998046875 0.01953125 0.02099609375
0 0.3046875 0.73046875 0.01611328125 0.02197265625
0 0.353515625 0.521484375 0.0185546875 0.01806640625
0 0.8681640625 0.9912109375 0.013671875 0.0166015625
0 0.06396484375 0.32373046875 0.013671875 0.01953125
0 0.7109375 0.86474609375 0.01611328125 0.03076171875
0 0.2998046875 0.91162109375 0.01611328125 0.02490234375
0 0.1435546875 0.40771484375 0.0087890625 0.0185546875
0 0.37255859375 0.78564453125 0.02294921875 0.01904296875
0 0.5673828125 0.89306640625 0.01806640625 0.0185546875
0 0.23681640625 0.74853515625 0.0078125 0.015625
0 0.6318359375 0.62841796875 0.02001953125 0.0166015625
0 0.6748046875 0.931640625 0.0166015625 0.029296875
0 0.8125 0.84033203125 0.0185546875 0.0224609375
0 0.09619140625 0.3291015625 0.013671875 0.0205078125
0 0.3408203125 0.52587890625 0.01611328125 0.02099609375
0 0.693359375 0.923828125 0.025390625 0.02099609375
0 0.70068359375 0.8623046875 0.01611328125 0.03173828125
0 0.46044921875 0.81298828125 0.01318359375 0.0244140625
0 0.060546875 0.611328125 0.01513671875 0.01904296875