0 0.970703125 0.2138671875 0.0390625 0.080078125
0 0.62744140625 0.544921875 0.04296875 0.056640625
0 0.81298828125 0.62353515625 0.0380859375 0.0517578125
0 0.47607421875 0.90185546875 0.0390625 0.0546875
0 0.74609375 0.791015625 0.046875 0.0712890625
0 0.6318359375 0.91259765625 0.0419921875 0.0439453125
0 0.583984375 0.69091796875 0.03125 0.08203125
0 0.47216796875 0.24755859375 0.03515625 0.0615234375
0 0.755859375 0.63671875 0.0458984375 0.046875
0 0.26171875 0.3955078125 0.03515625 0.0615234375
0 0.3076171875 0.7177734375 0.052734375 0.0556640625
0 0.56005859375 0.67822265625 0.03125 0.0771484375
0 0.7509765625 0.544921875 0.046875 0.046875
0 0.59423828125 0.99267578125 0.0283203125 0.0146484375
0 0.35009765625 0.876953125 0.04296875 0.0791015625
0 0.66357421875 0.27734375 0.02734375 0.048828125
0 0.36181640625 0.154296875 0.0302734375 0.0556640625
0 0.77392578125 0.97607421875 0.0439453125 0.0478515625
0 0.24462890625 0.93017578125 0.0380859375 0.0595703125
0 0.79638671875 0.51904296875 0.0458984375 0.0703125
0 0.8447265625 0.6259765625 0.03515625 0.0751953125