0 0.2275390625 0.599609375 0.0537109375 0.099609375
0 0.68994140625 0.71337890625 0.0361328125 0.037109375
0 0.40576171875 0.4267578125 0.0390625 0.0400390625
0 0.275390625 0.44384765625 0.052734375 0.0791015625
0 0.4970703125 0.72509765625 0.0390625 0.052734375
0 0.19580078125 0.8330078125 0.0361328125 0.056640625
0 0.3486328125 0.56396484375 0.060546875 0.0810546875
0 0.609375 0.57421875 0.041015625 0.0537109375
0 0.3447265625 0.77197265625 0.0400390625 0.044921875
0 0.46044921875 0.53076171875 0.0390625 0.046875
0 0.57373046875 0.97705078125 0.0341796875 0.0458984375
0 0.34521484375 0.86669921875 0.0380859375 0.0419921875
0 0.6103515625 0.1708984375 0.0390625 0.0654296875
0 0.1513671875 0.279296875 0.0322265625 0.056640625
0 0.5595703125 0.72314453125 0.0322265625 0.0498046875
0 0.5732421875 0.36083984375 0.03125 0.0546875
0 0.57666015625 0.900390625 0.0380859375 0.060546875
0 0.56591796875 0.1787109375 0.0419921875 0.041015625
0 0.080078125 0.63720703125 0.0283203125 0.0712890625
0 0.52783203125 0.67626953125 0.025390625 0.0439453125
0 0.45751953125 0.27880859375 0.0419921875 0.0380859375
0 0.42578125 0.546875 0.0283203125 0.044921875
0 0.37353515625 0.8779296875 0.0419921875 0.0478515625
0 0.109375 0.16845703125 0.03515625 0.048828125
0 0.474609375 0.7529296875 0.02734375 0.0341796875
0 0.1982421875 0.400390625 0.0400390625 0.044921875
0 0.23193359375 0.546875 0.0244140625 0.0576171875
0 0.30322265625 0.09619140625 0.0380859375 0.04296875
0 0.02197265625 0.74072265625 0.0322265625 0.064453125
0 0.4765625 0.3896484375 0.033203125 0.0576171875
0 0.05517578125 0.89404296875 0.025390625 0.0439453125
0 0.4736328125 0.67236328125 0.0244140625 0.0302734375
0 0.54443359375 0.28125 0.0322265625 0.0458984375
0 0.33154296875 0.65380859375 0.04296875 0.0478515625
0 0.431640625 0.90234375 0.0380859375 0.060546875
0 0.541015625 0.927734375 0.0185546875 0.03515625
0 0.41162109375 0.85693359375 0.0224609375 0.0419921875
0 0.4248046875 0.70068359375 0.03125 0.046875
0 0.2041015625 0.10205078125 0.033203125 0.056640625
0 0.19189453125 0.9189453125 0.0615234375 0.0673828125
0 0.40380859375 0.966796875 0.021484375 0.05078125
0 0.5224609375 0.2998046875 0.02734375 0.037109375
0 0.16943359375 0.119140625 0.0322265625 0.0556640625
0 0.36865234375 0.6953125 0.0283203125 0.0546875
0 0.482421875 0.0947265625 0.0400390625 0.0517578125
0 0.30078125 0.625 0.0341796875 0.0556640625
0 0.474609375 0.2216796875 0.03125 0.033203125
0 0.333984375 0.5322265625 0.0234375 0.0244140625
0 0.43212890625 0.82470703125 0.0419921875 0.0517578125
0 0.47412109375 0.423828125 0.033203125 0.060546875
0 0.52783203125 0.1875 0.0283203125 0.0380859375
0 0.44873046875 0.00927734375 0.0341796875 0.0185546875
0 0.21826171875 0.576171875 0.0302734375 0.05859375
0 0.11181640625 0.1376953125 0.02734375 0.0419921875
0 0.15966796875 0.72314453125 0.0234375 0.0322265625
0 0.56591796875 0.46875 0.0224609375 0.0400390625
0 0.46142578125 0.41650390625 0.02734375 0.0634765625
0 0.474609375 0.9853515625 0.029296875 0.029296875
0 0.416015625 0.640625 0.013671875 0.044921875
0 0.17626953125 0.900390625 0.0390625 0.0478515625
0 0.0234375 0.7763671875 0.046875 0.140625
0 0.00830078125 0.45068359375 0.013671875 0.0419921875
0 0.095703125 0.57177734375 0.0126953125 0.0224609375
0 0.25244140625 0.4375 0.0263671875 0.0322265625
0 0.26953125 0.42431640625 0.0283203125 0.046875
0 0.32958984375 0.1064453125 0.0263671875 0.029296875
0 0.6337890625 0.92333984375 0.0234375 0.033203125
0 0.60107421875 0.56005859375 0.0244140625 0.029296875
0 0.1845703125 0.01611328125 0.0146484375 0.0224609375