0 0.24755859375 0.63623046875 0.013671875 0.01806640625
0 0.19189453125 0.4951171875 0.0126953125 0.01513671875
0 0.11669921875 0.44384765625 0.0107421875 0.0166015625
0 0.1611328125 0.45458984375 0.01025390625 0.01318359375
0 0.16064453125 0.830078125 0.0224609375 0.015625
0 0.13720703125 0.61181640625 0.01220703125 0.01904296875
0 0.109375 0.982421875 0.01318359375 0.0205078125
0 0.015625 0.2109375 0.01123046875 0.01171875
0 0.224609375 0.59130859375 0.0107421875 0.02001953125
0 0.1328125 0.27099609375 0.009765625 0.0126953125
0 0.12890625 0.7080078125 0.01513671875 0.01611328125
0 0.09521484375 0.146484375 0.00830078125 0.01416015625
0 0.083984375 0.48876953125 0.0126953125 0.01416015625
0 0.119140625 0.763671875 0.01318359375 0.013671875
0 0.0068359375 0.3076171875 0.01220703125 0.01416015625
0 0.05517578125 0.4951171875 0.013671875 0.0146484375
0 0.10595703125 0.73779296875 0.01220703125 0.015625
0 0.015625 0.47509765625 0.01416015625 0.01513671875
0 0.03955078125 0.3232421875 0.01123046875 0.01416015625
0 0.0927734375 0.7529296875 0.0146484375 0.0166015625
0 0.076171875 0.978515625 0.01416015625 0.02294921875
0 0.15771484375 0.14111328125 0.005859375 0.015625
0 0.0859375 0.41357421875 0.01220703125 0.02001953125
0 0.1396484375 0.18310546875 0.0048828125 0.0146484375
0 0.07080078125 0.17578125 0.01123046875 0.01611328125
0 0.06640625 0.30517578125 0.01318359375 0.0126953125
0 0.05517578125 0.9619140625 0.0146484375 0.02294921875
0 0.13232421875 0.583984375 0.01318359375 0.01806640625
0 0.11474609375 0.66162109375 0.01318359375 0.0146484375
0 0.2021484375 0.68017578125 0.00830078125 0.02587890625
0 0.10791015625 0.86669921875 0.02099609375 0.0234375
0 0.0947265625 0.69970703125 0.01611328125 0.01611328125
0 0.0078125 0.63623046875 0.0126953125 0.0205078125
0 0.02685546875 0.681640625 0.01220703125 0.0166015625
0 0.12158203125 0.6787109375 0.013671875 0.017578125
0 0.01708984375 0.40625 0.01220703125 0.01611328125
0 0.09716796875 0.82373046875 0.0166015625 0.0185546875
0 0.08056640625 0.705078125 0.013671875 0.017578125
0 0.05810546875 0.94287109375 0.01708984375 0.02099609375
0 0.0078125 0.79296875 0.015625 0.01806640625
0 0.05126953125 0.87841796875 0.01806640625 0.0166015625
0 0.041015625 0.94775390625 0.015625 0.0234375
0 0.2080078125 0.662109375 0.005859375 0.02587890625
0 0.00830078125 0.93505859375 0.015625 0.0205078125
0 0.05712890625 0.5224609375 0.013671875 0.02197265625
0 0.03515625 0.91845703125 0.01806640625 0.01708984375
0 0.0244140625 0.87841796875 0.01708984375 0.0185546875
0 0.0888671875 0.93310546875 0.01611328125 0.0166015625
0 0.0791015625 0.564453125 0.01416015625 0.0185546875
0 0.09716796875 0.8515625 0.0126953125 0.02490234375
0 0.0341796875 0.81005859375 0.015625 0.015625
0 0.005859375 0.16552734375 0.01123046875 0.01953125
0 0.0537109375 0.84033203125 0.0166015625 0.0166015625
0 0.0859375 0.8994140625 0.0166015625 0.02685546875
0 0.01025390625 0.38427734375 0.0048828125 0.0205078125
0 0.0224609375 0.93994140625 0.0146484375 0.0185546875
0 0.0556640625 0.80810546875 0.01806640625 0.0166015625
0 0.01953125 0.65478515625 0.0126953125 0.017578125
0 0.02734375 0.9072265625 0.0146484375 0.01953125
0 0.09375 0.63427734375 0.01416015625 0.01708984375
0 0.0322265625 0.828125 0.0185546875 0.01611328125
0 0.0390625 0.8466796875 0.015625 0.0244140625
0 0.1083984375 0.61767578125 0.013671875 0.01708984375
0 0.05126953125 0.66455078125 0.015625 0.01953125
0 0.03515625 0.35107421875 0.01171875 0.0205078125
0 0.10498046875 0.595703125 0.015625 0.01513671875
0 0.0771484375 0.6259765625 0.015625 0.0185546875
0 0.0869140625 0.599609375 0.009765625 0.01953125
0 0.03125 0.3427734375 0.01025390625 0.013671875
0 0.115234375 0.5712890625 0.01416015625 0.01904296875
0 0.07421875 0.58642578125 0.01416015625 0.01513671875
0 0.111328125 0.548828125 0.01318359375 0.01806640625
0 0.09912109375 0.56494140625 0.0166015625 0.02001953125
0 0.04150390625 0.6318359375 0.01611328125 0.01708984375
0 0.0390625 0.65869140625 0.0146484375 0.0185546875
0 0.0712890625 0.59765625 0.01416015625 0.01904296875
0 0.0546875 0.63232421875 0.01513671875 0.02197265625
0 0.10400390625 0.83837890625 0.01220703125 0.0185546875
0 0.1630859375 0.142578125 0.00634765625 0.0107421875
0 0.00341796875 0.58056640625 0.0068359375 0.01806640625
0 0.00732421875 0.1279296875 0.0107421875 0.01513671875
0 0.052734375 0.646484375 0.0234375 0.01513671875