0 0.37158203125 0.43896484375 0.01953125 0.0146484375
0 0.52001953125 0.416015625 0.01953125 0.0146484375
0 0.5166015625 0.43603515625 0.0224609375 0.0126953125
0 0.5390625 0.5625 0.01953125 0.0166015625
0 0.5830078125 0.19580078125 0.0146484375 0.013671875
0 0.6240234375 0.03125 0.0244140625 0.01171875
0 0.513671875 0.40185546875 0.017578125 0.013671875
0 0.525390625 0.5673828125 0.0146484375 0.017578125
0 0.6142578125 0.22412109375 0.0263671875 0.0087890625
0 0.35888671875 0.2734375 0.017578125 0.015625
0 0.50830078125 0.36572265625 0.0126953125 0.017578125
0 0.900390625 0.63330078125 0.0224609375 0.0126953125
0 0.52001953125 0.478515625 0.0205078125 0.0126953125
0 0.396484375 0.359375 0.0263671875 0.01171875
0 0.38330078125 0.4501953125 0.0302734375 0.0107421875
0 0.900390625 0.7802734375 0.0205078125 0.015625
0 0.67333984375 0.22900390625 0.0126953125 0.0166015625
0 0.611328125 0.0712890625 0.01953125 0.0146484375
0 0.52880859375 0.3505859375 0.0146484375 0.017578125
0 0.830078125 0.748046875 0.021484375 0.015625
0 0.50048828125 0.544921875 0.02734375 0.0078125
0 0.46630859375 0.52001953125 0.0185546875 0.013671875
0 0.59375 0.31396484375 0.025390625 0.01171875
0 0.8212890625 0.642578125 0.0234375 0.0146484375
0 0.513671875 0.56787109375 0.0166015625 0.0185546875