0 0.11376953125 0.53125 0.03564453125 0.0576171875
0 0.26953125 0.4482421875 0.03369140625 0.03466796875
0 0.25341796875 0.77392578125 0.02734375 0.0478515625
0 0.3271484375 0.97314453125 0.0341796875 0.0439453125
0 0.080078125 0.541015625 0.03271484375 0.03369140625
0 0.24853515625 0.9775390625 0.0234375 0.0234375
0 0.13818359375 0.486328125 0.02587890625 0.05322265625
0 0.53076171875 0.50244140625 0.037109375 0.0341796875
0 0.49462890625 0.62353515625 0.0224609375 0.03125
0 0.1708984375 0.46044921875 0.02880859375 0.04541015625
0 0.35498046875 0.908203125 0.0263671875 0.0283203125
0 0.130859375 0.64111328125 0.0263671875 0.04638671875
0 0.46337890625 0.72314453125 0.01318359375 0.041015625
0 0.18212890625 0.75 0.03662109375 0.0390625
0 0.58154296875 0.49853515625 0.02001953125 0.04541015625
0 0.44287109375 0.4296875 0.03369140625 0.03759765625
0 0.5244140625 0.98193359375 0.0224609375 0.03466796875
0 0.4453125 0.5546875 0.02880859375 0.0283203125
0 0.35791015625 0.31396484375 0.03076171875 0.0361328125
0 0.40625 0.34521484375 0.03369140625 0.03125
0 0.49462890625 0.5185546875 0.025390625 0.03515625
0 0.2978515625 0.955078125 0.03125 0.05029296875
0 0.55615234375 0.6845703125 0.01318359375 0.03857421875
0 0.22900390625 0.8896484375 0.02880859375 0.04296875
0 0.51708984375 0.60546875 0.02587890625 0.041015625
0 0.44873046875 0.853515625 0.03466796875 0.0390625
0 0.38525390625 0.75634765625 0.0341796875 0.0341796875
0 0.08349609375 0.50927734375 0.02490234375 0.0400390625
0 0.416015625 0.8701171875 0.02392578125 0.03857421875
0 0.32470703125 0.865234375 0.02197265625 0.0234375
0 0.47119140625 0.98779296875 0.021484375 0.02392578125
0 0.412109375 0.95751953125 0.01123046875 0.04638671875
0 0.59814453125 0.87841796875 0.03173828125 0.04296875
0 0.0849609375 0.978515625 0.021484375 0.04248046875
0 0.6845703125 0.99365234375 0.033203125 0.0126953125
0 0.453125 0.74658203125 0.01513671875 0.04638671875
0 0.2939453125 0.45458984375 0.02392578125 0.02734375
0 0.431640625 0.611328125 0.03955078125 0.0380859375
0 0.56689453125 0.4765625 0.02392578125 0.02587890625
0 0.2734375 0.4345703125 0.01904296875 0.0341796875
0 0.54833984375 0.78369140625 0.02001953125 0.03857421875
0 0.22900390625 0.94580078125 0.025390625 0.0244140625
0 0.16015625 0.5751953125 0.02197265625 0.05029296875
0 0.236328125 0.77734375 0.021484375 0.029296875
0 0.2734375 0.802734375 0.0234375 0.03466796875
0 0.513671875 0.455078125 0.025390625 0.02294921875
0 0.36376953125 0.99462890625 0.0146484375 0.01025390625