0 0.6728515625 0.818359375 0.0087890625 0.033203125
0 0.666015625 0.81396484375 0.009765625 0.0322265625
0 0.830078125 0.6943359375 0.0087890625 0.0244140625
0 0.81640625 0.18408203125 0.013671875 0.021484375
0 0.82666015625 0.66796875 0.0087890625 0.025390625
0 0.84765625 0.39453125 0.0087890625 0.0224609375
0 0.6962890625 0.68115234375 0.0126953125 0.01953125
0 0.97607421875 0.06103515625 0.01171875 0.0234375
0 0.9677734375 0.18017578125 0.009765625 0.021484375
0 0.95556640625 0.107421875 0.0126953125 0.0185546875
0 0.78955078125 0.205078125 0.0078125 0.025390625
0 0.99267578125 0.0791015625 0.0146484375 0.017578125
0 0.916015625 0.06787109375 0.0087890625 0.0234375
0 0.84912109375 0.1083984375 0.01171875 0.015625
0 0.9306640625 0.03662109375 0.01171875 0.021484375
0 0.77978515625 0.8349609375 0.01171875 0.0224609375
0 0.70947265625 0.82080078125 0.01171875 0.029296875
0 0.85595703125 0.12841796875 0.0087890625 0.03125
0 0.921875 0.48388671875 0.01171875 0.029296875
0 0.6962890625 0.4482421875 0.0107421875 0.029296875
0 0.85595703125 0.474609375 0.0068359375 0.0283203125
0 0.90087890625 0.52734375 0.0078125 0.025390625
0 0.654296875 0.775390625 0.0078125 0.029296875
0 0.892578125 0.50439453125 0.0078125 0.029296875
0 0.89990234375 0.453125 0.0078125 0.02734375
0 0.9169921875 0.55224609375 0.0146484375 0.0146484375
0 0.79248046875 0.3681640625 0.0068359375 0.0234375
0 0.826171875 0.13134765625 0.0166015625 0.021484375
0 0.6630859375 0.9013671875 0.0126953125 0.0263671875