0 0.34765625 0.07470703125 0.01416015625 0.0166015625
0 0.21630859375 0.5556640625 0.0068359375 0.02587890625
0 0.27783203125 0.16552734375 0.00732421875 0.03076171875
0 0.12255859375 0.509765625 0.0146484375 0.0166015625
0 0.31591796875 0.20458984375 0.0107421875 0.02490234375
0 0.154296875 0.61328125 0.01318359375 0.02490234375
0 0.2109375 0.60400390625 0.0087890625 0.03466796875
0 0.34033203125 0.185546875 0.0107421875 0.02685546875
0 0.18408203125 0.548828125 0.0146484375 0.01904296875
0 0.30712890625 0.42529296875 0.013671875 0.0244140625
0 0.265625 0.59375 0.01611328125 0.03173828125
0 0.275390625 0.5341796875 0.01416015625 0.02587890625
0 0.283203125 0.2734375 0.01416015625 0.01611328125
0 0.21630859375 0.11328125 0.0087890625 0.0263671875
0 0.26318359375 0.5634765625 0.01025390625 0.021484375
0 0.2587890625 0.61474609375 0.00927734375 0.03515625
0 0.06884765625 0.65185546875 0.01416015625 0.0244140625
0 0.31005859375 0.20458984375 0.0087890625 0.029296875