0 0.44775390625 0.4697265625 0.015625 0.01953125
0 0.1005859375 0.5771484375 0.02001953125 0.01806640625
0 0.02783203125 0.57177734375 0.013671875 0.03515625
0 0.40576171875 0.771484375 0.0166015625 0.03271484375
0 0.49267578125 0.71875 0.0146484375 0.01904296875
0 0.6728515625 0.80517578125 0.01513671875 0.02880859375
0 0.48291015625 0.72998046875 0.01806640625 0.01611328125
0 0.4765625 0.28173828125 0.01513671875 0.0146484375
0 0.7998046875 0.61767578125 0.01171875 0.02685546875
0 0.57275390625 0.68603515625 0.017578125 0.01953125
0 0.4267578125 0.64208984375 0.01904296875 0.02099609375
0 0.912109375 0.5751953125 0.01806640625 0.0166015625
0 0.76025390625 0.462890625 0.009765625 0.0263671875
0 0.56640625 0.865234375 0.01123046875 0.0126953125
0 0.43359375 0.830078125 0.015625 0.0166015625
0 0.443359375 0.40380859375 0.01611328125 0.0185546875
0 0.75244140625 0.86669921875 0.017578125 0.01953125
0 0.04833984375 0.33984375 0.009765625 0.02783203125
0 0.04248046875 0.40478515625 0.0126953125 0.02734375
0 0.01806640625 0.4287109375 0.01806640625 0.0224609375
0 0.67578125 0.86083984375 0.01416015625 0.01708984375
0 0.93603515625 0.5400390625 0.0146484375 0.03662109375
0 0.2734375 0.53173828125 0.0107421875 0.02587890625
0 0.78564453125 0.3046875 0.01611328125 0.01953125
0 0.681640625 0.42431640625 0.01318359375 0.01953125
0 0.29638671875 0.0068359375 0.00927734375 0.0126953125
0 0.88818359375 0.33544921875 0.0078125 0.02490234375
0 0.86767578125 0.95849609375 0.0166015625 0.02392578125
0 0.8427734375 0.34765625 0.0087890625 0.0263671875
0 0.76806640625 0.5126953125 0.013671875 0.02001953125