0 0.349609375 0.5908203125 0.19921875 0.326171875
0 0.22900390625 0.48828125 0.1396484375 0.2294921875
0 0.39013671875 0.255859375 0.1552734375 0.2353515625
0 0.05908203125 0.59375 0.1181640625 0.205078125
0 0.1416015625 0.59765625 0.17578125 0.1845703125
0 0.3095703125 0.81103515625 0.162109375 0.2451171875
0 0.22216796875 0.88232421875 0.16796875 0.15625
0 0.64208984375 0.39111328125 0.18359375 0.181640625
0 0.2080078125 0.04248046875 0.115234375 0.0849609375
0 0.53662109375 0.880859375 0.1728515625 0.1728515625
0 0.42724609375 0.92529296875 0.087890625 0.1435546875
0 0.1669921875 0.31298828125 0.1650390625 0.15234375
0 0.71484375 0.15234375 0.1474609375 0.240234375
0 0.9453125 0.49853515625 0.109375 0.2587890625
0 0.9697265625 0.29052734375 0.060546875 0.1630859375
0 0.8935546875 0.728515625 0.1552734375 0.1572265625
0 0.0712890625 0.24853515625 0.083984375 0.1630859375
0 0.787109375 0.564453125 0.1904296875 0.173828125