0 0.58203125 0.88623046875 0.0283203125 0.041015625
0 0.98095703125 0.970703125 0.0341796875 0.03125
0 0.98779296875 0.765625 0.0224609375 0.02685546875
0 0.95751953125 0.88037109375 0.03466796875 0.0400390625
0 0.91162109375 0.830078125 0.02783203125 0.0322265625
0 0.57177734375 0.94873046875 0.0322265625 0.0390625
0 0.76220703125 0.9873046875 0.0458984375 0.025390625
0 0.68408203125 0.833984375 0.029296875 0.0302734375
0 0.86962890625 0.9755859375 0.0458984375 0.04736328125
0 0.291015625 0.935546875 0.0439453125 0.04443359375
0 0.78271484375 0.662109375 0.0185546875 0.017578125
0 0.77001953125 0.81640625 0.0302734375 0.0302734375
0 0.7431640625 0.9130859375 0.0302734375 0.0380859375
0 0.88427734375 0.83251953125 0.0234375 0.015625
0 0.74609375 0.771484375 0.02197265625 0.02783203125
0 0.9169921875 0.6162109375 0.01318359375 0.01416015625
0 0.8056640625 0.85546875 0.025390625 0.03076171875
0 0.9248046875 0.8896484375 0.03466796875 0.0380859375
0 0.697265625 0.82080078125 0.02490234375 0.02734375
0 0.90185546875 0.74853515625 0.02685546875 0.0283203125
0 0.8427734375 0.697265625 0.01904296875 0.01904296875
0 0.76708984375 0.70458984375 0.015625 0.01708984375
0 0.7685546875 0.85595703125 0.02587890625 0.0341796875
0 0.3818359375 0.94287109375 0.04296875 0.0419921875
0 0.634765625 0.7373046875 0.01953125 0.02490234375
0 0.943359375 0.724609375 0.01904296875 0.0205078125
0 0.77978515625 0.8984375 0.025390625 0.03662109375
0 0.990234375 0.703125 0.01806640625 0.0185546875
0 0.57763671875 0.974609375 0.04150390625 0.04541015625
0 0.8408203125 0.73291015625 0.0234375 0.0224609375
0 0.48095703125 0.8994140625 0.021484375 0.03369140625
0 0.95556640625 0.66552734375 0.02197265625 0.02001953125
0 0.74072265625 0.63525390625 0.01611328125 0.01611328125
0 0.67578125 0.66845703125 0.01025390625 0.01513671875
0 0.97314453125 0.9287109375 0.02392578125 0.0380859375
0 0.98828125 0.87060546875 0.0234375 0.03076171875
0 0.8291015625 0.84228515625 0.013671875 0.03564453125
0 0.76611328125 0.7802734375 0.02197265625 0.0234375
0 0.58349609375 0.7431640625 0.009765625 0.0205078125
0 0.59375 0.71728515625 0.0126953125 0.0224609375
0 0.80224609375 0.96630859375 0.03759765625 0.04931640625
0 0.94482421875 0.6533203125 0.017578125 0.01904296875
0 0.677734375 0.71435546875 0.02294921875 0.017578125
0 0.98193359375 0.60986328125 0.013671875 0.01611328125
0 0.8779296875 0.94775390625 0.0234375 0.02685546875
0 0.984375 0.66162109375 0.01220703125 0.0185546875
0 0.86474609375 0.642578125 0.00830078125 0.00927734375
0 0.82763671875 0.7294921875 0.015625 0.0224609375
0 0.79296875 0.63330078125 0.0146484375 0.02197265625
0 0.82275390625 0.70361328125 0.0185546875 0.0166015625
0 0.84912109375 0.646484375 0.0107421875 0.0068359375
0 0.94970703125 0.61962890625 0.01123046875 0.01123046875
0 0.9658203125 0.64794921875 0.01025390625 0.0146484375
0 0.97802734375 0.6259765625 0.01220703125 0.015625
0 0.2841796875 0.986328125 0.0205078125 0.0263671875
0 0.80615234375 0.62255859375 0.0107421875 0.01416015625
0 0.99609375 0.646484375 0.0078125 0.01806640625
0 0.9365234375 0.61962890625 0.00537109375 0.01611328125
0 0.78125 0.69873046875 0.0087890625 0.0107421875
0 0.8076171875 0.69970703125 0.00634765625 0.015625
0 0.99560546875 0.6298828125 0.00830078125 0.01611328125
0 0.96142578125 0.623046875 0.00634765625 0.0146484375
0 0.9951171875 0.7021484375 0.00927734375 0.01806640625
0 0.59326171875 0.6533203125 0.0107421875 0.0185546875
0 0.91259765625 0.98974609375 0.04736328125 0.01806640625