0 0.89404296875 0.44580078125 0.025390625 0.05029296875
0 0.71240234375 0.40625 0.0205078125 0.046875
0 0.90087890625 0.8466796875 0.029296875 0.05224609375
0 0.96875 0.3173828125 0.02685546875 0.05322265625
0 0.60400390625 0.544921875 0.02197265625 0.06201171875
0 0.501953125 0.955078125 0.01806640625 0.04345703125
0 0.60595703125 0.6455078125 0.01904296875 0.05078125
0 0.60791015625 0.921875 0.02734375 0.06103515625
0 0.9462890625 0.1787109375 0.03466796875 0.0341796875
0 0.60595703125 0.5810546875 0.0185546875 0.04736328125
0 0.6728515625 0.73974609375 0.02197265625 0.06005859375
0 0.548828125 0.90966796875 0.033203125 0.04541015625
0 0.9482421875 0.943359375 0.0166015625 0.0380859375
0 0.90185546875 0.0283203125 0.02783203125 0.04931640625
0 0.8427734375 0.619140625 0.02392578125 0.04541015625
0 0.72509765625 0.1708984375 0.0166015625 0.04833984375
0 0.58056640625 0.70556640625 0.021484375 0.04443359375
0 0.65380859375 0.6083984375 0.02099609375 0.046875
0 0.6240234375 0.70361328125 0.02001953125 0.05224609375
0 0.72314453125 0.51318359375 0.02490234375 0.0341796875
0 0.6904296875 0.49462890625 0.01806640625 0.0498046875
0 0.82421875 0.56787109375 0.0205078125 0.046875
0 0.6748046875 0.658203125 0.0263671875 0.0419921875
0 0.80224609375 0.93994140625 0.0234375 0.03564453125
0 0.619140625 0.126953125 0.01513671875 0.03857421875
0 0.65478515625 0.52099609375 0.0244140625 0.037109375
0 0.73291015625 0.251953125 0.01953125 0.02392578125
0 0.8232421875 0.212890625 0.021484375 0.05517578125
0 0.80126953125 0.62353515625 0.02099609375 0.0458984375
0 0.7666015625 0.14794921875 0.0166015625 0.044921875
0 0.87109375 0.0986328125 0.0302734375 0.041015625
0 0.982421875 0.88427734375 0.02197265625 0.0341796875
0 0.8271484375 0.1083984375 0.01416015625 0.0380859375
0 0.60107421875 0.90625 0.01513671875 0.0302734375
0 0.9697265625 0.818359375 0.0302734375 0.03564453125
0 0.77734375 0.744140625 0.01513671875 0.0361328125
0 0.8388671875 0.40283203125 0.01513671875 0.02734375
0 0.6513671875 0.4833984375 0.03271484375 0.03955078125
0 0.7294921875 0.6015625 0.033203125 0.0498046875
0 0.75927734375 0.89111328125 0.0185546875 0.05224609375
0 0.72900390625 0.88232421875 0.02880859375 0.0498046875
0 0.7138671875 0.93408203125 0.025390625 0.05908203125
0 0.982421875 0.8583984375 0.02783203125 0.03125
0 0.98876953125 0.83544921875 0.02099609375 0.0400390625