0 0.880859375 0.54833984375 0.064453125 0.06640625
0 0.7802734375 0.56396484375 0.033203125 0.03125
0 0.06591796875 0.44873046875 0.03515625 0.0263671875
0 0.6591796875 0.54931640625 0.0517578125 0.0576171875
0 0.61865234375 0.8681640625 0.0869140625 0.099609375
0 0.951171875 0.6484375 0.068359375 0.07421875
0 0.89990234375 0.79638671875 0.095703125 0.087890625
0 0.7470703125 0.49169921875 0.041015625 0.0458984375
0 0.904296875 0.87890625 0.0986328125 0.0966796875
0 0.48974609375 0.64501953125 0.0537109375 0.0673828125
0 0.6689453125 0.77978515625 0.05859375 0.0908203125
0 0.57373046875 0.52880859375 0.0517578125 0.0546875
0 0.39306640625 0.60107421875 0.0380859375 0.064453125
0 0.912109375 0.44921875 0.0390625 0.037109375
0 0.97607421875 0.51025390625 0.0478515625 0.0400390625
0 0.4248046875 0.73974609375 0.0400390625 0.046875
0 0.2275390625 0.4453125 0.0361328125 0.0302734375
0 0.560546875 0.74609375 0.068359375 0.09375
0 0.0908203125 0.8193359375 0.0869140625 0.1015625
0 0.02001953125 0.5361328125 0.0400390625 0.05859375
0 0.6982421875 0.7685546875 0.05078125 0.099609375
0 0.82958984375 0.46533203125 0.0595703125 0.0537109375
0 0.474609375 0.57421875 0.033203125 0.0595703125
0 0.73583984375 0.69482421875 0.06640625 0.0771484375
0 0.46728515625 0.7578125 0.07421875 0.0888671875
0 0.2666015625 0.34423828125 0.0244140625 0.0224609375
0 0.42236328125 0.5322265625 0.052734375 0.0576171875
0 0.14892578125 0.8408203125 0.083984375 0.0986328125
0 0.70751953125 0.63134765625 0.0546875 0.041015625
0 0.14404296875 0.63720703125 0.0595703125 0.0712890625
0 0.98388671875 0.3251953125 0.0322265625 0.03515625
0 0.57421875 0.4951171875 0.0478515625 0.044921875
0 0.7744140625 0.28515625 0.029296875 0.03125
0 0.0458984375 0.33349609375 0.04296875 0.0439453125
0 0.10009765625 0.60888671875 0.05859375 0.0712890625
0 0.990234375 0.37890625 0.01953125 0.0390625
0 0.70556640625 0.27197265625 0.02734375 0.0224609375
0 0.06689453125 0.53466796875 0.0263671875 0.03125
0 0.0126953125 0.6748046875 0.025390625 0.0546875
0 0.443359375 0.44091796875 0.044921875 0.0458984375
0 0.62939453125 0.39892578125 0.0380859375 0.0400390625
0 0.22314453125 0.21826171875 0.0244140625 0.025390625
0 0.20654296875 0.7578125 0.0703125 0.08203125
0 0.41650390625 0.3232421875 0.029296875 0.0185546875
0 0.974609375 0.61572265625 0.033203125 0.0458984375
0 0.05810546875 0.13818359375 0.013671875 0.0107421875
0 0.1923828125 0.47021484375 0.05078125 0.0517578125
0 0.7275390625 0.384765625 0.0419921875 0.0400390625
0 0.0791015625 0.369140625 0.04296875 0.04296875
0 0.23095703125 0.66455078125 0.0693359375 0.080078125
0 0.08642578125 0.51123046875 0.0595703125 0.060546875
0 0.32177734375 0.435546875 0.0302734375 0.02734375
0 0.63037109375 0.27001953125 0.0341796875 0.0302734375
0 0.0517578125 0.1884765625 0.015625 0.0234375
0 0.388671875 0.4423828125 0.05078125 0.0537109375
0 0.44775390625 0.564453125 0.04296875 0.029296875
0 0.81298828125 0.27099609375 0.03515625 0.033203125
0 0.96044921875 0.43994140625 0.041015625 0.0419921875
0 0.84765625 0.40087890625 0.04296875 0.041015625
0 0.84375 0.30908203125 0.0341796875 0.0322265625
0 0.29296875 0.52392578125 0.0537109375 0.05859375
0 0.1962890625 0.36669921875 0.0361328125 0.0400390625
0 0.82568359375 0.33056640625 0.033203125 0.0322265625
0 0.83349609375 0.38720703125 0.0419921875 0.0400390625
0 0.21826171875 0.27587890625 0.0302734375 0.0341796875
0 0.248046875 0.50390625 0.046875 0.0322265625
0 0.0751953125 0.13671875 0.009765625 0.01171875
0 0.63037109375 0.30712890625 0.02734375 0.03125
0 0.5166015625 0.4765625 0.0361328125 0.0361328125
0 0.90576171875 0.3115234375 0.0380859375 0.0390625
0 0.50048828125 0.50830078125 0.0302734375 0.029296875
0 0.56640625 0.27587890625 0.0322265625 0.0302734375
0 0.046875 0.21923828125 0.0166015625 0.025390625
0 0.58544921875 0.2958984375 0.0224609375 0.0263671875
0 0.3154296875 0.18896484375 0.0234375 0.0205078125
0 0.14501953125 0.3212890625 0.033203125 0.0361328125
0 0.15087890625 0.12255859375 0.013671875 0.01953125
0 0.30908203125 0.16650390625 0.017578125 0.013671875
0 0.12548828125 0.43115234375 0.0478515625 0.0537109375
0 0.93408203125 0.32763671875 0.0361328125 0.037109375
0 0.70556640625 0.232421875 0.0244140625 0.0263671875
0 0.060546875 0.224609375 0.0244140625 0.02734375
0 0.4345703125 0.3779296875 0.046875 0.0439453125
0 0.66455078125 0.7197265625 0.0537109375 0.0966796875
0 0.27783203125 0.248046875 0.029296875 0.03125
0 0.4619140625 0.29931640625 0.0224609375 0.029296875
0 0.2255859375 0.541015625 0.052734375 0.0634765625
0 0.51904296875 0.20703125 0.0224609375 0.0244140625
0 0.0263671875 0.43994140625 0.0390625 0.052734375
0 0.37548828125 0.185546875 0.01953125 0.015625
0 0.3203125 0.3388671875 0.0283203125 0.033203125
0 0.3427734375 0.63525390625 0.044921875 0.072265625
0 0.99072265625 0.4111328125 0.0185546875 0.033203125
0 0.296875 0.4873046875 0.0537109375 0.044921875
0 0.12890625 0.11669921875 0.0166015625 0.017578125
0 0.49560546875 0.2724609375 0.0322265625 0.03125
0 0.95849609375 0.36376953125 0.037109375 0.0361328125
0 0.3056640625 0.31494140625 0.03515625 0.0341796875
0 0.595703125 0.453125 0.044921875 0.046875
0 0.70556640625 0.353515625 0.02734375 0.033203125
0 0.62158203125 0.47509765625 0.0498046875 0.05078125
0 0.3427734375 0.20458984375 0.0224609375 0.0234375
0 0.55224609375 0.22216796875 0.0234375 0.0283203125
0 0.31591796875 0.638671875 0.0537109375 0.0693359375
0 0.267578125 0.28662109375 0.03515625 0.0322265625
0 0.3544921875 0.14453125 0.0224609375 0.021484375
0 0.1640625 0.2314453125 0.021484375 0.0244140625
0 0.12841796875 0.248046875 0.029296875 0.0322265625
0 0.0849609375 0.328125 0.0419921875 0.04296875
0 0.35107421875 0.26904296875 0.0322265625 0.0302734375
0 0.5009765625 0.2333984375 0.021484375 0.02734375
0 0.169921875 0.7275390625 0.0419921875 0.052734375
0 0.771484375 0.25439453125 0.0244140625 0.0263671875
0 0.33984375 0.46826171875 0.0380859375 0.05078125
0 0.53857421875 0.4638671875 0.044921875 0.05078125
0 0.0615234375 0.4140625 0.04296875 0.0498046875
0 0.77099609375 0.37109375 0.033203125 0.0390625
0 0.22314453125 0.38134765625 0.04296875 0.0439453125
0 0.98681640625 0.43994140625 0.0263671875 0.0380859375
0 0.26025390625 0.3896484375 0.0390625 0.044921875
0 0.6748046875 0.27001953125 0.0224609375 0.021484375
0 0.36376953125 0.35205078125 0.037109375 0.0390625
0 0.365234375 0.20703125 0.0244140625 0.025390625
0 0.25927734375 0.19970703125 0.0205078125 0.0244140625
0 0.9365234375 0.37939453125 0.03515625 0.03515625
0 0.18994140625 0.86865234375 0.0986328125 0.1201171875
0 0.52734375 0.22802734375 0.0205078125 0.0263671875
0 0.1337890625 0.4033203125 0.041015625 0.0400390625
0 0.91162109375 0.373046875 0.0361328125 0.0361328125
0 0.26416015625 0.17724609375 0.0234375 0.0234375
0 0.1630859375 0.16357421875 0.021484375 0.03125
0 0.2763671875 0.4267578125 0.0390625 0.046875
0 0.837890625 0.28955078125 0.0185546875 0.0224609375
0 0.17236328125 0.173828125 0.0263671875 0.0244140625
0 0.5556640625 0.32861328125 0.037109375 0.0361328125
0 0.083984375 0.58154296875 0.0380859375 0.0625
0 0.263671875 0.1318359375 0.0185546875 0.021484375
0 0.54736328125 0.3994140625 0.044921875 0.0419921875
0 0.166015625 0.125 0.013671875 0.013671875
0 0.3330078125 0.16015625 0.0234375 0.0263671875
0 0.5634765625 0.34130859375 0.03515625 0.03125
0 0.20361328125 0.11962890625 0.015625 0.0185546875
0 0.5244140625 0.33154296875 0.0244140625 0.025390625
0 0.3896484375 0.2958984375 0.03125 0.0322265625
0 0.73095703125 0.34521484375 0.0400390625 0.0380859375
0 0.52685546875 0.265625 0.0283203125 0.0302734375
0 0.11181640625 0.328125 0.0322265625 0.03515625
0 0.818359375 0.43115234375 0.0283203125 0.0400390625
0 0.34521484375 0.32080078125 0.0380859375 0.03515625
0 0.49560546875 0.392578125 0.0419921875 0.0439453125
0 0.423828125 0.17919921875 0.0166015625 0.0205078125
0 0.77294921875 0.33154296875 0.03125 0.02734375
0 0.65869140625 0.45703125 0.0498046875 0.0498046875
0 0.91845703125 0.353515625 0.037109375 0.0322265625
0 0.2333984375 0.2880859375 0.02734375 0.0302734375
0 0.267578125 0.15087890625 0.0224609375 0.0224609375
0 0.2802734375 0.142578125 0.021484375 0.0224609375
0 0.20166015625 0.17236328125 0.0244140625 0.0224609375
0 0.8564453125 0.3388671875 0.0234375 0.033203125
0 0.40771484375 0.427734375 0.0341796875 0.0439453125
0 0.4052734375 0.1640625 0.021484375 0.01953125
0 0.21728515625 0.16162109375 0.0234375 0.025390625
0 0.4013671875 0.1796875 0.0263671875 0.0263671875
0 0.341796875 0.23486328125 0.017578125 0.029296875
0 0.18701171875 0.15869140625 0.0146484375 0.01953125
0 0.306640625 0.40966796875 0.029296875 0.0458984375
0 0.18310546875 0.130859375 0.015625 0.01953125
0 0.7734375 0.34912109375 0.0361328125 0.037109375
0 0.2158203125 0.14208984375 0.0166015625 0.0185546875
0 0.3486328125 0.171875 0.01953125 0.0244140625
0 0.52001953125 0.3916015625 0.0380859375 0.0419921875
0 0.20263671875 0.13671875 0.0185546875 0.0205078125
0 0.74072265625 0.32373046875 0.0302734375 0.0244140625
0 0.5048828125 0.37060546875 0.0302734375 0.0224609375
0 0.3837890625 0.16064453125 0.0126953125 0.0087890625
0 0.99267578125 0.556640625 0.01171875 0.0234375