0 0.17919921875 0.09423828125 0.0634765625 0.0693359375
0 0.955078125 0.14990234375 0.0654296875 0.0673828125
0 0.79736328125 0.3759765625 0.083984375 0.0986328125
0 0.42041015625 0.10498046875 0.0537109375 0.0712890625
0 0.7958984375 0.28515625 0.0634765625 0.0751953125
0 0.03173828125 0.47998046875 0.0634765625 0.1083984375
0 0.099609375 0.36279296875 0.0634765625 0.111328125
0 0.7646484375 0.68212890625 0.12109375 0.13671875
0 0.48583984375 0.47705078125 0.068359375 0.119140625
0 0.34423828125 0.13623046875 0.072265625 0.0712890625
0 0.29248046875 0.08056640625 0.0556640625 0.056640625
0 0.984375 0.4365234375 0.03125 0.08984375
0 0.2783203125 0.05908203125 0.0400390625 0.052734375