0 0.00732421875 0.78955078125 0.0146484375 0.0302734375
0 0.314453125 0.85546875 0.013671875 0.0302734375
0 0.1435546875 0.8291015625 0.015625 0.02734375
0 0.09716796875 0.8046875 0.015625 0.0283203125
0 0.04296875 0.79833984375 0.017578125 0.0283203125
0 0.10888671875 0.79931640625 0.0166015625 0.02734375
0 0.5546875 0.82861328125 0.013671875 0.0263671875
0 0.296875 0.8017578125 0.013671875 0.0234375
0 0.068359375 0.8056640625 0.0166015625 0.02734375
0 0.55712890625 0.869140625 0.025390625 0.033203125
0 0.0869140625 0.828125 0.01953125 0.0263671875
0 0.009765625 0.85498046875 0.01953125 0.0341796875
0 0.13037109375 0.615234375 0.009765625 0.017578125
0 0.54248046875 0.8818359375 0.0234375 0.0322265625
0 0.19580078125 0.7509765625 0.0146484375 0.0205078125
0 0.599609375 0.7763671875 0.015625 0.0283203125
0 0.45068359375 0.5986328125 0.0146484375 0.0224609375
0 0.53125 0.9794921875 0.0185546875 0.033203125
0 0.07080078125 0.62353515625 0.013671875 0.01953125
0 0.17333984375 0.7041015625 0.0166015625 0.025390625
0 0.07421875 0.64599609375 0.015625 0.0234375
0 0.47119140625 0.8154296875 0.0185546875 0.025390625
0 0.330078125 0.80126953125 0.0205078125 0.029296875
0 0.076171875 0.7197265625 0.0166015625 0.0234375
0 0.33642578125 0.90966796875 0.01953125 0.0244140625
0 0.2275390625 0.7578125 0.0205078125 0.02734375
0 0.0751953125 0.546875 0.009765625 0.0205078125
0 0.19921875 0.85400390625 0.0234375 0.0283203125
0 0.087890625 0.755859375 0.01953125 0.0263671875
0 0.06982421875 0.70703125 0.017578125 0.025390625
0 0.5625 0.767578125 0.017578125 0.0283203125
0 0.41650390625 0.79248046875 0.017578125 0.025390625
0 0.30419921875 0.576171875 0.0126953125 0.0185546875
0 0.32177734375 0.537109375 0.0126953125 0.015625
0 0.2890625 0.60986328125 0.01171875 0.017578125
0 0.36328125 0.6630859375 0.0126953125 0.01953125
0 0.19970703125 0.7685546875 0.01953125 0.025390625
0 0.0869140625 0.5478515625 0.0107421875 0.013671875
0 0.056640625 0.54443359375 0.0087890625 0.017578125
0 0.37744140625 0.54296875 0.01171875 0.0166015625
0 0.02685546875 0.77880859375 0.021484375 0.0302734375
0 0.02490234375 0.7421875 0.0185546875 0.025390625
0 0.60595703125 0.734375 0.015625 0.025390625
0 0.541015625 0.76416015625 0.0205078125 0.0263671875
0 0.1103515625 0.509765625 0.0087890625 0.013671875
0 0.2236328125 0.7177734375 0.0166015625 0.0224609375
0 0.36474609375 0.90087890625 0.025390625 0.0341796875
0 0.38232421875 0.818359375 0.0224609375 0.0263671875
0 0.18896484375 0.49609375 0.0126953125 0.0166015625
0 0.00927734375 0.8818359375 0.0185546875 0.033203125
0 0.49462890625 0.66357421875 0.0185546875 0.0244140625
0 0.42236328125 0.544921875 0.0126953125 0.017578125
0 0.09130859375 0.71533203125 0.01953125 0.02734375
0 0.1240234375 0.51123046875 0.013671875 0.015625
0 0.369140625 0.79345703125 0.021484375 0.029296875
0 0.34033203125 0.59765625 0.0166015625 0.0185546875
0 0.06787109375 0.6767578125 0.013671875 0.021484375
0 0.0927734375 0.68017578125 0.01953125 0.0244140625
0 0.2041015625 0.87841796875 0.025390625 0.029296875
0 0.33251953125 0.92724609375 0.0224609375 0.02734375
0 0.369140625 0.7080078125 0.015625 0.021484375
0 0.44775390625 0.5771484375 0.0146484375 0.021484375
0 0.3955078125 0.5654296875 0.0146484375 0.01953125
0 0.31298828125 0.52001953125 0.01171875 0.0166015625
0 0.6083984375 0.748046875 0.0205078125 0.0283203125
0 0.52197265625 0.78857421875 0.0185546875 0.0283203125
0 0.42333984375 0.59521484375 0.017578125 0.0205078125
0 0.23828125 0.83056640625 0.021484375 0.03125
0 0.3525390625 0.591796875 0.0146484375 0.01953125
0 0.0263671875 0.86279296875 0.0302734375 0.03515625
0 0.4443359375 0.66259765625 0.01953125 0.0244140625
0 0.3466796875 0.81787109375 0.0224609375 0.02734375
0 0.310546875 0.91064453125 0.025390625 0.03125
0 0.01123046875 0.53857421875 0.013671875 0.017578125
0 0.38916015625 0.53955078125 0.0146484375 0.0185546875
0 0.208984375 0.64501953125 0.0146484375 0.0205078125
0 0.4775390625 0.84814453125 0.02734375 0.03125
0 0.3779296875 0.646484375 0.01953125 0.021484375
0 0.24853515625 0.5576171875 0.0166015625 0.01953125
0 0.4013671875 0.599609375 0.017578125 0.021484375
0 0.21240234375 0.7314453125 0.021484375 0.0234375
0 0.0048828125 0.728515625 0.009765625 0.015625
0 0.51611328125 0.73046875 0.0205078125 0.0224609375
0 0.01171875 0.90869140625 0.0234375 0.0263671875
0 0.4169921875 0.857421875 0.025390625 0.0302734375
0 0.435546875 0.86962890625 0.029296875 0.03125
0 0.50048828125 0.8603515625 0.02734375 0.03515625
0 0.4248046875 0.6669921875 0.0205078125 0.0234375
0 0.36865234375 0.568359375 0.013671875 0.013671875
0 0.53271484375 0.74560546875 0.0234375 0.0283203125
0 0.287109375 0.4970703125 0.013671875 0.015625
0 0.17578125 0.48291015625 0.01171875 0.0146484375
0 0.3505859375 0.751953125 0.0205078125 0.0263671875
0 0.33203125 0.52978515625 0.0146484375 0.017578125
0 0.20166015625 0.67919921875 0.01953125 0.0244140625
0 0.48681640625 0.646484375 0.017578125 0.0205078125
0 0.3681640625 0.58984375 0.0185546875 0.0205078125
0 0.51123046875 0.82958984375 0.0244140625 0.029296875
0 0.310546875 0.83154296875 0.0263671875 0.0283203125
0 0.1083984375 0.56103515625 0.015625 0.01953125
0 0.40185546875 0.64599609375 0.0205078125 0.0224609375
0 0.31494140625 0.564453125 0.017578125 0.0185546875
0 0.23583984375 0.91015625 0.02734375 0.029296875
0 0.10400390625 0.47705078125 0.013671875 0.0146484375
0 0.14306640625 0.71923828125 0.021484375 0.0263671875
0 0.2353515625 0.50927734375 0.015625 0.017578125
0 0.412109375 0.58056640625 0.017578125 0.0185546875
0 0.34521484375 0.5107421875 0.0146484375 0.0166015625
0 0.1455078125 0.73193359375 0.021484375 0.0185546875
0 0.2177734375 0.51220703125 0.0087890625 0.0107421875
0 0.30078125 0.50537109375 0.0146484375 0.017578125
0 0.12548828125 0.8447265625 0.02734375 0.0302734375
0 0.068359375 0.548828125 0.01171875 0.0166015625
0 0.22216796875 0.5693359375 0.0185546875 0.021484375
0 0.439453125 0.58447265625 0.0126953125 0.0146484375
0 0.08837890625 0.62939453125 0.0205078125 0.021484375
0 0.55712890625 0.9404296875 0.0322265625 0.037109375
0 0.12060546875 0.6533203125 0.021484375 0.0234375
0 0.11474609375 0.8955078125 0.029296875 0.037109375
0 0.025390625 0.47216796875 0.0126953125 0.0146484375
0 0.11572265625 0.4658203125 0.009765625 0.015625
0 0.46240234375 0.83349609375 0.029296875 0.03125
0 0.3916015625 0.73974609375 0.0234375 0.0263671875
0 0.57666015625 0.80517578125 0.0263671875 0.03125
0 0.3935546875 0.595703125 0.0126953125 0.015625
0 0.49072265625 0.8818359375 0.0322265625 0.0361328125
0 0.076171875 0.6005859375 0.0185546875 0.01953125
0 0.59130859375 0.68994140625 0.0205078125 0.0263671875
0 0.31298828125 0.5087890625 0.0107421875 0.013671875
0 0.2080078125 0.55126953125 0.0185546875 0.01953125
0 0.50244140625 0.49072265625 0.0126953125 0.015625
0 0.62548828125 0.82568359375 0.0244140625 0.0302734375
0 0.35693359375 0.55224609375 0.0185546875 0.0205078125
0 0.4609375 0.9443359375 0.0341796875 0.0380859375
0 0.203125 0.51123046875 0.0107421875 0.009765625
0 0.03076171875 0.76318359375 0.0166015625 0.0224609375
0 0.23193359375 0.474609375 0.009765625 0.0146484375
0 0.57177734375 0.78662109375 0.0234375 0.015625
0 0.0107421875 0.45263671875 0.0107421875 0.017578125
0 0.3935546875 0.705078125 0.01171875 0.01171875
0 0.060546875 0.9267578125 0.0087890625 0.0078125
0 0.537109375 0.99072265625 0.0234375 0.0185546875