0 0.23046875 0.29248046875 0.0185546875 0.03076171875
0 0.302734375 0.22607421875 0.01708984375 0.033203125
0 0.2236328125 0.23583984375 0.0146484375 0.03369140625
0 0.2236328125 0.126953125 0.017578125 0.03515625
0 0.3193359375 0.1396484375 0.02001953125 0.03369140625
0 0.3076171875 0.05615234375 0.015625 0.04150390625
0 0.21630859375 0.02294921875 0.02197265625 0.03515625
0 0.240234375 0.06884765625 0.01806640625 0.03515625
0 0.263671875 0.02294921875 0.017578125 0.04443359375
0 0.20703125 0.087890625 0.0263671875 0.033203125
0 0.2041015625 0.11279296875 0.01708984375 0.029296875
0 0.28955078125 0.0927734375 0.0126953125 0.0419921875
0 0.2763671875 0.0947265625 0.01708984375 0.04150390625
0 0.3818359375 0.09814453125 0.02294921875 0.033203125
0 0.39013671875 0.12841796875 0.01611328125 0.03125
0 0.400390625 0.1669921875 0.0166015625 0.0400390625
0 0.46875 0.22412109375 0.0185546875 0.0390625
0 0.44482421875 0.30078125 0.01123046875 0.03564453125
0 0.517578125 0.40380859375 0.015625 0.02978515625
0 0.45068359375 0.341796875 0.01123046875 0.0400390625
0 0.47119140625 0.28466796875 0.01904296875 0.03515625
0 0.49462890625 0.30712890625 0.01416015625 0.03173828125
0 0.60986328125 0.39453125 0.0126953125 0.03173828125
0 0.43408203125 0.1826171875 0.0126953125 0.02978515625
0 0.36767578125 0.0224609375 0.01904296875 0.037109375
0 0.31494140625 0.00927734375 0.01708984375 0.0185546875
0 0.44482421875 0.15087890625 0.017578125 0.03173828125
0 0.470703125 0.15478515625 0.017578125 0.0341796875
0 0.44970703125 0.10009765625 0.0166015625 0.0302734375
0 0.49560546875 0.17236328125 0.015625 0.03564453125
0 0.5341796875 0.2529296875 0.0224609375 0.02392578125
0 0.52294921875 0.283203125 0.021484375 0.037109375
0 0.5556640625 0.32666015625 0.015625 0.03369140625
0 0.54052734375 0.326171875 0.013671875 0.03466796875
0 0.61572265625 0.26220703125 0.01708984375 0.03369140625
0 0.39501953125 0.01123046875 0.013671875 0.021484375
0 0.4248046875 0.01220703125 0.015625 0.0244140625
0 0.44873046875 0.017578125 0.02001953125 0.0341796875
0 0.46728515625 0.0361328125 0.0146484375 0.01904296875
0 0.46044921875 0.07177734375 0.01806640625 0.0341796875
0 0.5458984375 0.01171875 0.0205078125 0.015625
0 0.482421875 0.01513671875 0.0126953125 0.0302734375
0 0.4931640625 0.013671875 0.01025390625 0.02734375
0 0.51220703125 0.0185546875 0.015625 0.037109375
0 0.5107421875 0.08837890625 0.01318359375 0.0263671875
0 0.4951171875 0.083984375 0.01953125 0.021484375
0 0.494140625 0.125 0.02734375 0.02392578125
0 0.48046875 0.09619140625 0.0126953125 0.029296875
0 0.53369140625 0.0341796875 0.01513671875 0.03857421875
0 0.53125 0.0087890625 0.017578125 0.017578125
0 0.53125 0.115234375 0.015625 0.03271484375
0 0.5341796875 0.1767578125 0.0185546875 0.037109375
0 0.5576171875 0.1728515625 0.013671875 0.04052734375
0 0.57958984375 0.150390625 0.017578125 0.0322265625
0 0.61474609375 0.14404296875 0.01611328125 0.0458984375
0 0.625 0.1982421875 0.013671875 0.03564453125
0 0.57666015625 0.25537109375 0.01708984375 0.04150390625
0 0.5634765625 0.263671875 0.01318359375 0.03662109375
0 0.60107421875 0.330078125 0.02001953125 0.03369140625
0 0.62548828125 0.35888671875 0.01708984375 0.04052734375
0 0.6435546875 0.35986328125 0.01513671875 0.04296875
0 0.63671875 0.28515625 0.013671875 0.0341796875
0 0.64453125 0.32275390625 0.01611328125 0.03759765625
0 0.69921875 0.341796875 0.015625 0.0341796875
0 0.77685546875 0.39013671875 0.0146484375 0.03759765625
0 0.79541015625 0.3984375 0.01513671875 0.03076171875
0 0.67138671875 0.33642578125 0.01708984375 0.03076171875
0 0.791015625 0.32666015625 0.02490234375 0.029296875
0 0.736328125 0.23974609375 0.01171875 0.03271484375
0 0.67724609375 0.18017578125 0.01220703125 0.033203125
0 0.701171875 0.17529296875 0.0126953125 0.0380859375
0 0.70166015625 0.2119140625 0.013671875 0.03662109375
0 0.68994140625 0.17724609375 0.015625 0.03564453125
0 0.5927734375 0.08740234375 0.01953125 0.03857421875
0 0.58349609375 0.0673828125 0.01513671875 0.0341796875
0 0.64111328125 0.04736328125 0.01953125 0.0400390625
0 0.62451171875 0.07568359375 0.01513671875 0.03125
0 0.64013671875 0.11767578125 0.0146484375 0.037109375
0 0.66845703125 0.10400390625 0.01611328125 0.0439453125
0 0.697265625 0.06005859375 0.0185546875 0.0380859375
0 0.72314453125 0.11767578125 0.01708984375 0.03564453125
0 0.7197265625 0.1689453125 0.015625 0.03271484375
0 0.73828125 0.173828125 0.0185546875 0.03271484375
0 0.77978515625 0.17626953125 0.025390625 0.02294921875
0 0.78271484375 0.14599609375 0.017578125 0.02490234375
0 0.7431640625 0.04052734375 0.01708984375 0.0244140625
0 0.7548828125 0.01513671875 0.01904296875 0.0302734375
0 0.81689453125 0.009765625 0.01611328125 0.01953125
0 0.77587890625 0.052734375 0.013671875 0.03759765625
0 0.818359375 0.0546875 0.017578125 0.02734375
0 0.84619140625 0.06787109375 0.01416015625 0.03076171875
0 0.90087890625 0.15771484375 0.01806640625 0.0244140625
0 0.84130859375 0.10009765625 0.013671875 0.0361328125
0 0.830078125 0.10205078125 0.01318359375 0.03271484375
0 0.8642578125 0.15869140625 0.01953125 0.025390625
0 0.83056640625 0.15283203125 0.0185546875 0.0322265625
0 0.9794921875 0.0380859375 0.01416015625 0.03564453125
0 0.9853515625 0.11181640625 0.015625 0.03076171875
0 0.92578125 0.0439453125 0.01318359375 0.03955078125
0 0.95361328125 0.12451171875 0.01904296875 0.03173828125
0 0.90185546875 0.10400390625 0.013671875 0.02490234375
0 0.9033203125 0.07958984375 0.0166015625 0.033203125
0 0.79833984375 0.11572265625 0.0126953125 0.03564453125
0 0.7607421875 0.076171875 0.017578125 0.03369140625
0 0.615234375 0.03076171875 0.015625 0.03125
0 0.59228515625 0.0107421875 0.0205078125 0.013671875
0 0.58544921875 0.0263671875 0.01806640625 0.02880859375
0 0.55224609375 0.044921875 0.01611328125 0.037109375
0 0.7705078125 0.115234375 0.0126953125 0.0380859375
0 0.701171875 0.08544921875 0.0146484375 0.01904296875
0 0.55419921875 0.22607421875 0.01318359375 0.03369140625
0 0.546875 0.2119140625 0.01220703125 0.03759765625
0 0.37939453125 0.23681640625 0.01708984375 0.025390625
0 0.6015625 0.03759765625 0.01220703125 0.03955078125
0 0.52734375 0.01025390625 0.0126953125 0.02001953125
0 0.59423828125 0.01953125 0.01953125 0.03076171875
0 0.46435546875 0.05078125 0.01220703125 0.033203125
0 0.55810546875 0.2431640625 0.01318359375 0.03271484375
0 0.998046875 0.03076171875 0.00390625 0.02978515625
0 0.57861328125 0.01318359375 0.013671875 0.0244140625
0 0.84521484375 0.01025390625 0.0146484375 0.02001953125