0 0.52392578125 0.33642578125 0.0439453125 0.04443359375
0 0.52001953125 0.3671875 0.0380859375 0.0458984375
0 0.47607421875 0.3544921875 0.0380859375 0.0439453125
0 0.42529296875 0.431640625 0.03759765625 0.04833984375
0 0.330078125 0.1640625 0.029296875 0.02685546875
0 0.46337890625 0.4951171875 0.041015625 0.04345703125
0 0.400390625 0.193359375 0.02734375 0.02978515625
0 0.37646484375 0.203125 0.029296875 0.02587890625
0 0.1318359375 0.52734375 0.03564453125 0.06103515625
0 0.41015625 0.44580078125 0.0498046875 0.04638671875
0 0.0185546875 0.33056640625 0.02978515625 0.03515625
0 0.3798828125 0.1591796875 0.029296875 0.0322265625
0 0.22314453125 0.23388671875 0.0244140625 0.033203125
0 0.4443359375 0.34912109375 0.02294921875 0.04345703125
0 0.27392578125 0.3818359375 0.04296875 0.04150390625
0 0.3232421875 0.1826171875 0.021484375 0.0361328125
0 0.01806640625 0.3662109375 0.03369140625 0.04296875
0 0.03857421875 0.41357421875 0.037109375 0.0458984375
0 0.0966796875 0.50439453125 0.0380859375 0.0498046875
0 0.23046875 0.185546875 0.02783203125 0.02001953125
0 0.20458984375 0.279296875 0.029296875 0.03857421875
0 0.439453125 0.23876953125 0.03076171875 0.0302734375
0 0.1572265625 0.361328125 0.02783203125 0.04833984375
0 0.2724609375 0.1962890625 0.02783203125 0.0263671875
0 0.2900390625 0.31591796875 0.0224609375 0.037109375
0 0.02001953125 0.22998046875 0.02685546875 0.033203125
0 0.177734375 0.35546875 0.01953125 0.03955078125
0 0.2783203125 0.22021484375 0.02880859375 0.0361328125
0 0.0791015625 0.3544921875 0.0341796875 0.04052734375
0 0.61572265625 0.4345703125 0.0400390625 0.0556640625
0 0.32421875 0.35498046875 0.03466796875 0.04150390625
0 0.17724609375 0.4404296875 0.0361328125 0.05029296875
0 0.283203125 0.1767578125 0.02587890625 0.01708984375
0 0.0888671875 0.41357421875 0.03076171875 0.046875
0 0.896484375 0.5869140625 0.046875 0.06103515625
0 0.2333984375 0.26318359375 0.03466796875 0.03369140625
0 0.93359375 0.68896484375 0.06103515625 0.05908203125
0 0.11083984375 0.70947265625 0.05517578125 0.056640625
0 0.42578125 0.541015625 0.02783203125 0.05810546875
0 0.2490234375 0.29931640625 0.02978515625 0.03662109375
0 0.25537109375 0.21533203125 0.0302734375 0.03857421875
0 0.43505859375 0.2958984375 0.03076171875 0.02392578125
0 0.2314453125 0.5029296875 0.04833984375 0.05419921875
0 0.263671875 0.69091796875 0.04443359375 0.0537109375
0 0.345703125 0.5322265625 0.0380859375 0.0263671875
0 0.03369140625 0.51953125 0.0380859375 0.0576171875
0 0.39453125 0.2890625 0.02978515625 0.02392578125
0 0.294921875 0.509765625 0.03857421875 0.03369140625
0 0.67236328125 0.4072265625 0.0439453125 0.03125
0 0.01806640625 0.6328125 0.0361328125 0.0595703125
0 0.12158203125 0.248046875 0.02197265625 0.03125
0 0.037109375 0.23779296875 0.0302734375 0.03759765625
0 0.1318359375 0.42724609375 0.03759765625 0.025390625
0 0.08642578125 0.306640625 0.01513671875 0.04052734375
0 0.9169921875 0.81591796875 0.0556640625 0.0576171875
0 0.3076171875 0.53857421875 0.0458984375 0.06005859375
0 0.30126953125 0.2001953125 0.02294921875 0.01904296875
0 0.3408203125 0.31689453125 0.0322265625 0.02197265625
0 0.8974609375 0.466796875 0.04296875 0.02880859375
0 0.2880859375 0.4306640625 0.0263671875 0.05615234375
0 0.0673828125 0.20751953125 0.01513671875 0.03515625
0 0.3408203125 0.2392578125 0.0302734375 0.037109375
0 0.1435546875 0.30126953125 0.03564453125 0.04345703125
0 0.20751953125 0.525390625 0.02880859375 0.04541015625
0 0.79833984375 0.84814453125 0.06689453125 0.06884765625
0 0.52197265625 0.56884765625 0.01953125 0.060546875
0 0.3857421875 0.23388671875 0.02294921875 0.01806640625
0 0.08642578125 0.287109375 0.03515625 0.04150390625
0 0.1513671875 0.96142578125 0.060546875 0.0771484375
0 0.01123046875 0.7294921875 0.0224609375 0.068359375
0 0.02197265625 0.2509765625 0.02734375 0.02099609375
0 0.61572265625 0.353515625 0.0322265625 0.02197265625
0 0.2724609375 0.35205078125 0.0205078125 0.0224609375
0 0.3193359375 0.2978515625 0.029296875 0.01513671875
0 0.6474609375 0.302734375 0.01220703125 0.03955078125
0 0.2373046875 0.208984375 0.03369140625 0.03759765625
0 0.14453125 0.2822265625 0.013671875 0.0146484375
0 0.0078125 0.4560546875 0.015625 0.04296875
0 0.10498046875 0.26171875 0.0263671875 0.01513671875
0 0.3037109375 0.50048828125 0.02197265625 0.02099609375
0 0.00537109375 0.234375 0.01025390625 0.0361328125
0 0.06640625 0.36767578125 0.01611328125 0.0205078125
0 0.00732421875 0.375 0.01416015625 0.02685546875
0 0.13330078125 0.291015625 0.01513671875 0.01953125
0 0.27099609375 0.4482421875 0.01904296875 0.02099609375
0 0.228515625 0.20166015625 0.01416015625 0.0205078125