0 0.78369140625 0.80615234375 0.0302734375 0.0361328125
0 0.8134765625 0.51123046875 0.0234375 0.0322265625
0 0.716796875 0.24609375 0.0205078125 0.037109375
0 0.77978515625 0.646484375 0.02734375 0.029296875
0 0.85498046875 0.49658203125 0.029296875 0.033203125
0 0.74853515625 0.87060546875 0.029296875 0.03125
0 0.8603515625 0.89599609375 0.0283203125 0.0439453125
0 0.8427734375 0.15380859375 0.0205078125 0.0185546875
0 0.908203125 0.484375 0.0283203125 0.0380859375
0 0.986328125 0.435546875 0.025390625 0.0302734375
0 0.84619140625 0.3173828125 0.0283203125 0.03515625
0 0.77587890625 0.7490234375 0.029296875 0.03125
0 0.83935546875 0.0712890625 0.0224609375 0.025390625
0 0.88427734375 0.13818359375 0.0234375 0.0263671875
0 0.93212890625 0.45751953125 0.025390625 0.037109375
0 0.96875 0.34130859375 0.0283203125 0.029296875
0 0.8759765625 0.361328125 0.0283203125 0.021484375
0 0.96337890625 0.44677734375 0.0234375 0.025390625
0 0.86376953125 0.1044921875 0.0224609375 0.02734375
0 0.9267578125 0.33935546875 0.02734375 0.0263671875
0 0.87060546875 0.38037109375 0.0302734375 0.037109375
0 0.91015625 0.06787109375 0.021484375 0.0283203125
0 0.9658203125 0.25927734375 0.0283203125 0.02734375
0 0.85888671875 0.271484375 0.0263671875 0.0302734375
0 0.84033203125 0.6943359375 0.03515625 0.0341796875
0 0.95751953125 0.38818359375 0.02734375 0.0283203125
0 0.90673828125 0.4482421875 0.029296875 0.03515625
0 0.95458984375 0.625 0.033203125 0.0361328125
0 0.9951171875 0.2021484375 0.009765625 0.025390625
0 0.951171875 0.29248046875 0.0263671875 0.033203125
0 0.89599609375 0.837890625 0.0322265625 0.033203125
0 0.99658203125 0.41357421875 0.0068359375 0.0283203125
0 0.96484375 0.22998046875 0.0263671875 0.0224609375
0 0.8662109375 0.248046875 0.02734375 0.02734375
0 0.94677734375 0.40966796875 0.029296875 0.02734375
0 0.93212890625 0.22607421875 0.0283203125 0.025390625
0 0.861328125 0.43310546875 0.03125 0.03125
0 0.85888671875 0.2919921875 0.017578125 0.0361328125
0 0.931640625 0.27783203125 0.0283203125 0.0302734375
0 0.708984375 0.6298828125 0.0185546875 0.0517578125
0 0.69580078125 0.630859375 0.0244140625 0.0498046875
0 0.888671875 0.06005859375 0.0263671875 0.025390625
0 0.95361328125 0.27734375 0.0205078125 0.021484375