0 0.2783203125 0.36376953125 0.0263671875 0.04736328125
0 0.24853515625 0.376953125 0.0166015625 0.04541015625
0 0.27197265625 0.38134765625 0.02978515625 0.05029296875
0 0.265625 0.32861328125 0.0322265625 0.0263671875
0 0.3251953125 0.677734375 0.017578125 0.0576171875
0 0.234375 0.26416015625 0.02294921875 0.0576171875
0 0.21435546875 0.2841796875 0.0244140625 0.05419921875
0 0.53076171875 0.873046875 0.03271484375 0.03271484375
0 0.5263671875 0.802734375 0.03662109375 0.03955078125
0 0.38037109375 0.732421875 0.02783203125 0.03271484375
0 0.8603515625 0.8681640625 0.01611328125 0.0419921875
0 0.4853515625 0.90869140625 0.017578125 0.04296875
0 0.2783203125 0.52294921875 0.02001953125 0.0537109375
0 0.46142578125 0.90283203125 0.0224609375 0.05322265625
0 0.5390625 0.94970703125 0.01953125 0.037109375
0 0.8359375 0.947265625 0.02099609375 0.03857421875
0 0.59033203125 0.94775390625 0.017578125 0.052734375
0 0.2568359375 0.28125 0.0166015625 0.0517578125
0 0.82861328125 0.876953125 0.01318359375 0.0400390625
0 0.173828125 0.22265625 0.0224609375 0.0703125
0 0.2333984375 0.36474609375 0.0126953125 0.0556640625
0 0.17333984375 0.41552734375 0.01611328125 0.02880859375
0 0.2158203125 0.35302734375 0.0263671875 0.041015625