0 0.73486328125 0.68701171875 0.01611328125 0.02880859375
0 0.98486328125 0.77734375 0.0166015625 0.0205078125
0 0.68505859375 0.87548828125 0.01123046875 0.02978515625
0 0.70751953125 0.748046875 0.01416015625 0.03369140625
0 0.658203125 0.869140625 0.017578125 0.03466796875
0 0.6806640625 0.943359375 0.01416015625 0.03662109375
0 0.62060546875 0.833984375 0.0107421875 0.037109375
0 0.787109375 0.65625 0.01171875 0.02734375
0 0.72802734375 0.89404296875 0.01123046875 0.0361328125
0 0.9208984375 0.59423828125 0.01611328125 0.03076171875
0 0.7236328125 0.716796875 0.0087890625 0.03369140625
0 0.990234375 0.751953125 0.0185546875 0.029296875
0 0.7705078125 0.974609375 0.00732421875 0.0322265625
0 0.70556640625 0.98974609375 0.0087890625 0.01953125
0 0.8662109375 0.88037109375 0.013671875 0.037109375
0 0.79541015625 0.61279296875 0.01611328125 0.0205078125
0 0.9267578125 0.6484375 0.01513671875 0.03271484375
0 0.60400390625 0.98876953125 0.01025390625 0.0205078125
0 0.98046875 0.4462890625 0.01513671875 0.02587890625
0 0.96728515625 0.4404296875 0.013671875 0.0263671875
0 0.87939453125 0.701171875 0.01806640625 0.0185546875
0 0.681640625 0.849609375 0.01123046875 0.02734375