0 0.3876953125 0.912109375 0.05517578125 0.05029296875
0 0.34619140625 0.74072265625 0.033203125 0.0302734375
0 0.1513671875 0.65673828125 0.02587890625 0.0263671875
0 0.22021484375 0.685546875 0.025390625 0.0263671875
0 0.0224609375 0.9453125 0.0400390625 0.0498046875
0 0.1181640625 0.77880859375 0.02099609375 0.0341796875
0 0.02294921875 0.74560546875 0.0283203125 0.03076171875
0 0.904296875 0.89599609375 0.04931640625 0.04736328125
0 0.43115234375 0.88720703125 0.03955078125 0.04345703125
0 0.1396484375 0.78857421875 0.03076171875 0.033203125
0 0.49560546875 0.92626953125 0.0478515625 0.05078125
0 0.75146484375 0.85888671875 0.04052734375 0.03759765625
0 0.12255859375 0.6884765625 0.02734375 0.0263671875
0 0.69482421875 0.75634765625 0.03173828125 0.033203125
0 0.064453125 0.7529296875 0.02783203125 0.02880859375
0 0.91845703125 0.828125 0.04541015625 0.046875
0 0.03173828125 0.6904296875 0.025390625 0.02978515625
0 0.1279296875 0.70458984375 0.02197265625 0.03173828125
0 0.05126953125 0.6708984375 0.0224609375 0.02587890625
0 0.21142578125 0.69580078125 0.01806640625 0.01611328125
0 0.2509765625 0.70556640625 0.02294921875 0.02978515625
0 0.00732421875 0.796875 0.0146484375 0.0341796875
0 0.0126953125 0.8876953125 0.025390625 0.04296875
0 0.431640625 0.79296875 0.0244140625 0.0341796875
0 0.22314453125 0.71630859375 0.029296875 0.03125
0 0.18701171875 0.73046875 0.0263671875 0.0205078125
0 0.02392578125 0.65576171875 0.02197265625 0.02392578125
0 0.177734375 0.98779296875 0.046875 0.0234375
0 0.126953125 0.87109375 0.0361328125 0.04541015625
0 0.8125 0.794921875 0.0244140625 0.0390625
0 0.4521484375 0.7724609375 0.02783203125 0.0380859375
0 0.38232421875 0.81787109375 0.0380859375 0.0390625
0 0.0908203125 0.70751953125 0.0224609375 0.0166015625
0 0.78515625 0.87744140625 0.01806640625 0.04443359375
0 0.1455078125 0.71728515625 0.01953125 0.0302734375
0 0.63232421875 0.86572265625 0.0439453125 0.0498046875
0 0.19091796875 0.677734375 0.01708984375 0.00927734375
0 0.09765625 0.58154296875 0.01806640625 0.02197265625
0 0.8212890625 0.86328125 0.0712890625 0.025390625
0 0.04931640625 0.58544921875 0.01806640625 0.01904296875
0 0.091796875 0.58642578125 0.01171875 0.01513671875
0 0.80615234375 0.896484375 0.03662109375 0.01806640625
0 0.07373046875 0.5849609375 0.01513671875 0.01953125
0 0.56298828125 0.71435546875 0.0146484375 0.015625