0 0.421875 0.50927734375 0.021484375 0.0234375
0 0.30712890625 0.59375 0.0185546875 0.025390625
0 0.37841796875 0.58203125 0.0205078125 0.0224609375
0 0.33984375 0.57958984375 0.0185546875 0.0205078125
0 0.48583984375 0.583984375 0.0205078125 0.0234375
0 0.3837890625 0.55078125 0.0185546875 0.0185546875
0 0.2490234375 0.53515625 0.017578125 0.0205078125
0 0.41845703125 0.52734375 0.0146484375 0.0224609375
0 0.2412109375 0.43359375 0.0146484375 0.01953125
0 0.27294921875 0.4599609375 0.015625 0.01953125
0 0.171875 0.52783203125 0.0166015625 0.021484375
0 0.0751953125 0.42578125 0.0146484375 0.0205078125
0 0.400390625 0.50439453125 0.013671875 0.0263671875
0 0.25927734375 0.46435546875 0.01171875 0.025390625
0 0.619140625 0.60498046875 0.0185546875 0.02734375
0 0.3173828125 0.42919921875 0.015625 0.021484375
0 0.2421875 0.40625 0.013671875 0.0205078125
0 0.294921875 0.54833984375 0.013671875 0.0263671875
0 0.0390625 0.533203125 0.01171875 0.025390625
0 0.06982421875 0.35986328125 0.0146484375 0.021484375
0 0.130859375 0.38525390625 0.013671875 0.0166015625
0 0.37890625 0.51171875 0.0185546875 0.01953125
0 0.3291015625 0.4365234375 0.017578125 0.0244140625
0 0.33935546875 0.45703125 0.017578125 0.0205078125
0 0.1494140625 0.3857421875 0.013671875 0.015625
0 0.11767578125 0.37841796875 0.015625 0.01953125
0 0.095703125 0.36474609375 0.0126953125 0.01953125
0 0.0234375 0.34326171875 0.015625 0.021484375