0 0.98876953125 0.837890625 0.0224609375 0.1015625
0 0.88720703125 0.22998046875 0.02587890625 0.08642578125
0 0.6923828125 0.0986328125 0.02294921875 0.09033203125
0 0.3046875 0.22265625 0.0244140625 0.078125
0 0.09326171875 0.4931640625 0.04541015625 0.06005859375
0 0.33251953125 0.05224609375 0.04931640625 0.0439453125
0 0.869140625 0.64404296875 0.0263671875 0.0966796875
0 0.3720703125 0.31005859375 0.033203125 0.08740234375
0 0.68505859375 0.509765625 0.02685546875 0.08544921875
0 0.7314453125 0.0859375 0.03466796875 0.0625
0 0.7626953125 0.4345703125 0.02587890625 0.06298828125
0 0.3603515625 0.14013671875 0.0390625 0.06494140625
0 0.9501953125 0.365234375 0.0615234375 0.0478515625
0 0.06884765625 0.0224609375 0.0458984375 0.0439453125
0 0.1796875 0.96875 0.04248046875 0.05908203125
0 0.60546875 0.076171875 0.02880859375 0.08740234375
0 0.45361328125 0.68115234375 0.02001953125 0.0869140625
0 0.1513671875 0.90283203125 0.04931640625 0.09423828125
0 0.359375 0.10400390625 0.04345703125 0.056640625
0 0.33984375 0.4677734375 0.02978515625 0.060546875
0 0.82373046875 0.9375 0.03125 0.099609375
0 0.1708984375 0.4423828125 0.03466796875 0.06103515625
0 0.578125 0.265625 0.03076171875 0.072265625
0 0.0673828125 0.85791015625 0.02734375 0.11767578125
0 0.16552734375 0.87646484375 0.04345703125 0.0439453125
0 0.865234375 0.2255859375 0.04052734375 0.07470703125
0 0.93603515625 0.46435546875 0.033203125 0.09814453125
0 0.005859375 0.61376953125 0.01123046875 0.0380859375
0 0.77197265625 0.1982421875 0.0224609375 0.09423828125
0 0.294921875 0.44677734375 0.0126953125 0.021484375
0 0.0546875 0.775390625 0.029296875 0.07080078125