0 0.6455078125 0.8671875 0.04296875 0.0849609375
0 0.31396484375 0.90625 0.037109375 0.0625
0 0.9794921875 0.82568359375 0.0380859375 0.03515625
0 0.728515625 0.7861328125 0.037109375 0.0693359375
0 0.92138671875 0.8095703125 0.0322265625 0.0458984375
0 0.03564453125 0.2255859375 0.048828125 0.076171875
0 0.7021484375 0.19287109375 0.0546875 0.052734375
0 0.61328125 0.0166015625 0.03515625 0.033203125
0 0.818359375 0.02880859375 0.044921875 0.0576171875
0 0.29638671875 0.1259765625 0.04296875 0.0576171875
0 0.9248046875 0.39892578125 0.029296875 0.046875