0 0.52490234375 0.14794921875 0.0380859375 0.0791015625
0 0.3291015625 0.70361328125 0.0625 0.06640625
0 0.427734375 0.3232421875 0.046875 0.099609375
0 0.462890625 0.04052734375 0.03125 0.05859375
0 0.16259765625 0.2939453125 0.0341796875 0.0869140625
0 0.345703125 0.27001953125 0.056640625 0.05859375
0 0.39306640625 0.75830078125 0.048828125 0.091796875
0 0.2890625 0.162109375 0.033203125 0.0703125
0 0.388671875 0.203125 0.052734375 0.05859375
0 0.3828125 0.95751953125 0.0478515625 0.0634765625
0 0.63671875 0.130859375 0.0439453125 0.068359375
0 0.36572265625 0.0986328125 0.0478515625 0.052734375
0 0.20703125 0.654296875 0.0341796875 0.0751953125
0 0.3896484375 0.46337890625 0.0458984375 0.0810546875