0 0.576171875 0.1328125 0.0654296875 0.03515625
0 0.59326171875 0.25341796875 0.0439453125 0.0439453125
0 0.0830078125 0.20654296875 0.064453125 0.037109375
0 0.40478515625 0.25439453125 0.0498046875 0.0576171875
0 0.07861328125 0.244140625 0.0419921875 0.0400390625
0 0.6259765625 0.01220703125 0.046875 0.0244140625
0 0.1435546875 0.314453125 0.041015625 0.048828125
0 0.19677734375 0.3447265625 0.0322265625 0.076171875
0 0.12939453125 0.35888671875 0.052734375 0.0830078125
0 0.1708984375 0.3583984375 0.0341796875 0.0849609375
0 0.0947265625 0.31201171875 0.037109375 0.0517578125