0 0.6904296875 0.4970703125 0.03125 0.0419921875
0 0.67236328125 0.46923828125 0.015625 0.0341796875
0 0.490234375 0.04150390625 0.013671875 0.033203125
0 0.48828125 0.05810546875 0.013671875 0.0322265625
0 0.62158203125 0.91259765625 0.0224609375 0.0390625
0 0.53173828125 0.61865234375 0.0126953125 0.033203125
0 0.6015625 0.451171875 0.0234375 0.0400390625
0 0.36962890625 0.10498046875 0.0146484375 0.0283203125
0 0.544921875 0.623046875 0.01953125 0.0234375
0 0.40234375 0.09521484375 0.0146484375 0.0205078125
0 0.66162109375 0.4248046875 0.0185546875 0.0302734375
0 0.61962890625 0.4970703125 0.01953125 0.0283203125
0 0.4765625 0.052734375 0.015625 0.0302734375
0 0.474609375 0.3359375 0.017578125 0.0322265625
0 0.650390625 0.5146484375 0.015625 0.0341796875
0 0.546875 0.96044921875 0.0185546875 0.0419921875
0 0.59912109375 0.36279296875 0.013671875 0.03125
0 0.51513671875 0.72216796875 0.0166015625 0.037109375
0 0.6708984375 0.49853515625 0.0185546875 0.041015625