0 0.14599609375 0.82373046875 0.013671875 0.033203125
0 0.154296875 0.43212890625 0.0185546875 0.0224609375
0 0.1875 0.34521484375 0.01953125 0.0185546875
0 0.43408203125 0.43115234375 0.0185546875 0.03125
0 0.3447265625 0.796875 0.0126953125 0.0322265625
0 0.67626953125 0.80712890625 0.0185546875 0.029296875
0 0.7431640625 0.4658203125 0.0224609375 0.0263671875
0 0.79736328125 0.57177734375 0.0263671875 0.0234375
0 0.39208984375 0.38232421875 0.01953125 0.0234375
0 0.923828125 0.896484375 0.0166015625 0.033203125
0 0.82080078125 0.55712890625 0.017578125 0.0341796875
0 0.13232421875 0.83056640625 0.0126953125 0.037109375
0 0.96875 0.6884765625 0.0224609375 0.0302734375
0 0.76513671875 0.45751953125 0.0126953125 0.0322265625
0 0.33056640625 0.46142578125 0.015625 0.0361328125
0 0.765625 0.69384765625 0.01953125 0.03125
0 0.5009765625 0.9326171875 0.015625 0.029296875
0 0.40087890625 0.60546875 0.015625 0.0322265625
0 0.2451171875 0.59619140625 0.0166015625 0.03515625
0 0.93212890625 0.7099609375 0.0166015625 0.0341796875
0 0.5556640625 0.6025390625 0.015625 0.0400390625
0 0.43701171875 0.70849609375 0.0146484375 0.0302734375
0 0.20654296875 0.82568359375 0.013671875 0.03125
0 0.2578125 0.748046875 0.0146484375 0.03125
0 0.580078125 0.5830078125 0.0146484375 0.037109375
0 0.30615234375 0.419921875 0.0146484375 0.037109375
0 0.03466796875 0.70166015625 0.0146484375 0.0322265625
0 0.05126953125 0.60546875 0.017578125 0.0322265625
0 0.36767578125 0.59130859375 0.013671875 0.03515625
0 0.29052734375 0.69091796875 0.013671875 0.037109375
0 0.16455078125 0.7734375 0.015625 0.03515625
0 0.73388671875 0.9423828125 0.015625 0.037109375
0 0.63525390625 0.73193359375 0.0146484375 0.0419921875
0 0.19873046875 0.431640625 0.015625 0.0380859375
0 0.248046875 0.83447265625 0.0126953125 0.037109375
0 0.408203125 0.78955078125 0.0146484375 0.0361328125
0 0.4833984375 0.9482421875 0.017578125 0.033203125
0 0.10546875 0.70849609375 0.017578125 0.037109375
0 0.1181640625 0.78515625 0.013671875 0.041015625
0 0.5595703125 0.40478515625 0.0126953125 0.03515625
0 0.298828125 0.86376953125 0.0146484375 0.0302734375
0 0.21826171875 0.8271484375 0.0126953125 0.0361328125
0 0.65185546875 0.64013671875 0.0185546875 0.0361328125
0 0.19287109375 0.646484375 0.0126953125 0.0390625
0 0.462890625 0.55126953125 0.013671875 0.037109375
0 0.2265625 0.95068359375 0.01953125 0.0390625
0 0.40283203125 0.8701171875 0.0146484375 0.0400390625
0 0.271484375 0.71875 0.01171875 0.03125
0 0.62890625 0.9755859375 0.0166015625 0.025390625
0 0.16064453125 0.857421875 0.017578125 0.0302734375
0 0.44189453125 0.66845703125 0.017578125 0.0361328125
0 0.345703125 0.76708984375 0.013671875 0.037109375
0 0.14990234375 0.7275390625 0.013671875 0.029296875
0 0.341796875 0.8056640625 0.013671875 0.0390625
0 0.12548828125 0.52099609375 0.01171875 0.037109375
0 0.16943359375 0.7236328125 0.01953125 0.02734375
0 0.0810546875 0.74560546875 0.0166015625 0.037109375
0 0.3486328125 0.93896484375 0.017578125 0.0302734375
0 0.44482421875 0.70751953125 0.013671875 0.03515625
0 0.04638671875 0.861328125 0.0146484375 0.033203125
0 0.9306640625 0.447265625 0.0146484375 0.02734375
0 0.11474609375 0.99267578125 0.0166015625 0.0146484375
0 0.11083984375 0.67578125 0.0166015625 0.041015625
0 0.0849609375 0.9736328125 0.01953125 0.037109375
0 0.228515625 0.89404296875 0.0205078125 0.03125
0 0.10400390625 0.810546875 0.0166015625 0.0400390625
0 0.09765625 0.66552734375 0.01171875 0.025390625
0 0.0146484375 0.5654296875 0.0126953125 0.0341796875
0 0.29052734375 0.990234375 0.0166015625 0.01953125
0 0.02978515625 0.59619140625 0.017578125 0.0390625
0 0.1572265625 0.80908203125 0.01953125 0.0302734375
0 0.0908203125 0.9931640625 0.0234375 0.013671875
0 0.00341796875 0.5166015625 0.0068359375 0.017578125
0 0.9619140625 0.64208984375 0.0205078125 0.0302734375
0 0.36865234375 0.369140625 0.01171875 0.01953125
0 0.0595703125 0.98095703125 0.0107421875 0.021484375