0 0.8154296875 0.3564453125 0.02001953125 0.0234375
0 0.97998046875 0.2314453125 0.021484375 0.02099609375
0 0.92626953125 0.2373046875 0.01953125 0.02197265625
0 0.984375 0.1484375 0.01708984375 0.0244140625
0 0.94482421875 0.34521484375 0.02001953125 0.02099609375
0 0.86181640625 0.345703125 0.021484375 0.02880859375
0 0.919921875 0.40576171875 0.02099609375 0.02294921875
0 0.9521484375 0.23779296875 0.017578125 0.02587890625
0 0.890625 0.458984375 0.01904296875 0.0322265625
0 0.99169921875 0.71728515625 0.015625 0.02880859375
0 0.91162109375 0.00732421875 0.0224609375 0.01416015625
0 0.95654296875 0.2568359375 0.017578125 0.02587890625
0 0.9951171875 0.74560546875 0.009765625 0.02978515625
0 0.98828125 0.0126953125 0.01953125 0.02490234375
0 0.9609375 0.876953125 0.02197265625 0.02685546875
0 0.986328125 0.8427734375 0.01953125 0.03955078125
0 0.9873046875 0.88427734375 0.02099609375 0.0556640625
0 0.9736328125 0.89453125 0.01416015625 0.0458984375