0 0.6064453125 0.2158203125 0.1171875 0.2255859375
0 0.74365234375 0.48974609375 0.16015625 0.2314453125
0 0.2099609375 0.1083984375 0.162109375 0.15625
0 0.84130859375 0.08154296875 0.1201171875 0.1630859375
0 0.53759765625 0.40673828125 0.1533203125 0.2841796875
0 0.3564453125 0.39208984375 0.1611328125 0.255859375
0 0.05859375 0.619140625 0.111328125 0.1708984375
0 0.48828125 0.91552734375 0.111328125 0.1689453125
0 0.181640625 0.94091796875 0.09765625 0.1181640625
0 0.31005859375 0.9658203125 0.1298828125 0.068359375
0 0.73291015625 0.234375 0.142578125 0.2646484375
0 0.9658203125 0.876953125 0.068359375 0.111328125
0 0.18408203125 0.40234375 0.1513671875 0.1669921875
0 0.947265625 0.31982421875 0.0791015625 0.150390625
0 0.23193359375 0.6767578125 0.1689453125 0.2138671875