0 0.2802734375 0.4541015625 0.0869140625 0.08203125
0 0.0966796875 0.259765625 0.06005859375 0.09619140625
0 0.47314453125 0.31689453125 0.03271484375 0.11279296875
0 0.26123046875 0.0927734375 0.0458984375 0.03515625
0 0.013671875 0.25439453125 0.02734375 0.05126953125
0 0.08447265625 0.16845703125 0.0693359375 0.07958984375
0 0.32470703125 0.2109375 0.060546875 0.06640625
0 0.34619140625 0.17041015625 0.0703125 0.07470703125
0 0.16748046875 0.01806640625 0.05419921875 0.03466796875
0 0.38134765625 0.36962890625 0.0888671875 0.0927734375
0 0.1435546875 0.365234375 0.04931640625 0.09814453125
0 0.43359375 0.25244140625 0.05810546875 0.07275390625
0 0.765625 0.6435546875 0.1181640625 0.12353515625
0 0.048828125 0.99169921875 0.04345703125 0.0166015625