0 0.80615234375 0.38232421875 0.09033203125 0.1005859375
0 0.861328125 0.0595703125 0.06689453125 0.119140625
0 0.927734375 0.5185546875 0.08203125 0.1279296875
0 0.96240234375 0.32470703125 0.046875 0.140625
0 0.8583984375 0.4443359375 0.0830078125 0.0830078125
0 0.724609375 0.08935546875 0.06201171875 0.11572265625
0 0.82470703125 0.30029296875 0.1005859375 0.06494140625
0 0.69189453125 0.04931640625 0.0751953125 0.0986328125
0 0.845703125 0.193359375 0.03369140625 0.13720703125
0 0.75146484375 0.25146484375 0.07666015625 0.0849609375
0 0.7880859375 0.0908203125 0.0302734375 0.142578125
0 0.642578125 0.0419921875 0.0419921875 0.0830078125