0 0.82177734375 0.91455078125 0.0068359375 0.02001953125
0 0.93994140625 0.783203125 0.005859375 0.01416015625
0 0.99755859375 0.59130859375 0.00439453125 0.01123046875
0 0.94873046875 0.7412109375 0.0068359375 0.01318359375
0 0.97119140625 0.9765625 0.0087890625 0.0166015625
0 0.98681640625 0.607421875 0.00732421875 0.01318359375
0 0.9658203125 0.642578125 0.00634765625 0.0126953125
0 0.9013671875 0.9931640625 0.0078125 0.01318359375
0 0.958984375 0.6376953125 0.0078125 0.01416015625
0 0.7998046875 0.94970703125 0.01025390625 0.017578125
0 0.787109375 0.9443359375 0.01171875 0.02783203125
0 0.8125 0.92431640625 0.0087890625 0.01904296875
0 0.99853515625 0.97998046875 0.0029296875 0.01416015625