0 0.50537109375 0.703125 0.0166015625 0.0302734375
0 0.50390625 0.685546875 0.0205078125 0.0234375
0 0.498046875 0.61767578125 0.0224609375 0.0234375
0 0.47216796875 0.6171875 0.0205078125 0.0283203125
0 0.50537109375 0.78369140625 0.0185546875 0.0234375
0 0.23681640625 0.7509765625 0.017578125 0.0185546875
0 0.6376953125 0.9208984375 0.0205078125 0.0322265625
0 0.13037109375 0.755859375 0.015625 0.029296875
0 0.6220703125 0.8486328125 0.0185546875 0.03515625
0 0.23291015625 0.58447265625 0.0205078125 0.0283203125
0 0.255859375 0.56982421875 0.017578125 0.0302734375
0 0.55078125 0.7333984375 0.0205078125 0.041015625
0 0.10302734375 0.73828125 0.017578125 0.021484375
0 0.3203125 0.56982421875 0.0126953125 0.01953125
0 0.2412109375 0.6572265625 0.0185546875 0.0185546875
0 0.24755859375 0.609375 0.0185546875 0.025390625
0 0.1220703125 0.56201171875 0.0185546875 0.021484375
0 0.49267578125 0.677734375 0.017578125 0.0185546875
0 0.75537109375 0.9443359375 0.0205078125 0.0224609375
0 0.25 0.5458984375 0.0107421875 0.013671875
0 0.4541015625 0.6005859375 0.0234375 0.029296875
0 0.009765625 0.490234375 0.01953125 0.03125
0 0.0029296875 0.48046875 0.005859375 0.021484375