0 0.30810546875 0.18115234375 0.0859375 0.0927734375
0 0.412109375 0.51220703125 0.0986328125 0.1220703125
0 0.36083984375 0.6767578125 0.10546875 0.1328125
0 0.48291015625 0.076171875 0.0732421875 0.078125
0 0.9462890625 0.47119140625 0.09375 0.1162109375
0 0.16943359375 0.01123046875 0.0673828125 0.0224609375
0 0.08837890625 0.634765625 0.142578125 0.140625
0 0.39599609375 0.041015625 0.0400390625 0.0771484375
0 0.94287109375 0.14501953125 0.0341796875 0.056640625
0 0.2529296875 0.0078125 0.0703125 0.015625
0 0.49853515625 0.0361328125 0.0302734375 0.0390625
0 0.9736328125 0.12451171875 0.0283203125 0.044921875