0 0.11376953125 0.48876953125 0.03515625 0.0517578125
0 0.08203125 0.19580078125 0.0380859375 0.0673828125
0 0.107421875 0.06201171875 0.0498046875 0.068359375
0 0.482421875 0.064453125 0.0390625 0.06640625
0 0.392578125 0.44677734375 0.0341796875 0.0732421875
0 0.4873046875 0.416015625 0.04296875 0.0498046875
0 0.421875 0.37109375 0.037109375 0.068359375
0 0.64111328125 0.33447265625 0.0361328125 0.0673828125
0 0.85986328125 0.3310546875 0.04296875 0.0400390625
0 0.2265625 0.65673828125 0.046875 0.0478515625
0 0.36474609375 0.11376953125 0.0361328125 0.044921875
0 0.4287109375 0.1416015625 0.0400390625 0.0595703125
0 0.5087890625 0.29638671875 0.044921875 0.05078125
0 0.318359375 0.28369140625 0.056640625 0.05859375
0 0.57666015625 0.39990234375 0.0361328125 0.0625
0 0.56103515625 0.2587890625 0.0361328125 0.072265625
0 0.4375 0.00537109375 0.03125 0.0107421875
0 0.47509765625 0.72509765625 0.048828125 0.046875
0 0.056640625 0.68994140625 0.046875 0.08203125
0 0.70068359375 0.05908203125 0.0439453125 0.056640625
0 0.32080078125 0.14697265625 0.0517578125 0.0625
0 0.46240234375 0.6376953125 0.0498046875 0.048828125
0 0.08984375 0.84033203125 0.0478515625 0.056640625
0 0.47998046875 0.98779296875 0.0400390625 0.0244140625
0 0.4638671875 0.1796875 0.03125 0.046875
0 0.02490234375 0.64306640625 0.0498046875 0.0751953125
0 0.38037109375 0.62109375 0.0439453125 0.0712890625
0 0.68896484375 0.5537109375 0.044921875 0.0693359375
0 0.59814453125 0.87744140625 0.029296875 0.0478515625
0 0.58935546875 0.71923828125 0.0361328125 0.0634765625
0 0.234375 0.47900390625 0.0400390625 0.0615234375
0 0.265625 0.4423828125 0.0419921875 0.068359375
0 0.3115234375 0.41162109375 0.044921875 0.0576171875
0 0.43994140625 0.85302734375 0.0263671875 0.05078125
0 0.060546875 0.84033203125 0.0390625 0.05859375
0 0.27880859375 0.5751953125 0.0419921875 0.064453125
0 0.126953125 0.7861328125 0.0458984375 0.0849609375
0 0.42626953125 0.7861328125 0.041015625 0.0703125