0 0.55908203125 0.65673828125 0.0185546875 0.0205078125
0 0.7412109375 0.3798828125 0.017578125 0.0322265625
0 0.45849609375 0.6748046875 0.017578125 0.0341796875
0 0.9228515625 0.40625 0.0185546875 0.03515625
0 0.51318359375 0.76416015625 0.021484375 0.0302734375
0 0.52587890625 0.5546875 0.0205078125 0.0322265625
0 0.43603515625 0.7421875 0.01953125 0.0361328125
0 0.478515625 0.794921875 0.0185546875 0.03515625
0 0.95166015625 0.50048828125 0.0244140625 0.0283203125
0 0.9541015625 0.45458984375 0.0234375 0.0322265625
0 0.55078125 0.623046875 0.0205078125 0.0361328125
0 0.560546875 0.86328125 0.0224609375 0.0302734375
0 0.88720703125 0.88037109375 0.01953125 0.0341796875
0 0.98779296875 0.52294921875 0.01953125 0.03125
0 0.60498046875 0.671875 0.0205078125 0.0380859375
0 0.6416015625 0.87451171875 0.0234375 0.0283203125
0 0.95849609375 0.57763671875 0.0224609375 0.02734375
0 0.9697265625 0.66845703125 0.0146484375 0.0224609375
0 0.87451171875 0.91748046875 0.0166015625 0.02734375
0 0.5693359375 0.9521484375 0.01171875 0.01953125
0 0.8251953125 0.69677734375 0.0234375 0.033203125
0 0.39111328125 0.89453125 0.0166015625 0.0263671875
0 0.83984375 0.64013671875 0.0234375 0.03125
0 0.65234375 0.59130859375 0.021484375 0.02734375
0 0.59423828125 0.99755859375 0.0126953125 0.0048828125
0 0.97509765625 0.46533203125 0.025390625 0.0263671875
0 0.87548828125 0.60107421875 0.0205078125 0.029296875
0 0.6123046875 0.99658203125 0.015625 0.0068359375
0 0.80078125 0.56103515625 0.0224609375 0.0283203125
0 0.724609375 0.6083984375 0.0205078125 0.0322265625
0 0.3671875 0.900390625 0.0205078125 0.0244140625
0 0.86474609375 0.6279296875 0.0224609375 0.0302734375
0 0.8740234375 0.78564453125 0.0224609375 0.0322265625
0 0.7236328125 0.67724609375 0.017578125 0.0244140625
0 0.6611328125 0.7529296875 0.0146484375 0.021484375
0 0.74951171875 0.79345703125 0.01953125 0.033203125
0 0.6982421875 0.927734375 0.0234375 0.037109375
0 0.7216796875 0.98046875 0.0185546875 0.029296875
0 0.63134765625 0.77294921875 0.0224609375 0.033203125
0 0.69677734375 0.841796875 0.017578125 0.029296875
0 0.8134765625 0.802734375 0.01953125 0.029296875
0 0.67822265625 0.87353515625 0.021484375 0.0322265625
0 0.73974609375 0.6484375 0.021484375 0.0302734375
0 0.65087890625 0.6708984375 0.0234375 0.03125
0 0.89501953125 0.66845703125 0.0224609375 0.03515625
0 0.74755859375 0.97802734375 0.0234375 0.037109375
0 0.8369140625 0.83447265625 0.0224609375 0.0302734375
0 0.83447265625 0.55517578125 0.021484375 0.029296875
0 0.8212890625 0.9638671875 0.025390625 0.033203125
0 0.83935546875 0.92333984375 0.0224609375 0.0361328125
0 0.7548828125 0.939453125 0.021484375 0.029296875
0 0.6708984375 0.63623046875 0.0205078125 0.02734375
0 0.76708984375 0.8017578125 0.0205078125 0.0302734375
0 0.765625 0.6015625 0.0244140625 0.03515625
0 0.4755859375 0.9453125 0.01953125 0.017578125
0 0.40234375 0.82080078125 0.0234375 0.0283203125
0 0.8935546875 0.7109375 0.021484375 0.03125
0 0.80615234375 0.6669921875 0.0205078125 0.0263671875
0 0.80859375 0.6103515625 0.029296875 0.0380859375
0 0.876953125 0.7294921875 0.013671875 0.0185546875
0 0.712890625 0.73291015625 0.0234375 0.0361328125
0 0.69970703125 0.77099609375 0.0234375 0.0400390625
0 0.6767578125 0.6865234375 0.0224609375 0.029296875
0 0.78955078125 0.630859375 0.013671875 0.02734375
0 0.69091796875 0.76416015625 0.0205078125 0.04296875
0 0.701171875 0.814453125 0.017578125 0.029296875
0 0.46044921875 0.96044921875 0.015625 0.0341796875
0 0.73974609375 0.9853515625 0.0263671875 0.029296875
0 0.80615234375 0.640625 0.0244140625 0.0283203125
0 0.77783203125 0.62841796875 0.0166015625 0.0283203125
0 0.78173828125 0.6220703125 0.017578125 0.025390625
0 0.619140625 0.98974609375 0.009765625 0.0205078125
0 0.45263671875 0.962890625 0.013671875 0.025390625
0 0.46923828125 0.9560546875 0.0185546875 0.021484375