0 0.74658203125 0.265625 0.021484375 0.0322265625
0 0.66748046875 0.20703125 0.0205078125 0.03515625
0 0.7470703125 0.20849609375 0.0185546875 0.03515625
0 0.73583984375 0.10009765625 0.021484375 0.037109375
0 0.64208984375 0.12255859375 0.0234375 0.03515625
0 0.64501953125 0.03857421875 0.01953125 0.04296875
0 0.732421875 0.00732421875 0.025390625 0.0146484375
0 0.71337890625 0.0439453125 0.021484375 0.037109375
0 0.68505859375 0.01171875 0.0224609375 0.0234375
0 0.748046875 0.0595703125 0.029296875 0.0361328125
0 0.75390625 0.083984375 0.0205078125 0.03125
0 0.66650390625 0.0732421875 0.0166015625 0.04296875
0 0.68017578125 0.07373046875 0.021484375 0.04296875
0 0.57568359375 0.087890625 0.0263671875 0.03515625
0 0.5703125 0.119140625 0.01953125 0.033203125
0 0.564453125 0.158203125 0.0205078125 0.0419921875
0 0.50244140625 0.22216796875 0.0224609375 0.041015625
0 0.5341796875 0.2958984375 0.0146484375 0.037109375
0 0.47265625 0.40625 0.0185546875 0.03125
0 0.53271484375 0.33740234375 0.015625 0.041015625
0 0.50634765625 0.28271484375 0.0224609375 0.037109375
0 0.4853515625 0.3076171875 0.017578125 0.033203125
0 0.3798828125 0.40673828125 0.015625 0.033203125
0 0.5322265625 0.17724609375 0.015625 0.03125
0 0.58154296875 0.01513671875 0.0224609375 0.0302734375
0 0.5185546875 0.14697265625 0.0205078125 0.033203125
0 0.4931640625 0.15380859375 0.021484375 0.0361328125
0 0.50830078125 0.09716796875 0.01953125 0.0322265625
0 0.47021484375 0.173828125 0.01953125 0.037109375
0 0.43994140625 0.2578125 0.0244140625 0.0263671875
0 0.45458984375 0.28662109375 0.025390625 0.0390625
0 0.4267578125 0.33349609375 0.01953125 0.03515625
0 0.44140625 0.33154296875 0.017578125 0.0361328125
0 0.35986328125 0.275390625 0.0205078125 0.03515625
0 0.552734375 0.0068359375 0.015625 0.013671875
0 0.52392578125 0.009765625 0.0185546875 0.01953125
0 0.5 0.01611328125 0.0234375 0.0322265625
0 0.48388671875 0.03515625 0.0166015625 0.0205078125
0 0.49462890625 0.06982421875 0.021484375 0.0361328125
0 0.4033203125 0.01904296875 0.0224609375 0.017578125
0 0.466796875 0.01611328125 0.015625 0.03125
0 0.4560546875 0.015625 0.0126953125 0.0283203125
0 0.4375 0.0224609375 0.01953125 0.0380859375
0 0.4462890625 0.091796875 0.015625 0.02734375
0 0.46142578125 0.0859375 0.021484375 0.0234375
0 0.466796875 0.12646484375 0.029296875 0.0263671875
0 0.47705078125 0.09619140625 0.015625 0.0302734375
0 0.41796875 0.0400390625 0.01953125 0.0400390625
0 0.41748046875 0.0146484375 0.01953125 0.01953125
0 0.4287109375 0.12060546875 0.0185546875 0.0341796875
0 0.43212890625 0.18212890625 0.0224609375 0.0390625
0 0.40869140625 0.1806640625 0.017578125 0.0419921875
0 0.38427734375 0.16064453125 0.0205078125 0.0341796875
0 0.3486328125 0.158203125 0.0205078125 0.046875
0 0.34423828125 0.212890625 0.017578125 0.037109375
0 0.39794921875 0.2646484375 0.021484375 0.04296875
0 0.412109375 0.271484375 0.0166015625 0.0380859375
0 0.3818359375 0.341796875 0.0234375 0.03515625
0 0.3603515625 0.37255859375 0.021484375 0.0419921875
0 0.3427734375 0.37548828125 0.01953125 0.0439453125
0 0.341796875 0.30078125 0.017578125 0.03515625
0 0.337890625 0.3388671875 0.01953125 0.0390625
0 0.28515625 0.36328125 0.01953125 0.03515625
0 0.21337890625 0.419921875 0.0185546875 0.0390625
0 0.19580078125 0.4296875 0.0185546875 0.0322265625
0 0.3125 0.35546875 0.0205078125 0.0322265625
0 0.1923828125 0.35791015625 0.02734375 0.0322265625
0 0.23779296875 0.26611328125 0.0146484375 0.0341796875
0 0.29052734375 0.20068359375 0.015625 0.0341796875
0 0.26611328125 0.1982421875 0.0166015625 0.0390625
0 0.26953125 0.234375 0.017578125 0.0380859375
0 0.27734375 0.19873046875 0.01953125 0.037109375
0 0.36474609375 0.09912109375 0.0234375 0.0400390625
0 0.37158203125 0.07861328125 0.0185546875 0.03515625
0 0.3125 0.064453125 0.0234375 0.0419921875
0 0.33203125 0.0908203125 0.0185546875 0.0322265625
0 0.32080078125 0.13427734375 0.0185546875 0.0380859375
0 0.291015625 0.1240234375 0.0205078125 0.044921875
0 0.2578125 0.0830078125 0.0224609375 0.0400390625
0 0.23828125 0.14306640625 0.0205078125 0.037109375
0 0.2470703125 0.19384765625 0.0185546875 0.0341796875
0 0.22900390625 0.20068359375 0.021484375 0.0341796875
0 0.18798828125 0.20751953125 0.02734375 0.025390625
0 0.181640625 0.17724609375 0.0205078125 0.0263671875
0 0.2099609375 0.068359375 0.01953125 0.0263671875
0 0.19580078125 0.04443359375 0.0224609375 0.0322265625
0 0.1337890625 0.04541015625 0.0185546875 0.021484375
0 0.1787109375 0.083984375 0.017578125 0.0390625
0 0.13671875 0.09033203125 0.0205078125 0.029296875
0 0.1103515625 0.1064453125 0.017578125 0.0322265625
0 0.0654296875 0.20166015625 0.0205078125 0.0263671875
0 0.11865234375 0.13818359375 0.017578125 0.037109375
0 0.13037109375 0.138671875 0.0166015625 0.0341796875
0 0.10205078125 0.19873046875 0.0224609375 0.02734375
0 0.134765625 0.189453125 0.021484375 0.0341796875
0 0.02880859375 0.0908203125 0.017578125 0.041015625
0 0.01025390625 0.173828125 0.0205078125 0.033203125
0 0.05908203125 0.14794921875 0.0166015625 0.0263671875
0 0.05517578125 0.1240234375 0.01953125 0.03515625
0 0.1630859375 0.14892578125 0.0166015625 0.037109375
0 0.1962890625 0.10595703125 0.021484375 0.03515625
0 0.33642578125 0.04541015625 0.0185546875 0.0322265625
0 0.35693359375 0.02294921875 0.021484375 0.015625
0 0.36572265625 0.0380859375 0.0205078125 0.0302734375
0 0.400390625 0.052734375 0.01953125 0.0390625
0 0.19091796875 0.1455078125 0.0166015625 0.0390625
0 0.2568359375 0.10888671875 0.0166015625 0.0205078125
0 0.41748046875 0.2333984375 0.0166015625 0.03515625
0 0.42333984375 0.21826171875 0.015625 0.0390625
0 0.59228515625 0.2255859375 0.01953125 0.02734375
0 0.3505859375 0.05078125 0.0166015625 0.041015625
0 0.42138671875 0.015625 0.0146484375 0.021484375
0 0.35595703125 0.0322265625 0.0224609375 0.0322265625
0 0.48828125 0.04931640625 0.015625 0.0341796875
0 0.41552734375 0.25048828125 0.0166015625 0.0341796875
0 0.37109375 0.02392578125 0.0166015625 0.025390625
0 0.10546875 0.048828125 0.0166015625 0.021484375