0 0.76708984375 0.84423828125 0.0400390625 0.041015625
0 0.3583984375 0.67578125 0.029296875 0.0302734375
0 0.33935546875 0.7236328125 0.0322265625 0.0341796875
0 0.0126953125 0.70849609375 0.025390625 0.0400390625
0 0.6767578125 0.9306640625 0.0556640625 0.0546875
0 0.53955078125 0.96875 0.0693359375 0.0625
0 0.5166015625 0.69384765625 0.033203125 0.0322265625
0 0.70361328125 0.8466796875 0.046875 0.044921875
0 0.12060546875 0.80712890625 0.0537109375 0.052734375
0 0.068359375 0.65625 0.033203125 0.03125
0 0.63134765625 0.7724609375 0.0380859375 0.041015625
0 0.23779296875 0.59912109375 0.0244140625 0.025390625
0 0.32861328125 0.84912109375 0.041015625 0.046875
0 0.43212890625 0.83447265625 0.048828125 0.046875
0 0.00537109375 0.6240234375 0.0107421875 0.03125
0 0.62353515625 0.94140625 0.0478515625 0.0478515625
0 0.68115234375 0.77294921875 0.0341796875 0.0380859375
0 0.11083984375 0.89794921875 0.0537109375 0.048828125
0 0.2158203125 0.626953125 0.02734375 0.0283203125
0 0.4208984375 0.64453125 0.025390625 0.02734375
0 0.904296875 0.90478515625 0.0283203125 0.041015625
0 0.10546875 0.71240234375 0.0390625 0.0380859375
0 0.6083984375 0.74853515625 0.0322265625 0.0390625
0 0.47607421875 0.7080078125 0.0263671875 0.029296875
0 0.27099609375 0.6201171875 0.0244140625 0.0283203125
0 0.70556640625 0.8955078125 0.0341796875 0.04296875
0 0.529296875 0.767578125 0.037109375 0.0361328125
0 0.05810546875 0.7666015625 0.05078125 0.046875
0 0.177734375 0.83203125 0.05078125 0.0517578125
0 0.552734375 0.86474609375 0.0458984375 0.0458984375
0 0.0302734375 0.62158203125 0.02734375 0.029296875
0 0.2607421875 0.744140625 0.0390625 0.0361328125
0 0.54638671875 0.74462890625 0.0380859375 0.0361328125
0 0.537109375 0.84765625 0.0478515625 0.0478515625
0 0.0458984375 0.72021484375 0.0419921875 0.0400390625
0 0.009765625 0.54833984375 0.01953125 0.0244140625
0 0.57275390625 0.78515625 0.041015625 0.0400390625
0 0.2685546875 0.76318359375 0.037109375 0.0341796875
0 0.23876953125 0.8447265625 0.0498046875 0.0478515625
0 0.25048828125 0.625 0.01953125 0.0244140625
0 0.41552734375 0.68603515625 0.02734375 0.025390625
0 0.0185546875 0.50390625 0.0205078125 0.0205078125
0 0.74462890625 0.8330078125 0.0234375 0.0361328125
0 0.07177734375 0.87841796875 0.05078125 0.0537109375
0 0.65576171875 0.81787109375 0.04296875 0.04296875
0 0.62158203125 0.80615234375 0.0400390625 0.0341796875
0 0.25146484375 0.673828125 0.03125 0.0322265625
0 0.1142578125 0.56689453125 0.01953125 0.015625
0 0.29052734375 0.9345703125 0.0537109375 0.0595703125
0 0.171875 0.70263671875 0.025390625 0.03125
0 0.10400390625 0.52392578125 0.021484375 0.021484375
0 0.0634765625 0.578125 0.0224609375 0.0263671875
0 0.1005859375 0.68994140625 0.0322265625 0.029296875
0 0.12158203125 0.7265625 0.0302734375 0.021484375
0 0.638671875 0.83935546875 0.041015625 0.04296875
0 0.048828125 0.88916015625 0.044921875 0.03515625
0 0.61279296875 0.83251953125 0.0390625 0.041015625
0 0.03271484375 0.55859375 0.0224609375 0.0224609375
0 0.0556640625 0.541015625 0.0166015625 0.013671875
0 0.06787109375 0.61572265625 0.021484375 0.029296875
0 0.16162109375 0.56494140625 0.0185546875 0.021484375
0 0.18994140625 0.80224609375 0.041015625 0.03515625
0 0.41015625 0.7880859375 0.03125 0.0361328125
0 0.14453125 0.55029296875 0.021484375 0.0205078125
0 0.0185546875 0.52294921875 0.0244140625 0.0244140625
0 0.14111328125 0.56298828125 0.0234375 0.0244140625
0 0.4326171875 0.77783203125 0.0380859375 0.041015625
0 0.72509765625 0.94091796875 0.0302734375 0.0419921875
0 0.0771484375 0.5849609375 0.01953125 0.0224609375
0 0.21240234375 0.93310546875 0.0341796875 0.0263671875
0 0.21142578125 0.82958984375 0.0390625 0.0439453125
0 0.3974609375 0.69482421875 0.021484375 0.025390625
0 0.22998046875 0.748046875 0.03125 0.02734375
0 0.47705078125 0.8203125 0.0322265625 0.0439453125
0 0.45166015625 0.98974609375 0.0400390625 0.0205078125
0 0.5390625 0.72119140625 0.0234375 0.02734375
0 0.240234375 0.66455078125 0.0341796875 0.0322265625
0 0.68701171875 0.83544921875 0.0224609375 0.037109375
0 0.31005859375 0.9560546875 0.046875 0.0322265625
0 0.0478515625 0.87255859375 0.03125 0.0302734375
0 0.09130859375 0.55322265625 0.0166015625 0.0224609375
0 0.3525390625 0.94287109375 0.0595703125 0.06640625
0 0.4736328125 0.765625 0.03125 0.03125
0 0.48291015625 0.796875 0.044921875 0.04296875
0 0.03466796875 0.51611328125 0.0185546875 0.021484375
0 0.47216796875 0.67138671875 0.017578125 0.0244140625
0 0.08154296875 0.546875 0.0205078125 0.0234375
0 0.0791015625 0.53515625 0.0224609375 0.021484375
0 0.4384765625 0.75146484375 0.0283203125 0.02734375
0 0.5234375 0.9111328125 0.0341796875 0.052734375
0 0.47021484375 0.78759765625 0.0341796875 0.0390625
0 0.126953125 0.54248046875 0.0126953125 0.009765625
0 0.44189453125 0.76171875 0.0361328125 0.03125
0 0.2509765625 0.65771484375 0.0234375 0.01953125
0 0.65966796875 0.92822265625 0.0234375 0.04296875
0 0.03515625 0.7138671875 0.0234375 0.03515625
0 0.00244140625 0.7041015625 0.0048828125 0.03125