0 0.685546875 0.3173828125 0.0361328125 0.0517578125
0 0.71728515625 0.32373046875 0.0263671875 0.0478515625
0 0.6953125 0.3330078125 0.0400390625 0.0556640625
0 0.68994140625 0.2802734375 0.037109375 0.033203125
0 0.71044921875 0.6337890625 0.0302734375 0.060546875
0 0.70556640625 0.21044921875 0.03515625 0.0615234375
0 0.72998046875 0.2255859375 0.0361328125 0.05859375
0 0.5537109375 0.87060546875 0.0390625 0.0390625
0 0.54248046875 0.80078125 0.044921875 0.046875
0 0.6689453125 0.69970703125 0.0341796875 0.0380859375
0 0.23193359375 0.93994140625 0.025390625 0.044921875
0 0.6064453125 0.89501953125 0.0263671875 0.0458984375
0 0.72119140625 0.47265625 0.03125 0.056640625
0 0.62841796875 0.8837890625 0.0341796875 0.056640625
0 0.56298828125 0.94677734375 0.02734375 0.041015625
0 0.2734375 0.9951171875 0.029296875 0.009765625
0 0.5126953125 0.95654296875 0.029296875 0.0556640625
0 0.6875 0.23193359375 0.02734375 0.0537109375
0 0.2646484375 0.94140625 0.021484375 0.0419921875
0 0.75537109375 0.15625 0.0380859375 0.0732421875
0 0.7294921875 0.30810546875 0.0244140625 0.056640625
0 0.79931640625 0.34423828125 0.0224609375 0.03125
0 0.74365234375 0.29296875 0.03515625 0.0458984375