0 0.0615234375 0.41796875 0.0126953125 0.0322265625
0 0.16552734375 0.79833984375 0.013671875 0.03515625
0 0.1162109375 0.66162109375 0.015625 0.029296875
0 0.16357421875 0.43505859375 0.0185546875 0.021484375
0 0.33056640625 0.73291015625 0.015625 0.037109375
0 0.0205078125 0.41357421875 0.017578125 0.02734375
0 0.03564453125 0.55419921875 0.0166015625 0.037109375
0 0.017578125 0.48193359375 0.01953125 0.029296875
0 0.19677734375 0.837890625 0.0205078125 0.029296875
0 0.1572265625 0.92529296875 0.013671875 0.03125
0 0.16064453125 0.7607421875 0.013671875 0.02734375
0 0.19580078125 0.4716796875 0.01171875 0.021484375
0 0.09326171875 0.80615234375 0.0107421875 0.025390625
0 0.2548828125 0.94775390625 0.0107421875 0.037109375
0 0.123046875 0.83203125 0.015625 0.03125
0 0.130859375 0.76513671875 0.017578125 0.037109375
0 0.1240234375 0.54541015625 0.015625 0.0234375
0 0.078125 0.966796875 0.013671875 0.0361328125
0 0.01611328125 0.8388671875 0.013671875 0.0400390625
0 0.13134765625 0.9052734375 0.015625 0.0234375
0 0.05224609375 0.822265625 0.013671875 0.0302734375
0 0.0361328125 0.880859375 0.0166015625 0.0302734375
0 0.111328125 0.5712890625 0.01171875 0.025390625
0 0.09912109375 0.86474609375 0.01953125 0.0263671875
0 0.0859375 0.90185546875 0.0146484375 0.03125
0 0.2197265625 0.90380859375 0.013671875 0.037109375
0 0.11767578125 0.88818359375 0.017578125 0.025390625
0 0.05078125 0.92529296875 0.017578125 0.02734375
0 0.22802734375 0.98876953125 0.013671875 0.0224609375
0 0.21337890625 0.94873046875 0.015625 0.0390625
0 0.00341796875 0.9775390625 0.0068359375 0.037109375
0 0.2119140625 0.9912109375 0.013671875 0.017578125
0 0.06494140625 0.9228515625 0.021484375 0.02734375
0 0.001953125 0.671875 0.00390625 0.01953125
0 0.26953125 0.99560546875 0.0068359375 0.0087890625
0 0.564453125 0.68603515625 0.0390625 0.046875
0 0.60400390625 0.95947265625 0.02734375 0.046875