0 0.6943359375 0.87646484375 0.0400390625 0.033203125
0 0.34619140625 0.654296875 0.04296875 0.0546875
0 0.83203125 0.560546875 0.03125 0.048828125
0 0.06689453125 0.6337890625 0.0439453125 0.07421875
0 0.05126953125 0.27197265625 0.0380859375 0.056640625
0 0.8662109375 0.7685546875 0.0400390625 0.0693359375
0 0.87939453125 0.4169921875 0.0361328125 0.0712890625
0 0.39990234375 0.28125 0.03515625 0.0615234375
0 0.89111328125 0.6826171875 0.0478515625 0.0654296875
0 0.6865234375 0.6669921875 0.033203125 0.0615234375
0 0.77978515625 0.57421875 0.0322265625 0.0615234375
0 0.6875 0.64794921875 0.0166015625 0.0244140625
0 0.9013671875 0.66552734375 0.013671875 0.021484375