0 0.1181640625 0.81005859375 0.0107421875 0.01953125
0 0.1201171875 0.82470703125 0.0078125 0.0107421875
0 0.1123046875 0.81005859375 0.0087890625 0.0166015625
0 0.083984375 0.8046875 0.013671875 0.015625
0 0.0908203125 0.82373046875 0.01171875 0.013671875
0 0.17431640625 0.7490234375 0.0126953125 0.015625
0 0.12841796875 0.82568359375 0.0146484375 0.0166015625
0 0.13818359375 0.7939453125 0.009765625 0.0126953125
0 0.07080078125 0.63330078125 0.01171875 0.021484375
0 0.11474609375 0.76025390625 0.0126953125 0.0146484375
0 0.14697265625 0.7607421875 0.0107421875 0.015625
0 0.06494140625 0.80322265625 0.009765625 0.01171875
0 0.06640625 0.70947265625 0.0146484375 0.0146484375
0 0.0791015625 0.7939453125 0.0126953125 0.0126953125