0 0.162109375 0.10498046875 0.0185546875 0.0205078125
0 0.30908203125 0.09423828125 0.0205078125 0.017578125
0 0.2841796875 0.07373046875 0.017578125 0.017578125
0 0.18896484375 0.1572265625 0.01953125 0.0166015625
0 0.2587890625 0.0712890625 0.0205078125 0.021484375
0 0.11962890625 0.24609375 0.0146484375 0.015625
0 0.19677734375 0.10888671875 0.01953125 0.0205078125
0 0.1201171875 0.228515625 0.017578125 0.0205078125
0 0.115234375 0.1123046875 0.017578125 0.01953125
0 0.22021484375 0.009765625 0.0166015625 0.01953125
0 0.2763671875 0.107421875 0.0185546875 0.0185546875
0 0.1279296875 0.2001953125 0.0185546875 0.0185546875
0 0.09228515625 0.2734375 0.017578125 0.0166015625
0 0.07568359375 0.25927734375 0.017578125 0.017578125
0 0.31787109375 0.00927734375 0.0166015625 0.0185546875
0 0.1044921875 0.08935546875 0.017578125 0.0205078125
0 0.126953125 0.07861328125 0.017578125 0.0205078125
0 0.1884765625 0.00244140625 0.01953125 0.0048828125
0 0.18505859375 0.056640625 0.0166015625 0.0185546875
0 0.12646484375 0.001953125 0.0166015625 0.00390625
0 0.16162109375 0.20556640625 0.0205078125 0.0234375
0 0.107421875 0.021484375 0.009765625 0.015625
0 0.18603515625 0.01904296875 0.0166015625 0.0166015625
0 0.08984375 0.1962890625 0.017578125 0.0205078125