0 0.33349609375 0.38916015625 0.0546875 0.0693359375
0 0.7783203125 0.53369140625 0.0283203125 0.0556640625
0 0.71533203125 0.5126953125 0.0439453125 0.048828125
0 0.603515625 0.431640625 0.033203125 0.041015625
0 0.43798828125 0.7890625 0.0322265625 0.0751953125
0 0.7548828125 0.45703125 0.041015625 0.046875
0 0.068359375 0.396484375 0.044921875 0.0537109375
0 0.47021484375 0.75390625 0.0322265625 0.0712890625
0 0.48681640625 0.8466796875 0.0361328125 0.0849609375
0 0.12939453125 0.3779296875 0.0458984375 0.048828125
0 0.30615234375 0.32568359375 0.0263671875 0.0361328125
0 0.68408203125 0.5654296875 0.02734375 0.0576171875
0 0.92529296875 0.796875 0.0419921875 0.091796875
0 0.18701171875 0.40869140625 0.025390625 0.0478515625
0 0.4638671875 0.55029296875 0.037109375 0.05078125
0 0.369140625 0.69140625 0.0419921875 0.0625
0 0.15185546875 0.1328125 0.033203125 0.0341796875
0 0.3603515625 0.82275390625 0.0458984375 0.087890625
0 0.31640625 0.5966796875 0.0341796875 0.0751953125
0 0.02490234375 0.66748046875 0.0498046875 0.0693359375
0 0.66845703125 0.9150390625 0.04296875 0.103515625
0 0.30029296875 0.5361328125 0.025390625 0.0556640625
0 0.12939453125 0.2412109375 0.029296875 0.0390625
0 0.513671875 0.45703125 0.0419921875 0.046875
0 0.86376953125 0.8017578125 0.0390625 0.0537109375
0 0.08349609375 0.59521484375 0.0576171875 0.064453125
0 0.0263671875 0.39501953125 0.0224609375 0.0361328125
0 0.80615234375 0.74560546875 0.033203125 0.056640625
0 0.16455078125 0.60009765625 0.056640625 0.0703125
0 0.36865234375 0.55419921875 0.029296875 0.0595703125
0 0.04443359375 0.29833984375 0.033203125 0.0263671875
0 0.05224609375 0.44775390625 0.0244140625 0.0546875
0 0.83349609375 0.92822265625 0.046875 0.1064453125
0 0.51416015625 0.41455078125 0.0283203125 0.0361328125
0 0.21826171875 0.9189453125 0.044921875 0.095703125
0 0.96484375 0.63330078125 0.0517578125 0.080078125
0 0.80908203125 0.90771484375 0.0458984375 0.0615234375
0 0.14208984375 0.15869140625 0.0205078125 0.0302734375
0 0.0732421875 0.18798828125 0.025390625 0.0380859375
0 0.17919921875 0.35302734375 0.0380859375 0.04296875
0 0.9931640625 0.46240234375 0.013671875 0.0458984375
0 0.134765625 0.6630859375 0.04296875 0.0791015625
0 0.150390625 0.244140625 0.0244140625 0.029296875
0 0.47265625 0.54052734375 0.01953125 0.0380859375
0 0.0712890625 0.48388671875 0.021484375 0.03515625
0 0.62646484375 0.94921875 0.0400390625 0.1015625
0 0.0126953125 0.43505859375 0.021484375 0.046875
0 0.1533203125 0.64013671875 0.0556640625 0.068359375
0 0.98583984375 0.5703125 0.025390625 0.0517578125
0 0.12548828125 0.19189453125 0.0166015625 0.041015625
0 0.03662109375 0.22802734375 0.0107421875 0.03515625
0 0.0546875 0.30419921875 0.017578125 0.021484375
0 0.927734375 0.76708984375 0.02734375 0.03515625
0 0.09130859375 0.16015625 0.033203125 0.03125
0 0.15380859375 0.22607421875 0.0185546875 0.029296875
0 0.65771484375 0.44189453125 0.0244140625 0.037109375
0 0.63427734375 0.43408203125 0.0224609375 0.0400390625
0 0.4267578125 0.60595703125 0.02734375 0.0341796875
0 0.27978515625 0.80126953125 0.078125 0.083984375
0 0.9189453125 0.6728515625 0.0478515625 0.0625
0 0.84326171875 0.5947265625 0.0361328125 0.0615234375
0 0.11865234375 0.28369140625 0.0302734375 0.048828125
0 0.17041015625 0.44091796875 0.02734375 0.05859375
0 0.3232421875 0.55126953125 0.033203125 0.0576171875
0 0.35498046875 0.52783203125 0.0263671875 0.0576171875
0 0.22216796875 0.41357421875 0.02734375 0.0498046875
0 0.61083984375 0.8701171875 0.0341796875 0.080078125
0 0.20556640625 0.4140625 0.025390625 0.048828125
0 0.0654296875 0.5087890625 0.0263671875 0.0322265625
0 0.0283203125 0.57568359375 0.0537109375 0.068359375
0 0.1923828125 0.287109375 0.017578125 0.021484375
0 0.01904296875 0.34814453125 0.009765625 0.0390625