0 0.44287109375 0.798828125 0.01025390625 0.0322265625
0 0.267578125 0.80810546875 0.01025390625 0.0244140625
0 0.041015625 0.84423828125 0.01220703125 0.03564453125
0 0.216796875 0.79736328125 0.01171875 0.02734375
0 0.1806640625 0.884765625 0.0126953125 0.0341796875
0 0.00927734375 0.8857421875 0.01416015625 0.03662109375
0 0.1708984375 0.806640625 0.01708984375 0.0283203125
0 0.68115234375 0.72265625 0.009765625 0.02783203125
0 0.2021484375 0.93505859375 0.015625 0.02880859375
0 0.01025390625 0.783203125 0.009765625 0.025390625
0 0.18798828125 0.802734375 0.0166015625 0.02734375
0 0.2138671875 0.59814453125 0.0087890625 0.0166015625
0 0.44677734375 0.77734375 0.0126953125 0.029296875
0 0.14794921875 0.53857421875 0.0078125 0.01611328125
0 0.65380859375 0.73974609375 0.0166015625 0.029296875
0 0.54296875 0.849609375 0.01416015625 0.0263671875
0 0.416015625 0.7490234375 0.01123046875 0.02294921875
0 0.1787109375 0.71337890625 0.01318359375 0.02001953125
0 0.2734375 0.677734375 0.01220703125 0.02294921875
0 0.63037109375 0.63232421875 0.0107421875 0.02099609375
0 0.30322265625 0.71923828125 0.0107421875 0.01904296875
0 0.18798828125 0.6669921875 0.015625 0.02197265625
0 0.5537109375 0.5810546875 0.0107421875 0.0205078125
0 0.13818359375 0.8681640625 0.02099609375 0.03369140625
0 0.49365234375 0.462890625 0.0078125 0.015625
0 0.509765625 0.748046875 0.01513671875 0.02734375
0 0.1953125 0.873046875 0.02001953125 0.0302734375
0 0.24072265625 0.80224609375 0.01611328125 0.02490234375
0 0.158203125 0.5400390625 0.00732421875 0.01171875
0 0.31201171875 0.51220703125 0.009765625 0.01708984375
0 0.1416015625 0.783203125 0.01806640625 0.02685546875
0 0.19189453125 0.70703125 0.01513671875 0.025390625
0 0.1826171875 0.4931640625 0.01025390625 0.01318359375
0 0.48583984375 0.72509765625 0.015625 0.0263671875
0 0.1650390625 0.490234375 0.01025390625 0.013671875
0 0.4775390625 0.849609375 0.01171875 0.0205078125
0 0.71826171875 0.658203125 0.01611328125 0.025390625
0 0.15625 0.9775390625 0.021484375 0.03759765625
0 0.04345703125 0.7109375 0.013671875 0.02734375
0 0.32470703125 0.67919921875 0.01513671875 0.01806640625
0 0.6806640625 0.77880859375 0.01708984375 0.03173828125
0 0.197265625 0.7470703125 0.0166015625 0.021484375
0 0.61962890625 0.630859375 0.01611328125 0.01904296875
0 0.02099609375 0.796875 0.01708984375 0.0263671875
0 0.03857421875 0.888671875 0.02294921875 0.03369140625
0 0.6748046875 0.76513671875 0.015625 0.025390625
0 0.53466796875 0.71337890625 0.01318359375 0.02490234375
0 0.2177734375 0.98779296875 0.01708984375 0.0244140625
0 0.47412109375 0.86328125 0.01806640625 0.02392578125
0 0.16748046875 0.8994140625 0.0244140625 0.033203125
0 0.44970703125 0.740234375 0.0166015625 0.02783203125
0 0.37939453125 0.451171875 0.0068359375 0.01123046875
0 0.53369140625 0.5107421875 0.01318359375 0.0205078125
0 0.12841796875 0.537109375 0.01123046875 0.0166015625
0 0.36181640625 0.7890625 0.017578125 0.0283203125
0 0.4658203125 0.46484375 0.0107421875 0.01513671875
0 0.07666015625 0.787109375 0.015625 0.0283203125
0 0.0078125 0.6796875 0.01220703125 0.02197265625
0 0.2978515625 0.609375 0.0126953125 0.01904296875
0 0.21875 0.82568359375 0.0185546875 0.02734375
0 0.06494140625 0.57421875 0.01171875 0.017578125
0 0.1474609375 0.6337890625 0.01123046875 0.01953125
0 0.6669921875 0.66064453125 0.01416015625 0.0205078125
0 0.380859375 0.52001953125 0.00830078125 0.01708984375
0 0.17041015625 0.70166015625 0.0146484375 0.0234375
0 0.46826171875 0.75439453125 0.01806640625 0.02587890625
0 0.25 0.4638671875 0.01025390625 0.01318359375
0 0.34619140625 0.44482421875 0.00927734375 0.01318359375
0 0.26318359375 0.88330078125 0.0263671875 0.0341796875
0 0.009765625 0.9609375 0.01904296875 0.03271484375
0 0.439453125 0.52685546875 0.01513671875 0.017578125
0 0.0810546875 0.54541015625 0.01123046875 0.0166015625
0 0.501953125 0.57080078125 0.01513671875 0.0205078125
0 0.42431640625 0.53466796875 0.01513671875 0.0166015625
0 0.10595703125 0.9931640625 0.013671875 0.01318359375
0 0.45703125 0.59716796875 0.013671875 0.0185546875
0 0.68994140625 0.76220703125 0.025390625 0.03271484375
0 0.60009765625 0.7470703125 0.02197265625 0.02978515625
0 0.30908203125 0.734375 0.01708984375 0.0234375
0 0.283203125 0.47509765625 0.0068359375 0.0107421875
0 0.310546875 0.6953125 0.0185546875 0.021484375
0 0.69580078125 0.654296875 0.01708984375 0.02880859375
0 0.1591796875 0.8642578125 0.0244140625 0.03076171875
0 0.05712890625 0.84228515625 0.02294921875 0.0283203125
0 0.45849609375 0.521484375 0.01513671875 0.01806640625
0 0.162109375 0.669921875 0.01171875 0.01904296875
0 0.47119140625 0.4892578125 0.01416015625 0.017578125
0 0.0537109375 0.7841796875 0.0205078125 0.01513671875
0 0.08056640625 0.47607421875 0.009765625 0.01220703125
0 0.44482421875 0.498046875 0.01123046875 0.0107421875
0 0.01953125 0.857421875 0.0166015625 0.02978515625
0 0.5283203125 0.49072265625 0.0126953125 0.01953125
0 0.1640625 0.46435546875 0.01171875 0.01416015625
0 0.2958984375 0.6455078125 0.0166015625 0.021484375
0 0.18603515625 0.625 0.01220703125 0.01904296875
0 0.51904296875 0.5107421875 0.01025390625 0.0205078125
0 0.634765625 0.734375 0.0224609375 0.02734375
0 0.10498046875 0.88720703125 0.0234375 0.03076171875
0 0.337890625 0.7197265625 0.01806640625 0.02392578125
0 0.27001953125 0.83251953125 0.0244140625 0.03076171875
0 0.3896484375 0.56298828125 0.0146484375 0.01708984375
0 0.47412109375 0.57421875 0.017578125 0.01953125
0 0.4716796875 0.638671875 0.0146484375 0.02001953125
0 0.6318359375 0.763671875 0.0234375 0.02783203125
0 0.68798828125 0.880859375 0.02197265625 0.03515625
0 0.23193359375 0.509765625 0.013671875 0.0166015625
0 0.41162109375 0.46142578125 0.01025390625 0.01416015625
0 0.1357421875 0.75048828125 0.0205078125 0.02783203125
0 0.3994140625 0.4775390625 0.013671875 0.0166015625
0 0.146484375 0.91845703125 0.0263671875 0.03369140625
0 0.5673828125 0.7880859375 0.02490234375 0.0283203125
0 0.56787109375 0.5107421875 0.01123046875 0.015625
0 0.01806640625 0.54052734375 0.01025390625 0.01708984375
0 0.10400390625 0.794921875 0.0185546875 0.02685546875
0 0.36474609375 0.44970703125 0.01318359375 0.015625
0 0.640625 0.6875 0.013671875 0.0244140625
0 0.59814453125 0.7236328125 0.0107421875 0.02294921875
0 0.30126953125 0.4677734375 0.0126953125 0.015625
0 0.4521484375 0.4716796875 0.01220703125 0.0146484375
0 0.5234375 0.58447265625 0.0166015625 0.0205078125
0 0.490234375 0.88818359375 0.0283203125 0.0322265625
0 0.251953125 0.71044921875 0.01806640625 0.01416015625
0 0.21875 0.63671875 0.0185546875 0.02099609375
0 0.17626953125 0.62060546875 0.01806640625 0.02001953125
0 0.5947265625 0.56298828125 0.01513671875 0.0244140625
0 0.54833984375 0.77978515625 0.02294921875 0.0283203125
0 0.42138671875 0.884765625 0.0234375 0.02734375
0 0.4599609375 0.68603515625 0.01708984375 0.02294921875
0 0.18212890625 0.54833984375 0.0166015625 0.01708984375
0 0.443359375 0.85888671875 0.0341796875 0.033203125
0 0.72265625 0.62451171875 0.01806640625 0.0302734375
0 0.1572265625 0.59326171875 0.0166015625 0.017578125
0 0.35009765625 0.83984375 0.01806640625 0.02490234375
0 0.4130859375 0.4462890625 0.01220703125 0.013671875
0 0.07958984375 0.97314453125 0.02685546875 0.0205078125
0 0.5791015625 0.71728515625 0.02490234375 0.025390625
0 0.71826171875 0.6142578125 0.01123046875 0.01953125
0 0.03173828125 0.625 0.015625 0.01953125
0 0.466796875 0.5 0.00830078125 0.01123046875
0 0.4306640625 0.484375 0.01513671875 0.01708984375
0 0.4853515625 0.5224609375 0.01513671875 0.02001953125
0 0.60205078125 0.85693359375 0.02685546875 0.03271484375
0 0.24560546875 0.69775390625 0.01806640625 0.02392578125
0 0.64794921875 0.642578125 0.021484375 0.02294921875
0 0.29345703125 0.533203125 0.01513671875 0.0185546875
0 0.39404296875 0.50634765625 0.0185546875 0.01904296875
0 0.69775390625 0.830078125 0.02197265625 0.03564453125
0 0.40185546875 0.46826171875 0.01220703125 0.01611328125
0 0.10791015625 0.736328125 0.01123046875 0.01318359375
0 0.2119140625 0.45263671875 0.01318359375 0.01513671875
0 0.69970703125 0.693359375 0.0224609375 0.0283203125
0 0.75439453125 0.70361328125 0.0185546875 0.02734375
0 0.6953125 0.57470703125 0.0185546875 0.02392578125
0 0.62548828125 0.78955078125 0.0283203125 0.033203125
0 0.00537109375 0.857421875 0.0107421875 0.029296875
0 0.26806640625 0.4775390625 0.00927734375 0.00634765625
0 0.49560546875 0.671875 0.01953125 0.013671875
0 0.58935546875 0.572265625 0.00732421875 0.013671875
0 0.4375 0.8486328125 0.01806640625 0.01708984375
0 0.44970703125 0.84375 0.01171875 0.0146484375
0 0.03466796875 0.9130859375 0.0244140625 0.03466796875