0 0.81005859375 0.80810546875 0.07763671875 0.11328125
0 0.794921875 0.52392578125 0.080078125 0.08740234375
0 0.72314453125 0.08251953125 0.04345703125 0.052734375
0 0.62451171875 0.740234375 0.076171875 0.0888671875
0 0.9208984375 0.19189453125 0.03955078125 0.0576171875
0 0.59814453125 0.53076171875 0.05078125 0.07666015625
0 0.52734375 0.7802734375 0.05859375 0.1123046875
0 0.87890625 0.3203125 0.0478515625 0.05078125
0 0.90966796875 0.060546875 0.02978515625 0.041015625
0 0.54150390625 0.54931640625 0.06396484375 0.06982421875
0 0.48486328125 0.544921875 0.04541015625 0.091796875
0 0.97314453125 0.39697265625 0.05322265625 0.07666015625
0 0.32861328125 0.62646484375 0.06494140625 0.08203125
0 0.87060546875 0.1455078125 0.03125 0.04931640625
0 0.9541015625 0.26123046875 0.025390625 0.021484375
0 0.890625 0.048828125 0.03564453125 0.04248046875
0 0.9736328125 0.1181640625 0.02197265625 0.02001953125
0 0.56494140625 0.982421875 0.09130859375 0.033203125
0 0.95751953125 0.13232421875 0.02734375 0.0439453125
0 0.0341796875 0.970703125 0.068359375 0.05859375
0 0.99169921875 0.02978515625 0.015625 0.03466796875
0 0.865234375 0.10400390625 0.04541015625 0.048828125
0 0.76708984375 0.48388671875 0.068359375 0.0771484375
0 0.970703125 0.19580078125 0.05712890625 0.06396484375
0 0.75732421875 0.1044921875 0.05712890625 0.05615234375
0 0.490234375 0.5615234375 0.02880859375 0.06787109375