0 0.49951171875 0.1650390625 0.025390625 0.03125
0 0.79638671875 0.8154296875 0.021484375 0.0400390625
0 0.73193359375 0.251953125 0.0185546875 0.037109375
0 0.61328125 0.35107421875 0.01953125 0.037109375
0 0.49462890625 0.29541015625 0.0205078125 0.0380859375
0 0.537109375 0.37939453125 0.0205078125 0.03515625
0 0.78173828125 0.42724609375 0.0185546875 0.033203125
0 0.54443359375 0.046875 0.021484375 0.0390625
0 0.39697265625 0.087890625 0.01953125 0.03515625
0 0.34375 0.23486328125 0.0234375 0.037109375
0 0.50927734375 0.212890625 0.025390625 0.041015625
0 0.78515625 0.41845703125 0.009765625 0.0146484375
0 0.49169921875 0.171875 0.009765625 0.0126953125