0 0.09716796875 0.373046875 0.03369140625 0.0517578125
0 0.12158203125 0.36376953125 0.0380859375 0.04931640625
0 0.9453125 0.44775390625 0.025390625 0.10791015625
0 0.81103515625 0.85791015625 0.052734375 0.07275390625
0 0.75439453125 0.7138671875 0.0458984375 0.08740234375
0 0.86962890625 0.4970703125 0.02685546875 0.09228515625
0 0.82958984375 0.638671875 0.0283203125 0.1005859375
0 0.1640625 0.603515625 0.021484375 0.0791015625
0 0.8857421875 0.9072265625 0.0361328125 0.04736328125
0 0.3193359375 0.744140625 0.0390625 0.06103515625
0 0.1201171875 0.6435546875 0.02490234375 0.0771484375
0 0.5078125 0.83544921875 0.0341796875 0.05859375
0 0.265625 0.818359375 0.04248046875 0.09716796875
0 0.61279296875 0.8564453125 0.0224609375 0.080078125
0 0.115234375 0.4580078125 0.03125 0.05908203125
0 0.03076171875 0.2646484375 0.0263671875 0.078125
0 0.10107421875 0.42626953125 0.0263671875 0.0732421875
0 0.626953125 0.7822265625 0.03857421875 0.08251953125