0 0.5439453125 0.72607421875 0.041015625 0.072265625
0 0.08056640625 0.3974609375 0.0244140625 0.048828125
0 0.1025390625 0.7705078125 0.037109375 0.06640625
0 0.013671875 0.51953125 0.0263671875 0.0546875
0 0.197265625 0.45703125 0.0224609375 0.0517578125
0 0.06591796875 0.3720703125 0.03125 0.044921875
0 0.56787109375 0.44873046875 0.02734375 0.0439453125
0 0.54833984375 0.62451171875 0.0390625 0.0546875
0 0.24267578125 0.46044921875 0.01953125 0.052734375
0 0.48046875 0.724609375 0.037109375 0.07421875
0 0.3046875 0.50390625 0.0244140625 0.0556640625
0 0.7470703125 0.39013671875 0.029296875 0.03125
0 0.2275390625 0.40283203125 0.033203125 0.0517578125
0 0.49755859375 0.4736328125 0.03125 0.0400390625
0 0.46044921875 0.25 0.0146484375 0.0390625
0 0.08203125 0.29345703125 0.0224609375 0.0419921875
0 0.7900390625 0.4052734375 0.0263671875 0.0341796875
0 0.29345703125 0.251953125 0.01953125 0.0400390625
0 0.1181640625 0.48876953125 0.033203125 0.044921875
0 0.52587890625 0.34521484375 0.0283203125 0.0419921875
0 0.20703125 0.1923828125 0.0302734375 0.033203125
0 0.9775390625 0.86767578125 0.04296875 0.09375
0 0.55810546875 0.37158203125 0.02734375 0.041015625
0 0.00634765625 0.30810546875 0.0126953125 0.0322265625
0 0.359375 0.599609375 0.048828125 0.0322265625
0 0.8603515625 0.96826171875 0.0693359375 0.05078125
0 0.2861328125 0.580078125 0.0458984375 0.0654296875
0 0.83056640625 0.4765625 0.03515625 0.0556640625
0 0.80224609375 0.49658203125 0.0283203125 0.05859375
0 0.82763671875 0.28857421875 0.0322265625 0.03515625
0 0.0087890625 0.4287109375 0.017578125 0.044921875
0 0.82763671875 0.60546875 0.0390625 0.0771484375
0 0.8583984375 0.341796875 0.037109375 0.0390625
0 0.30322265625 0.404296875 0.0380859375 0.0439453125
0 0.8720703125 0.28076171875 0.03515625 0.0400390625
0 0.35400390625 0.27001953125 0.025390625 0.033203125
0 0.5966796875 0.30029296875 0.021484375 0.041015625
0 0.27197265625 0.22021484375 0.025390625 0.0341796875
0 0.26416015625 0.369140625 0.0380859375 0.0390625
0 0.38037109375 0.63525390625 0.0546875 0.0380859375
0 0.890625 0.2373046875 0.037109375 0.0419921875
0 0.0322265625 0.24951171875 0.0166015625 0.017578125
0 0.54443359375 0.5595703125 0.0517578125 0.0625
0 0.58203125 0.55126953125 0.04296875 0.0595703125
0 0.47509765625 0.46337890625 0.0400390625 0.044921875
0 0.82080078125 0.23828125 0.0341796875 0.0341796875
0 0.35888671875 0.35400390625 0.025390625 0.044921875
0 0.7548828125 0.2470703125 0.02734375 0.0185546875
0 0.953125 0.5869140625 0.0615234375 0.033203125
0 0.0185546875 0.5830078125 0.0205078125 0.0263671875
0 0.0859375 0.5498046875 0.029296875 0.0595703125
0 0.23095703125 0.19677734375 0.021484375 0.048828125
0 0.71533203125 0.46728515625 0.01953125 0.0556640625
0 0.580078125 0.39892578125 0.0166015625 0.04296875
0 0.6298828125 0.3408203125 0.03515625 0.041015625
0 0.3408203125 0.18505859375 0.01171875 0.033203125
0 0.64990234375 0.41259765625 0.0361328125 0.0263671875
0 0.39501953125 0.18017578125 0.0341796875 0.0341796875
0 0.78857421875 0.25634765625 0.0224609375 0.0380859375
0 0.7587890625 0.47802734375 0.046875 0.0537109375
0 0.39404296875 0.4208984375 0.0419921875 0.0458984375
0 0.65185546875 0.38671875 0.03125 0.017578125
0 0.52734375 0.43408203125 0.0283203125 0.025390625
0 0.70556640625 0.271484375 0.03125 0.04296875
0 0.37255859375 0.41845703125 0.0185546875 0.046875
0 0.68505859375 0.29345703125 0.02734375 0.0390625
0 0.28173828125 0.18408203125 0.0322265625 0.0341796875
0 0.28857421875 0.484375 0.03515625 0.025390625
0 0.32421875 0.630859375 0.0302734375 0.072265625
0 0.0546875 0.197265625 0.029296875 0.0361328125
0 0.7490234375 0.27392578125 0.0322265625 0.021484375
0 0.42431640625 0.3623046875 0.0341796875 0.04296875
0 0.0673828125 0.44921875 0.0361328125 0.0341796875
0 0.68115234375 0.24853515625 0.0341796875 0.0224609375
0 0.3857421875 0.26904296875 0.025390625 0.03515625
0 0.5830078125 0.33251953125 0.025390625 0.0234375
0 0.4228515625 0.52490234375 0.0400390625 0.0625
0 0.15673828125 0.419921875 0.029296875 0.05078125
0 0.16552734375 0.58251953125 0.03125 0.064453125
0 0.37060546875 0.3330078125 0.037109375 0.0380859375
0 0.2490234375 0.59619140625 0.0244140625 0.0498046875
0 0.47314453125 0.298828125 0.017578125 0.0390625
0 0.265625 0.2900390625 0.0283203125 0.041015625
0 0.16259765625 0.33984375 0.025390625 0.0224609375
0 0.951171875 0.5107421875 0.0361328125 0.02734375
0 0.66455078125 0.2841796875 0.0302734375 0.041015625
0 0.80908203125 0.32568359375 0.0263671875 0.0263671875
0 0.154296875 0.5439453125 0.029296875 0.0458984375
0 0.7353515625 0.32373046875 0.0390625 0.0439453125
0 0.3984375 0.279296875 0.033203125 0.0380859375
0 0.30029296875 0.20556640625 0.0146484375 0.033203125
0 0.04833984375 0.17822265625 0.017578125 0.0166015625
0 0.4208984375 0.34375 0.03515625 0.0263671875
0 0.447265625 0.3125 0.03125 0.01953125
0 0.3701171875 0.28857421875 0.033203125 0.0244140625
0 0.650390625 0.2734375 0.03515625 0.0400390625