0 0.19970703125 0.36572265625 0.01806640625 0.02880859375
0 0.392578125 0.6171875 0.01318359375 0.0283203125
0 0.27001953125 0.4013671875 0.0205078125 0.03173828125
0 0.34130859375 0.42333984375 0.0244140625 0.02294921875
0 0.34619140625 0.478515625 0.0234375 0.0234375
0 0.08642578125 0.37890625 0.01220703125 0.02734375
0 0.30810546875 0.423828125 0.0185546875 0.02587890625
0 0.10107421875 0.552734375 0.01416015625 0.03515625
0 0.2119140625 0.4248046875 0.021484375 0.0224609375
0 0.36962890625 0.64501953125 0.01611328125 0.03173828125
0 0.1474609375 0.5400390625 0.0205078125 0.0263671875
0 0.30859375 0.49853515625 0.0146484375 0.0263671875
0 0.03369140625 0.4013671875 0.013671875 0.02734375
0 0.193359375 0.94970703125 0.02392578125 0.0361328125
0 0.31640625 0.8798828125 0.01611328125 0.03515625
0 0.1630859375 0.890625 0.013671875 0.0341796875
0 0.10498046875 0.96875 0.01806640625 0.03759765625
0 0.11279296875 0.74951171875 0.013671875 0.02978515625
0 0.3525390625 0.96337890625 0.0146484375 0.025390625
0 0.34326171875 0.5830078125 0.02099609375 0.02197265625
0 0.32275390625 0.67578125 0.01123046875 0.02587890625
0 0.27001953125 0.38232421875 0.01904296875 0.03173828125
0 0.15576171875 0.365234375 0.01904296875 0.0234375
0 0.37939453125 0.89404296875 0.01953125 0.02880859375
0 0.14404296875 0.71826171875 0.0224609375 0.0234375
0 0.294921875 0.56982421875 0.02294921875 0.025390625
0 0.1259765625 0.97900390625 0.01416015625 0.0244140625
0 0.2275390625 0.53466796875 0.017578125 0.0283203125
0 0.3623046875 0.78369140625 0.01513671875 0.0302734375
0 0.00537109375 0.6884765625 0.0107421875 0.037109375
0 0.142578125 0.61767578125 0.0166015625 0.03173828125
0 0.255859375 0.78369140625 0.0126953125 0.0185546875
0 0.29248046875 0.79541015625 0.0107421875 0.02783203125
0 0.25537109375 0.8349609375 0.01708984375 0.025390625
0 0.07861328125 0.58203125 0.015625 0.0400390625
0 0.19970703125 0.904296875 0.01611328125 0.03857421875
0 0.072265625 0.8251953125 0.01806640625 0.03125
0 0.24853515625 0.90869140625 0.01904296875 0.05029296875
0 0.19287109375 0.75537109375 0.01953125 0.029296875
0 0.22900390625 0.69970703125 0.01318359375 0.02880859375
0 0.20556640625 0.81396484375 0.017578125 0.033203125
0 0.05224609375 0.7548828125 0.0126953125 0.01953125
0 0.171875 0.67333984375 0.01611328125 0.01611328125
0 0.05810546875 0.4150390625 0.01904296875 0.02392578125
0 0.2734375 0.509765625 0.017578125 0.01806640625
0 0.0546875 0.86083984375 0.01904296875 0.03076171875
0 0.244140625 0.888671875 0.01611328125 0.03515625
0 0.07763671875 0.8525390625 0.01611328125 0.033203125
0 0.27685546875 0.849609375 0.021484375 0.02490234375
0 0.2080078125 0.88525390625 0.015625 0.02587890625
0 0.1845703125 0.705078125 0.01904296875 0.03466796875
0 0.23974609375 0.56787109375 0.021484375 0.01953125
0 0.0654296875 0.85888671875 0.015625 0.03515625
0 0.2451171875 0.626953125 0.021484375 0.03466796875
0 0.07080078125 0.89111328125 0.017578125 0.021484375
0 0.083984375 0.5751953125 0.01416015625 0.0322265625
0 0.06982421875 0.4072265625 0.01611328125 0.02978515625
0 0.134765625 0.59375 0.013671875 0.03125
0 0.00390625 0.986328125 0.00732421875 0.0224609375
0 0.23193359375 0.61328125 0.0166015625 0.0244140625