0 0.7607421875 0.16943359375 0.048828125 0.0478515625
0 0.33154296875 0.87255859375 0.0361328125 0.0498046875
0 0.65673828125 0.1181640625 0.056640625 0.0693359375
0 0.67919921875 0.1875 0.0458984375 0.052734375
0 0.75048828125 0.869140625 0.0263671875 0.05078125
0 0.4013671875 0.87548828125 0.0302734375 0.037109375
0 0.771484375 0.50732421875 0.0361328125 0.041015625
0 0.658203125 0.65966796875 0.0390625 0.0322265625
0 0.54833984375 0.75537109375 0.0302734375 0.0390625
0 0.5224609375 0.93017578125 0.033203125 0.0322265625
0 0.93408203125 0.5380859375 0.0302734375 0.046875
0 0.8935546875 0.62255859375 0.03515625 0.0400390625
0 0.794921875 0.36962890625 0.0322265625 0.0380859375
0 0.80908203125 0.8203125 0.033203125 0.0390625
0 0.92724609375 0.75732421875 0.029296875 0.0390625
0 0.43310546875 0.49267578125 0.03125 0.0478515625
0 0.85693359375 0.8017578125 0.0283203125 0.0400390625
0 0.298828125 0.7314453125 0.0224609375 0.033203125
0 0.576171875 0.40283203125 0.052734375 0.0791015625
0 0.431640625 0.416015625 0.0322265625 0.04296875
0 0.67578125 0.763671875 0.03515625 0.0380859375
0 0.51953125 0.51025390625 0.0390625 0.0439453125
0 0.6201171875 0.80078125 0.03125 0.0263671875
0 0.37939453125 0.56787109375 0.029296875 0.0302734375
0 0.65478515625 0.30615234375 0.03515625 0.03515625
0 0.73388671875 0.0234375 0.0634765625 0.046875
0 0.96533203125 0.29443359375 0.0263671875 0.052734375
0 0.9482421875 0.87548828125 0.0234375 0.046875
0 0.34130859375 0.24267578125 0.03125 0.0400390625
0 0.95703125 0.71240234375 0.029296875 0.046875
0 0.90966796875 0.1953125 0.0224609375 0.0517578125
0 0.7021484375 0.56884765625 0.0234375 0.03125
0 0.595703125 0.17626953125 0.0283203125 0.052734375
0 0.92919921875 0.43505859375 0.0244140625 0.037109375
0 0.544921875 0.66943359375 0.02734375 0.0537109375
0 0.60693359375 0.48779296875 0.0419921875 0.0537109375
0 0.6357421875 0.7529296875 0.0244140625 0.0302734375
0 0.8603515625 0.76171875 0.0302734375 0.048828125
0 0.763671875 0.11083984375 0.029296875 0.04296875
0 0.5712890625 0.3515625 0.0361328125 0.0361328125
0 0.5478515625 0.08544921875 0.0341796875 0.0390625
0 0.5068359375 0.26025390625 0.0400390625 0.0419921875
0 0.44873046875 0.25634765625 0.0263671875 0.0361328125
0 0.40283203125 0.11376953125 0.0322265625 0.0390625
0 0.57763671875 0.24755859375 0.0283203125 0.0361328125
0 0.80712890625 0.70654296875 0.0244140625 0.04296875
0 0.62646484375 0.4111328125 0.0625 0.0498046875
0 0.529296875 0.2861328125 0.025390625 0.0234375
0 0.580078125 0.10205078125 0.0244140625 0.037109375
0 0.80126953125 0.44775390625 0.056640625 0.052734375
0 0.47998046875 0.21630859375 0.0224609375 0.0361328125
0 0.63134765625 0.24072265625 0.0263671875 0.044921875
0 0.859375 0.7099609375 0.02734375 0.056640625
0 0.52880859375 0.671875 0.0302734375 0.0458984375
0 0.64599609375 0.82373046875 0.0341796875 0.0380859375
0 0.6044921875 0.5517578125 0.03515625 0.03125
0 0.533203125 0.216796875 0.0224609375 0.0244140625
0 0.86474609375 0.9501953125 0.021484375 0.0234375
0 0.990234375 0.57470703125 0.01953125 0.0302734375
0 0.92431640625 0.80859375 0.021484375 0.0400390625
0 0.4482421875 0.02294921875 0.021484375 0.03515625
0 0.46533203125 0.4462890625 0.017578125 0.02734375
0 0.8330078125 0.5751953125 0.0205078125 0.0390625
0 0.83251953125 0.27294921875 0.0224609375 0.02734375
0 0.5908203125 0.3857421875 0.0205078125 0.03515625
0 0.375 0.43505859375 0.021484375 0.029296875
0 0.66845703125 0.09326171875 0.0224609375 0.0244140625
0 0.81982421875 0.4267578125 0.03125 0.02734375
0 0.64111328125 0.3984375 0.03515625 0.03125
0 0.7001953125 0.17236328125 0.025390625 0.0390625
0 0.732421875 0.0087890625 0.025390625 0.017578125
0 0.68505859375 0.78466796875 0.0166015625 0.0419921875
0 0.412109375 0.10400390625 0.01953125 0.0224609375
0 0.6044921875 0.0048828125 0.033203125 0.009765625
0 0.75 0.90673828125 0.01953125 0.0244140625
0 0.7568359375 0.00537109375 0.025390625 0.0107421875
0 0.40869140625 0.6806640625 0.0234375 0.0322265625
0 0.7802734375 0.14990234375 0.021484375 0.0244140625