0 0.1806640625 0.47900390625 0.068359375 0.0634765625
0 0.50244140625 0.0322265625 0.0380859375 0.0361328125
0 0.12109375 0.11767578125 0.056640625 0.0615234375
0 0.00830078125 0.310546875 0.0166015625 0.080078125
0 0.4599609375 0.67919921875 0.1279296875 0.1484375
0 0.72607421875 0.10693359375 0.080078125 0.0908203125
0 0.48291015625 0.400390625 0.0908203125 0.14453125
0 0.103515625 0.2490234375 0.044921875 0.0947265625
0 0.7373046875 0.04541015625 0.0576171875 0.0712890625
0 0.60498046875 0.00732421875 0.0556640625 0.0146484375
0 0.82080078125 0.3603515625 0.123046875 0.111328125
0 0.15625 0.1484375 0.05078125 0.03515625
0 0.37060546875 0.0556640625 0.0615234375 0.0634765625
0 0.4814453125 0.46533203125 0.0625 0.1455078125
0 0.72509765625 0.37939453125 0.1142578125 0.130859375
0 0.21728515625 0.275390625 0.044921875 0.078125
0 0.8203125 0.56982421875 0.1357421875 0.12890625
0 0.52880859375 0.26806640625 0.095703125 0.1015625
0 0.8203125 0.0078125 0.064453125 0.015625
0 0.28955078125 0.0556640625 0.0341796875 0.060546875
0 0.1845703125 0.17138671875 0.0439453125 0.08203125
0 0.4580078125 0.15771484375 0.0634765625 0.05078125
0 0.3330078125 0.44873046875 0.0947265625 0.130859375
0 0.4560546875 0.3486328125 0.0712890625 0.1357421875
0 0.19970703125 0.0517578125 0.0322265625 0.03125
0 0.25439453125 0.505859375 0.1044921875 0.1298828125
0 0.029296875 0.33447265625 0.05859375 0.1044921875