0 0.767578125 0.74609375 0.0439453125 0.0478515625
0 0.77294921875 0.88330078125 0.0400390625 0.044921875
0 0.6943359375 0.689453125 0.046875 0.0439453125
0 0.55517578125 0.9853515625 0.0458984375 0.029296875
0 0.65185546875 0.947265625 0.0380859375 0.05078125
0 0.5048828125 0.37890625 0.041015625 0.0390625
0 0.6552734375 0.4462890625 0.0400390625 0.0400390625
0 0.5859375 0.7734375 0.03125 0.0322265625
0 0.8408203125 0.98095703125 0.041015625 0.0380859375
0 0.67626953125 0.8349609375 0.0439453125 0.04296875
0 0.466796875 0.52587890625 0.0400390625 0.0439453125
0 0.7587890625 0.443359375 0.04296875 0.044921875
0 0.69677734375 0.412109375 0.0439453125 0.0390625
0 0.806640625 0.81396484375 0.0439453125 0.0439453125
0 0.2900390625 0.11181640625 0.04296875 0.0849609375
0 0.8408203125 0.51513671875 0.041015625 0.0458984375
0 0.59033203125 0.81005859375 0.0537109375 0.0625
0 0.521484375 0.27294921875 0.0419921875 0.044921875
0 0.69140625 0.435546875 0.04296875 0.041015625
0 0.44873046875 0.2333984375 0.044921875 0.048828125
0 0.86767578125 0.2294921875 0.0439453125 0.041015625
0 0.56396484375 0.134765625 0.0458984375 0.029296875
0 0.923828125 0.08056640625 0.0439453125 0.04296875
0 0.9658203125 0.607421875 0.0400390625 0.0576171875
0 0.49951171875 0.4892578125 0.04296875 0.037109375
0 0.81640625 0.93798828125 0.04296875 0.0517578125
0 0.56982421875 0.24267578125 0.0390625 0.056640625
0 0.89501953125 0.35205078125 0.0400390625 0.048828125
0 0.712890625 0.61669921875 0.0419921875 0.0419921875
0 0.55419921875 0.67822265625 0.0361328125 0.0576171875
0 0.9658203125 0.38818359375 0.041015625 0.0439453125
0 0.61328125 0.25732421875 0.04296875 0.0537109375
0 0.814453125 0.0625 0.0380859375 0.0380859375
0 0.8544921875 0.2802734375 0.0390625 0.0390625
0 0.9794921875 0.4921875 0.03125 0.0791015625
0 0.82177734375 0.376953125 0.0439453125 0.044921875
0 0.7685546875 0.31884765625 0.0419921875 0.03515625
0 0.72509765625 0.12353515625 0.04296875 0.0556640625
0 0.8876953125 0.451171875 0.0263671875 0.076171875
0 0.76318359375 0.05908203125 0.0390625 0.03515625
0 0.75830078125 0.24267578125 0.046875 0.037109375
0 0.7490234375 0.27978515625 0.0439453125 0.05078125
0 0.7998046875 0.27490234375 0.0341796875 0.0615234375
0 0.54052734375 0.5 0.0263671875 0.064453125
0 0.7431640625 0.2138671875 0.0400390625 0.056640625
0 0.81884765625 0.20458984375 0.04296875 0.044921875
0 0.51904296875 0.50244140625 0.0322265625 0.0634765625
0 0.994140625 0.521484375 0.01171875 0.099609375