0 0.669921875 0.1640625 0.01416015625 0.009765625
0 0.658203125 0.16796875 0.01416015625 0.01416015625
0 0.22802734375 0.56640625 0.009765625 0.0126953125
0 0.23974609375 0.56591796875 0.0126953125 0.015625
0 0.2744140625 0.560546875 0.0185546875 0.009765625
0 0.18310546875 0.5390625 0.01513671875 0.013671875
0 0.265625 0.6162109375 0.015625 0.01220703125
0 0.103515625 0.27685546875 0.02587890625 0.00927734375
0 0.10791015625 0.431640625 0.0166015625 0.01123046875
0 0.46337890625 0.3017578125 0.01904296875 0.00732421875
0 0.05810546875 0.498046875 0.0244140625 0.0078125
0 0.39599609375 0.31640625 0.013671875 0.01220703125
0 0.07421875 0.7431640625 0.02294921875 0.0107421875
0 0.02880859375 0.49658203125 0.01171875 0.0126953125
0 0.64111328125 0.1640625 0.01904296875 0.01513671875
0 0.6591796875 0.140625 0.02294921875 0.009765625
0 0.67041015625 0.037109375 0.02392578125 0.01025390625
0 0.11669921875 0.3125 0.01904296875 0.01025390625
0 0.12890625 0.6943359375 0.01611328125 0.013671875
0 0.05126953125 0.6474609375 0.0146484375 0.01416015625
0 0.0390625 0.419921875 0.01904296875 0.0126953125
0 0.55419921875 0.04052734375 0.0146484375 0.0126953125
0 0.1083984375 0.3310546875 0.02197265625 0.01025390625
0 0.06201171875 0.3203125 0.0166015625 0.01171875
0 0.1533203125 0.21533203125 0.01904296875 0.0107421875
0 0.328125 0.48681640625 0.02099609375 0.01171875
0 0.7197265625 0.05126953125 0.013671875 0.01513671875
0 0.11767578125 0.26171875 0.0244140625 0.0078125
0 0.494140625 0.4287109375 0.0146484375 0.013671875
0 0.59814453125 0.0908203125 0.01513671875 0.0146484375
0 0.52978515625 0.38671875 0.01904296875 0.01220703125
0 0.57275390625 0.0546875 0.0166015625 0.0146484375
0 0.67138671875 0.1103515625 0.01806640625 0.01416015625
0 0.5537109375 0.0244140625 0.02490234375 0.0087890625
0 0.0078125 0.48095703125 0.0146484375 0.01123046875
0 0.00390625 0.8154296875 0.0078125 0.013671875