0 0.865234375 0.87548828125 0.02880859375 0.02734375
0 0.76318359375 0.958984375 0.02783203125 0.02587890625
0 0.85107421875 0.619140625 0.02197265625 0.02685546875
0 0.78173828125 0.58056640625 0.017578125 0.03369140625
0 0.66650390625 0.60205078125 0.02685546875 0.0283203125
0 0.970703125 0.857421875 0.02685546875 0.0341796875
0 0.67626953125 0.65625 0.02587890625 0.0302734375
0 0.9619140625 0.5341796875 0.025390625 0.02734375
0 0.65478515625 0.3349609375 0.0146484375 0.03515625
0 0.9375 0.83837890625 0.03125 0.03173828125
0 0.7314453125 0.15625 0.01806640625 0.0283203125
0 0.96826171875 0.619140625 0.0263671875 0.02880859375
0 0.70849609375 0.55517578125 0.02587890625 0.029296875
0 0.6484375 0.41455078125 0.015625 0.04296875
0 0.6318359375 0.8544921875 0.0283203125 0.0263671875
0 0.986328125 0.63330078125 0.0263671875 0.02880859375
0 0.865234375 0.4794921875 0.02099609375 0.03369140625
0 0.80615234375 0.3916015625 0.0244140625 0.02392578125
0 0.734375 0.673828125 0.02392578125 0.03857421875
0 0.91748046875 0.43359375 0.021484375 0.02587890625
0 0.703125 0.84423828125 0.0166015625 0.041015625
0 0.75634765625 0.244140625 0.0224609375 0.02685546875
0 0.76611328125 0.39306640625 0.0263671875 0.029296875
0 0.904296875 0.748046875 0.017578125 0.04638671875
0 0.62158203125 0.92529296875 0.03466796875 0.03076171875
0 0.87451171875 0.41357421875 0.02490234375 0.03076171875
0 0.71826171875 0.59423828125 0.0126953125 0.044921875
0 0.74609375 0.310546875 0.02099609375 0.02587890625
0 0.85546875 0.53369140625 0.0146484375 0.04052734375
0 0.76806640625 0.03759765625 0.01171875 0.03466796875
0 0.70751953125 0.5234375 0.02587890625 0.029296875
0 0.666015625 0.3876953125 0.01025390625 0.04248046875
0 0.79443359375 0.43896484375 0.0234375 0.0322265625
0 0.78759765625 0.1669921875 0.017578125 0.0341796875
0 0.90869140625 0.85205078125 0.025390625 0.02783203125
0 0.86279296875 0.2236328125 0.01904296875 0.03369140625
0 0.83740234375 0.365234375 0.0224609375 0.025390625
0 0.9873046875 0.03076171875 0.02294921875 0.029296875
0 0.734375 0.33203125 0.02197265625 0.03076171875
0 0.80029296875 0.708984375 0.01025390625 0.04248046875
0 0.9228515625 0.3564453125 0.02197265625 0.02685546875
0 0.92626953125 0.73193359375 0.0283203125 0.02392578125
0 0.58447265625 0.93310546875 0.0244140625 0.044921875
0 0.85546875 0.177734375 0.021484375 0.0263671875
0 0.5302734375 0.89404296875 0.0283203125 0.04052734375
0 0.73876953125 0.21484375 0.01318359375 0.03662109375
0 0.98828125 0.197265625 0.0224609375 0.02001953125
0 0.85595703125 0.3291015625 0.02099609375 0.02294921875
0 0.95751953125 0.18896484375 0.0205078125 0.02490234375
0 0.68212890625 0.13916015625 0.01025390625 0.04052734375
0 0.91650390625 0.0322265625 0.02001953125 0.02392578125
0 0.76806640625 0.47509765625 0.0263671875 0.02734375
0 0.66650390625 0.51904296875 0.01220703125 0.04736328125
0 0.900390625 0.310546875 0.021484375 0.0283203125
0 0.62109375 0.80078125 0.01416015625 0.048828125
0 0.7958984375 0.2880859375 0.02392578125 0.02734375
0 0.92919921875 0.380859375 0.01171875 0.0478515625
0 0.89013671875 0.0625 0.02099609375 0.02587890625
0 0.9541015625 0.1279296875 0.0205078125 0.0263671875
0 0.583984375 0.99267578125 0.0234375 0.0146484375
0 0.78955078125 0.06884765625 0.02392578125 0.0244140625
0 0.91162109375 0.1962890625 0.0244140625 0.02685546875
0 0.85693359375 0.107421875 0.0205078125 0.0234375
0 0.9169921875 0.1015625 0.0224609375 0.02099609375
0 0.853515625 0.0107421875 0.01953125 0.021484375
0 0.939453125 0.17919921875 0.0205078125 0.02685546875
0 0.81982421875 0.05419921875 0.02294921875 0.02587890625
0 0.5615234375 0.79833984375 0.01220703125 0.04833984375
0 0.7783203125 0.09423828125 0.0224609375 0.02685546875
0 0.98095703125 0.47509765625 0.02197265625 0.02685546875
0 0.9189453125 0.150390625 0.0185546875 0.03076171875
0 0.990234375 0.2138671875 0.01953125 0.02294921875
0 0.9814453125 0.2861328125 0.0244140625 0.0302734375
0 0.75048828125 0.0400390625 0.01123046875 0.04248046875
0 0.8154296875 0.33740234375 0.02001953125 0.02734375
0 0.779296875 0.07373046875 0.01904296875 0.02294921875
0 0.58349609375 0.80712890625 0.017578125 0.052734375
0 0.9169921875 0.12939453125 0.0224609375 0.02734375
0 0.892578125 0.19482421875 0.021484375 0.02734375
0 0.90087890625 0.00830078125 0.02392578125 0.0166015625
0 0.97412109375 0.2763671875 0.0244140625 0.021484375
0 0.89599609375 0.181640625 0.02294921875 0.02783203125
0 0.99658203125 0.30859375 0.00634765625 0.02685546875
0 0.99755859375 0.14501953125 0.0048828125 0.017578125