0 0.548828125 0.76318359375 0.0244140625 0.0224609375
0 0.388671875 0.8369140625 0.0205078125 0.0283203125
0 0.5224609375 0.7412109375 0.0185546875 0.0234375
0 0.080078125 0.64990234375 0.0234375 0.01953125
0 0.56005859375 0.89794921875 0.01953125 0.0263671875
0 0.48828125 0.67041015625 0.0205078125 0.0234375
0 0.1259765625 0.65185546875 0.0234375 0.0205078125
0 0.32421875 0.6728515625 0.01953125 0.0205078125
0 0.4453125 0.953125 0.0263671875 0.0244140625
0 0.5634765625 0.55224609375 0.015625 0.021484375
0 0.18408203125 0.6533203125 0.0205078125 0.025390625
0 0.50830078125 0.4228515625 0.0185546875 0.01953125
0 0.80908203125 0.9228515625 0.0205078125 0.021484375
0 0.29443359375 0.57177734375 0.0166015625 0.0234375
0 0.0185546875 0.72509765625 0.0205078125 0.0224609375
0 0.7255859375 0.759765625 0.0263671875 0.0322265625
0 0.25439453125 0.5927734375 0.0205078125 0.021484375
0 0.30859375 0.44482421875 0.0205078125 0.0185546875
0 0.0361328125 0.75244140625 0.01953125 0.025390625
0 0.1240234375 0.3359375 0.01953125 0.0185546875
0 0.6337890625 0.72802734375 0.0185546875 0.015625
0 0.0810546875 0.62255859375 0.0205078125 0.017578125
0 0.21533203125 0.51416015625 0.0205078125 0.01953125
0 0.12353515625 0.41845703125 0.0205078125 0.0185546875
0 0.10546875 0.45849609375 0.0263671875 0.0244140625
0 0.4384765625 0.40771484375 0.0234375 0.01953125
0 0.44580078125 0.724609375 0.01953125 0.0185546875
0 0.61962890625 0.99755859375 0.0224609375 0.0048828125
0 0.4609375 0.4814453125 0.017578125 0.021484375
0 0.5107421875 0.59814453125 0.01953125 0.0205078125
0 0.22509765625 0.92626953125 0.015625 0.029296875
0 0.39892578125 0.70654296875 0.0224609375 0.01953125
0 0.189453125 0.68505859375 0.0302734375 0.0224609375
0 0.3505859375 0.89013671875 0.017578125 0.0205078125
0 0.35498046875 0.72802734375 0.021484375 0.02734375
0 0.580078125 0.60986328125 0.021484375 0.029296875
0 0.16943359375 0.72021484375 0.017578125 0.02734375
0 0.3720703125 0.974609375 0.0205078125 0.02734375
0 0.05810546875 0.68408203125 0.0205078125 0.0224609375
0 0.048828125 0.48193359375 0.0234375 0.01953125
0 0.43359375 0.49609375 0.0244140625 0.0224609375
0 0.41064453125 0.603515625 0.025390625 0.0283203125
0 0.65771484375 0.65087890625 0.0146484375 0.025390625
0 0.28271484375 0.48974609375 0.0234375 0.01953125
0 0.47607421875 0.572265625 0.01953125 0.0263671875
0 0.7109375 0.857421875 0.025390625 0.0244140625
0 0.33837890625 0.3583984375 0.017578125 0.017578125
0 0.005859375 0.52734375 0.01171875 0.021484375
0 0.13525390625 0.46875 0.01953125 0.0166015625
0 0.2177734375 0.56982421875 0.0205078125 0.0205078125
0 0.49169921875 0.41357421875 0.017578125 0.021484375
0 0.44287109375 0.64501953125 0.0166015625 0.0224609375
0 0.03271484375 0.60205078125 0.0185546875 0.0224609375
0 0.4580078125 0.83154296875 0.0234375 0.0244140625
0 0.41259765625 0.64306640625 0.0205078125 0.017578125
0 0.0390625 0.53662109375 0.0185546875 0.021484375
0 0.701171875 0.63525390625 0.025390625 0.0234375
0 0.271484375 0.73388671875 0.01953125 0.0244140625
0 0.4130859375 0.98095703125 0.0185546875 0.0244140625
0 0.2470703125 0.48193359375 0.017578125 0.0224609375
0 0.0205078125 0.38134765625 0.01953125 0.01953125
0 0.39697265625 0.51611328125 0.0185546875 0.0205078125
0 0.2001953125 0.34521484375 0.021484375 0.017578125
0 0.095703125 0.314453125 0.017578125 0.0185546875
0 0.2314453125 0.39404296875 0.021484375 0.0166015625
0 0.1982421875 0.3876953125 0.0185546875 0.017578125
0 0.35498046875 0.4716796875 0.02734375 0.0244140625
0 0.2626953125 0.767578125 0.033203125 0.0283203125
0 0.2119140625 0.4296875 0.015625 0.01953125
0 0.41748046875 0.8212890625 0.0205078125 0.0400390625
0 0.0615234375 0.38916015625 0.0244140625 0.0234375
0 0.05517578125 0.41357421875 0.0185546875 0.0185546875
0 0.2353515625 0.373046875 0.021484375 0.01953125
0 0.28662109375 0.78759765625 0.025390625 0.021484375
0 0.689453125 0.625 0.0205078125 0.02734375
0 0.2998046875 0.9091796875 0.0224609375 0.0322265625
0 0.17529296875 0.37109375 0.0166015625 0.021484375
0 0.6259765625 0.916015625 0.02734375 0.025390625
0 0.40966796875 0.54150390625 0.017578125 0.03125
0 0.05078125 0.25 0.0166015625 0.01953125
0 0.369140625 0.521484375 0.0302734375 0.0224609375
0 0.21630859375 0.41259765625 0.013671875 0.017578125
0 0.5595703125 0.9931640625 0.021484375 0.013671875
0 0.4462890625 0.52880859375 0.0185546875 0.0234375
0 0.2578125 0.9013671875 0.025390625 0.029296875
0 0.5849609375 0.98828125 0.015625 0.0234375
0 0.25146484375 0.70703125 0.015625 0.021484375
0 0.162109375 0.31884765625 0.029296875 0.02734375
0 0.625 0.90234375 0.0234375 0.0244140625
0 0.4326171875 0.80810546875 0.01953125 0.0283203125
0 0.24755859375 0.8740234375 0.0224609375 0.025390625
0 0.46240234375 0.6455078125 0.015625 0.013671875
0 0.62353515625 0.62744140625 0.0224609375 0.021484375
0 0.43994140625 0.572265625 0.0185546875 0.0283203125
0 0.31298828125 0.74853515625 0.0166015625 0.0146484375
0 0.28857421875 0.73779296875 0.021484375 0.021484375
0 0.23779296875 0.52880859375 0.0166015625 0.0205078125
0 0.76513671875 0.8603515625 0.021484375 0.0302734375
0 0.2529296875 0.37353515625 0.01953125 0.01953125
0 0.328125 0.5283203125 0.0166015625 0.0205078125
0 0.0498046875 0.60986328125 0.01953125 0.01953125
0 0.03466796875 0.5595703125 0.0185546875 0.0234375
0 0.39111328125 0.65771484375 0.015625 0.025390625
0 0.50927734375 0.818359375 0.0126953125 0.0185546875
0 0.29931640625 0.50244140625 0.0244140625 0.0205078125
0 0.2177734375 0.8974609375 0.017578125 0.02734375
0 0.19384765625 0.36474609375 0.0166015625 0.0166015625
0 0.29150390625 0.53662109375 0.0166015625 0.0224609375
0 0.001953125 0.5419921875 0.00390625 0.017578125
0 0.2001953125 0.5888671875 0.017578125 0.0283203125
0 0.4208984375 0.5478515625 0.0166015625 0.025390625
0 0.51904296875 0.5673828125 0.0205078125 0.0205078125
0 0.41259765625 0.52978515625 0.0166015625 0.0224609375
0 0.28955078125 0.7060546875 0.021484375 0.0234375
0 0.27783203125 0.705078125 0.0185546875 0.0234375
0 0.35205078125 0.50341796875 0.0205078125 0.0205078125
0 0.0888671875 0.27197265625 0.015625 0.021484375
0 0.6650390625 0.8876953125 0.01953125 0.0322265625
0 0.2509765625 0.88427734375 0.0185546875 0.0263671875
0 0.1572265625 0.36474609375 0.0107421875 0.01953125
0 0.3388671875 0.76806640625 0.025390625 0.021484375
0 0.51904296875 0.8984375 0.0205078125 0.0205078125
0 0.20849609375 0.71484375 0.009765625 0.0166015625
0 0.615234375 0.6435546875 0.021484375 0.0185546875
0 0.62109375 0.94970703125 0.0205078125 0.03125
0 0.7685546875 0.8759765625 0.021484375 0.0244140625
0 0.1201171875 0.28125 0.015625 0.0224609375
0 0.3388671875 0.50634765625 0.0185546875 0.0224609375
0 0.64013671875 0.9443359375 0.02734375 0.0244140625
0 0.6552734375 0.88427734375 0.01953125 0.033203125
0 0.42236328125 0.8056640625 0.015625 0.025390625
0 0.05029296875 0.55712890625 0.017578125 0.0205078125