0 0.93994140625 0.64892578125 0.0166015625 0.0244140625
0 0.75927734375 0.66357421875 0.0107421875 0.03125
0 0.8994140625 0.87060546875 0.015625 0.0224609375
0 0.85400390625 0.78662109375 0.0146484375 0.0283203125
0 0.802734375 0.08837890625 0.0166015625 0.017578125
0 0.7578125 0.4755859375 0.015625 0.0263671875
0 0.99755859375 0.8134765625 0.0048828125 0.037109375
0 0.88525390625 0.63671875 0.0166015625 0.0244140625
0 0.80126953125 0.70703125 0.009765625 0.029296875
0 0.75390625 0.35546875 0.0107421875 0.02734375
0 0.80615234375 0.55712890625 0.0078125 0.0244140625
0 0.8564453125 0.56884765625 0.013671875 0.0146484375
0 0.8466796875 0.578125 0.0087890625 0.0263671875
0 0.78515625 0.07470703125 0.015625 0.0234375
0 0.81103515625 0.5478515625 0.0224609375 0.0302734375
0 0.91552734375 0.23095703125 0.015625 0.021484375
0 0.9560546875 0.06103515625 0.01953125 0.0263671875
0 0.9033203125 0.63037109375 0.009765625 0.0263671875
0 0.76904296875 0.4580078125 0.0087890625 0.02734375
0 0.7470703125 0.39892578125 0.0126953125 0.033203125
0 0.96044921875 0.00341796875 0.0107421875 0.0068359375
0 0.75048828125 0.40673828125 0.01953125 0.0205078125