0 0.27294921875 0.794921875 0.0546875 0.0478515625
0 0.24755859375 0.5224609375 0.05859375 0.0693359375
0 0.2099609375 0.17041015625 0.0361328125 0.0654296875
0 0.20068359375 0.2158203125 0.0458984375 0.0625
0 0.353515625 0.45068359375 0.0439453125 0.08203125
0 0.3037109375 0.44287109375 0.041015625 0.0771484375
0 0.25048828125 0.38671875 0.052734375 0.080078125
0 0.32763671875 0.77587890625 0.0478515625 0.087890625
0 0.08837890625 0.40625 0.05078125 0.0771484375
0 0.55078125 0.47216796875 0.0380859375 0.080078125
0 0.38623046875 0.37255859375 0.04296875 0.0615234375
0 0.048828125 0.46923828125 0.0361328125 0.0849609375
0 0.47216796875 0.38134765625 0.04296875 0.0703125
0 0.17333984375 0.48193359375 0.02734375 0.0595703125
0 0.220703125 0.01220703125 0.03125 0.0244140625
0 0.06103515625 0.54150390625 0.037109375 0.078125
0 0.25439453125 0.0146484375 0.0361328125 0.029296875
0 0.32958984375 0.05224609375 0.0341796875 0.0771484375
0 0.30810546875 0.86767578125 0.0244140625 0.048828125
0 0.31884765625 0.01416015625 0.0361328125 0.0283203125
0 0.83837890625 0.86962890625 0.0380859375 0.0654296875
0 0.4453125 0.4189453125 0.0322265625 0.0693359375
0 0.47802734375 0.12353515625 0.0234375 0.078125
0 0.51904296875 0.90283203125 0.03125 0.056640625
0 0.32177734375 0.03466796875 0.02734375 0.0576171875
0 0.41064453125 0.0732421875 0.052734375 0.0927734375
0 0.79736328125 0.0673828125 0.02734375 0.0703125