0 0.22802734375 0.2216796875 0.068359375 0.072265625
0 0.068359375 0.11181640625 0.05078125 0.060546875
0 0.01513671875 0.15771484375 0.0302734375 0.0380859375
0 0.93310546875 0.29248046875 0.0791015625 0.0458984375
0 0.34814453125 0.3017578125 0.0556640625 0.083984375
0 0.71240234375 0.68310546875 0.068359375 0.08984375
0 0.81494140625 0.66015625 0.06640625 0.07421875
0 0.42529296875 0.166015625 0.048828125 0.07421875
0 0.015625 0.0498046875 0.03125 0.03515625
0 0.2109375 0.087890625 0.044921875 0.029296875
0 0.533203125 0.7197265625 0.0654296875 0.115234375
0 0.2529296875 0.34814453125 0.056640625 0.083984375
0 0.21435546875 0.51953125 0.0703125 0.1162109375
0 0.07763671875 0.578125 0.1025390625 0.123046875
0 0.78955078125 0.048828125 0.0224609375 0.0478515625
0 0.83740234375 0.2509765625 0.044921875 0.078125
0 0.25439453125 0.26416015625 0.0361328125 0.0498046875
0 0.38720703125 0.138671875 0.0634765625 0.0673828125
0 0.62060546875 0.30712890625 0.0458984375 0.0908203125
0 0.41748046875 0.09228515625 0.0439453125 0.044921875
0 0.02587890625 0.23291015625 0.0517578125 0.0830078125
0 0.24365234375 0.44921875 0.0849609375 0.0888671875
0 0.81689453125 0.3369140625 0.0732421875 0.083984375
0 0.7607421875 0.44775390625 0.078125 0.0966796875
0 0.45361328125 0.63134765625 0.0830078125 0.068359375
0 0.75439453125 0.19482421875 0.0498046875 0.0693359375
0 0.04638671875 0.25244140625 0.05078125 0.083984375
0 0.25390625 0.06689453125 0.0439453125 0.041015625
0 0.4599609375 0.03662109375 0.046875 0.0498046875
0 0.1376953125 0.0546875 0.0498046875 0.0576171875
0 0.1943359375 0.80322265625 0.107421875 0.1298828125
0 0.0126953125 0.41845703125 0.025390625 0.0908203125
0 0.2119140625 0.03564453125 0.04296875 0.052734375
0 0.12548828125 0.02294921875 0.0244140625 0.021484375
0 0.1884765625 0.9150390625 0.107421875 0.169921875
0 0.275390625 0.0966796875 0.0244140625 0.0595703125
0 0.4658203125 0.52001953125 0.078125 0.0654296875
0 0.70654296875 0.93505859375 0.0751953125 0.1142578125
0 0.2744140625 0.44921875 0.02734375 0.0859375