0 0.0419921875 0.4013671875 0.07080078125 0.103515625
0 0.322265625 0.1806640625 0.06494140625 0.10498046875
0 0.19482421875 0.10986328125 0.0517578125 0.09326171875
0 0.31494140625 0.1064453125 0.0546875 0.0947265625
0 0.240234375 0.669921875 0.041015625 0.14306640625
0 0.1435546875 0.50048828125 0.08203125 0.08251953125
0 0.3896484375 0.3984375 0.05615234375 0.09814453125
0 0.0478515625 0.548828125 0.08837890625 0.07177734375
0 0.4150390625 0.0302734375 0.0419921875 0.060546875
0 0.05224609375 0.07763671875 0.05419921875 0.072265625
0 0.60205078125 0.04638671875 0.0390625 0.0859375
0 0.02294921875 0.60986328125 0.04541015625 0.10791015625
0 0.9501953125 0.84619140625 0.03955078125 0.1220703125
0 0.96875 0.31640625 0.05224609375 0.0908203125
0 0.8203125 0.05615234375 0.05078125 0.0712890625
0 0.63916015625 0.240234375 0.04541015625 0.08251953125
0 0.18896484375 0.20263671875 0.03076171875 0.0986328125
0 0.04150390625 0.50537109375 0.080078125 0.07763671875
0 0.04345703125 0.28466796875 0.03271484375 0.099609375
0 0.56689453125 0.01953125 0.0478515625 0.03857421875
0 0.9697265625 0.10595703125 0.05712890625 0.05322265625
0 0.013671875 0.1650390625 0.02685546875 0.09326171875
0 0.05517578125 0.0146484375 0.0244140625 0.029296875
0 0.40771484375 0.466796875 0.04833984375 0.07958984375
0 0.625 0.09619140625 0.03662109375 0.04345703125
0 0.263671875 0.9873046875 0.02978515625 0.025390625
0 0.79052734375 0.38427734375 0.03564453125 0.123046875
0 0.05810546875 0.3251953125 0.03515625 0.04833984375
0 0.01416015625 0.5595703125 0.0283203125 0.0478515625
0 0.0771484375 0.61865234375 0.0732421875 0.10400390625