0 0.51318359375 0.80419921875 0.029296875 0.0634765625
0 0.18115234375 0.17578125 0.017578125 0.0244140625
0 0.2158203125 0.12060546875 0.015625 0.029296875
0 0.24365234375 0.0419921875 0.0107421875 0.0224609375
0 0.13330078125 0.41162109375 0.0224609375 0.0322265625
0 0.30419921875 0.107421875 0.0146484375 0.029296875
0 0.27685546875 0.0830078125 0.021484375 0.0302734375
0 0.25537109375 0.04638671875 0.013671875 0.02734375
0 0.1318359375 0.31982421875 0.013671875 0.0361328125
0 0.48583984375 0.78955078125 0.0224609375 0.056640625
0 0.00634765625 0.24755859375 0.0126953125 0.0380859375
0 0.08056640625 0.3193359375 0.013671875 0.0341796875
0 0.03564453125 0.29052734375 0.0205078125 0.0390625
0 0.07568359375 0.08935546875 0.013671875 0.0380859375
0 0.1025390625 0.3583984375 0.0205078125 0.03515625