0 0.11474609375 0.9501953125 0.0478515625 0.099609375
0 0.05615234375 0.33935546875 0.0478515625 0.08984375
0 0.21044921875 0.162109375 0.0458984375 0.0927734375
0 0.61669921875 0.181640625 0.0439453125 0.08203125
0 0.89111328125 0.38818359375 0.0595703125 0.0693359375
0 0.5458984375 0.02587890625 0.05859375 0.0517578125
0 0.1806640625 0.73486328125 0.05078125 0.1005859375
0 0.57421875 0.283203125 0.0546875 0.0927734375
0 0.32373046875 0.55712890625 0.0478515625 0.08984375
0 0.16943359375 0.16015625 0.0498046875 0.0693359375
0 0.2294921875 0.5048828125 0.041015625 0.0673828125
0 0.5419921875 0.1162109375 0.0546875 0.0732421875
0 0.033203125 0.486328125 0.06640625 0.0625
0 0.9306640625 0.8701171875 0.056640625 0.068359375
0 0.28857421875 0.11767578125 0.05078125 0.091796875
0 0.591796875 0.6630859375 0.0419921875 0.0888671875
0 0.94091796875 0.798828125 0.072265625 0.103515625
0 0.533203125 0.0810546875 0.056640625 0.06640625
0 0.646484375 0.42724609375 0.044921875 0.06640625
0 0.30029296875 0.97705078125 0.0556640625 0.0458984375
0 0.802734375 0.359375 0.048828125 0.068359375
0 0.36376953125 0.2939453125 0.048828125 0.078125
0 0.9912109375 0.7333984375 0.017578125 0.12109375
0 0.92041015625 0.77685546875 0.0537109375 0.0537109375
0 0.076171875 0.32958984375 0.05859375 0.0830078125
0 0.06982421875 0.57861328125 0.0576171875 0.103515625
0 0.1591796875 0.27880859375 0.0458984375 0.0966796875
0 0.68408203125 0.3955078125 0.017578125 0.0244140625
0 0.98876953125 0.650390625 0.0224609375 0.076171875