0 0.3359375 0.19775390625 0.0302734375 0.05615234375
0 0.39501953125 0.3701171875 0.0234375 0.03955078125
0 0.2919921875 0.69482421875 0.0224609375 0.04248046875
0 0.22998046875 0.1845703125 0.02880859375 0.04443359375
0 0.35498046875 0.26953125 0.02294921875 0.04443359375
0 0.46630859375 0.50146484375 0.0322265625 0.03369140625
0 0.47998046875 0.77783203125 0.0234375 0.0439453125
0 0.1640625 0.1982421875 0.03125 0.03955078125
0 0.51416015625 0.94873046875 0.02734375 0.03955078125
0 0.48876953125 0.58203125 0.0234375 0.041015625
0 0.33349609375 0.814453125 0.02001953125 0.0263671875
0 0.03076171875 0.44384765625 0.033203125 0.033203125
0 0.068359375 0.5595703125 0.02197265625 0.04833984375
0 0.36474609375 0.2158203125 0.02490234375 0.0419921875
0 0.4208984375 0.63818359375 0.0185546875 0.03759765625
0 0.421875 0.94287109375 0.02734375 0.0546875
0 0.1640625 0.740234375 0.03369140625 0.0380859375
0 0.4541015625 0.3203125 0.0146484375 0.0380859375
0 0.18115234375 0.54833984375 0.0224609375 0.0517578125
0 0.2724609375 0.97216796875 0.02001953125 0.03515625
0 0.2099609375 0.978515625 0.01953125 0.04296875
0 0.26220703125 0.39111328125 0.0234375 0.04736328125
0 0.20654296875 0.669921875 0.021484375 0.02392578125
0 0.3046875 0.6240234375 0.02197265625 0.05029296875
0 0.32470703125 0.97216796875 0.02783203125 0.05224609375
0 0.13037109375 0.79833984375 0.01611328125 0.03662109375
0 0.22998046875 0.71533203125 0.02685546875 0.04736328125
0 0.5224609375 0.52294921875 0.02490234375 0.04638671875
0 0.0849609375 0.50927734375 0.0341796875 0.041015625
0 0.333984375 0.60986328125 0.0322265625 0.0478515625
0 0.279296875 0.26220703125 0.0205078125 0.04833984375
0 0.267578125 0.806640625 0.02783203125 0.0390625
0 0.33349609375 0.8837890625 0.0234375 0.0263671875
0 0.064453125 0.98291015625 0.02294921875 0.0205078125
0 0.3837890625 0.8212890625 0.02001953125 0.03955078125
0 0.0771484375 0.919921875 0.0263671875 0.0517578125
0 0.34423828125 0.396484375 0.0263671875 0.02783203125
0 0.08154296875 0.9541015625 0.03125 0.04248046875
0 0.30810546875 0.49658203125 0.03076171875 0.03955078125
0 0.37841796875 0.4833984375 0.0341796875 0.03662109375
0 0.35693359375 0.890625 0.02685546875 0.0419921875
0 0.25341796875 0.9375 0.0185546875 0.0517578125
0 0.26904296875 0.9130859375 0.0224609375 0.05322265625
0 0.150390625 0.5673828125 0.02099609375 0.0595703125
0 0.04541015625 0.82080078125 0.01904296875 0.0263671875
0 0.064453125 0.240234375 0.0205078125 0.04345703125
0 0.1640625 0.60009765625 0.0224609375 0.03955078125
0 0.0205078125 0.2958984375 0.04052734375 0.05419921875
0 0.083984375 0.5302734375 0.033203125 0.03564453125
0 0.2490234375 0.25537109375 0.01220703125 0.03564453125
0 0.04931640625 0.3017578125 0.02734375 0.048828125
0 0.9794921875 0.8232421875 0.025390625 0.02587890625
0 0.46923828125 0.33984375 0.01953125 0.02587890625