0 0.38232421875 0.77978515625 0.03759765625 0.03515625
0 0.93798828125 0.853515625 0.029296875 0.04052734375
0 0.02587890625 0.7822265625 0.02880859375 0.03515625
0 0.1650390625 0.67626953125 0.0283203125 0.0283203125
0 0.0244140625 0.673828125 0.0234375 0.0263671875
0 0.79248046875 0.806640625 0.03857421875 0.04443359375
0 0.1337890625 0.712890625 0.02978515625 0.0283203125
0 0.8837890625 0.9375 0.0517578125 0.04248046875
0 0.03271484375 0.71630859375 0.02783203125 0.0341796875
0 0.06982421875 0.791015625 0.03125 0.0322265625
0 0.24267578125 0.71142578125 0.02880859375 0.02685546875
0 0.1552734375 0.8369140625 0.037109375 0.037109375
0 0.490234375 0.9677734375 0.04638671875 0.05419921875
0 0.7333984375 0.947265625 0.05517578125 0.05517578125
0 0.248046875 0.74658203125 0.0322265625 0.03466796875
0 0.05517578125 0.69189453125 0.02392578125 0.0283203125
0 0.4912109375 0.845703125 0.02734375 0.04052734375
0 0.43896484375 0.87939453125 0.04296875 0.0458984375
0 0.20703125 0.7626953125 0.02783203125 0.02392578125
0 0.51220703125 0.8193359375 0.0322265625 0.0439453125
0 0.140625 0.732421875 0.02392578125 0.0341796875
0 0.099609375 0.7353515625 0.02587890625 0.017578125
0 0.2099609375 0.69970703125 0.02001953125 0.01171875
0 0.138671875 0.94970703125 0.0400390625 0.05322265625
0 0.15966796875 0.74853515625 0.0224609375 0.03173828125
0 0.232421875 0.72265625 0.02197265625 0.01806640625
0 0.13134765625 0.82470703125 0.02490234375 0.04052734375
0 0.43896484375 0.98974609375 0.060546875 0.02001953125
0 0.96484375 0.94287109375 0.06689453125 0.029296875
0 0.283203125 0.736328125 0.01220703125 0.03564453125
0 0.0068359375 0.845703125 0.013671875 0.03857421875
0 0.10400390625 0.58642578125 0.0185546875 0.02490234375
0 0.9365234375 0.9619140625 0.02001953125 0.0595703125
0 0.2724609375 0.73046875 0.01806640625 0.02197265625
0 0.052734375 0.59375 0.017578125 0.01953125