0 0.97607421875 0.74658203125 0.0244140625 0.0244140625
0 0.7021484375 0.7451171875 0.01953125 0.021484375
0 0.85009765625 0.96337890625 0.0390625 0.0478515625
0 0.53857421875 0.96630859375 0.037109375 0.0419921875
0 0.6630859375 0.93212890625 0.041015625 0.04052734375
0 0.7783203125 0.79150390625 0.03173828125 0.033203125
0 0.962890625 0.84912109375 0.02587890625 0.03515625
0 0.56494140625 0.9384765625 0.0322265625 0.03466796875
0 0.85546875 0.81982421875 0.03515625 0.03466796875
0 0.5283203125 0.79345703125 0.025390625 0.03369140625
0 0.986328125 0.94775390625 0.02734375 0.03857421875
0 0.89208984375 0.62939453125 0.013671875 0.01611328125
0 0.74560546875 0.658203125 0.01953125 0.0224609375
0 0.73095703125 0.97900390625 0.01708984375 0.04150390625
0 0.97998046875 0.669921875 0.021484375 0.021484375
0 0.9326171875 0.6943359375 0.0234375 0.0244140625
0 0.6513671875 0.85107421875 0.02880859375 0.033203125
0 0.8154296875 0.96435546875 0.033203125 0.0234375
0 0.791015625 0.736328125 0.01513671875 0.02392578125
0 0.63525390625 0.86376953125 0.02880859375 0.03125
0 0.68701171875 0.6513671875 0.0185546875 0.0185546875
0 0.6025390625 0.69482421875 0.01123046875 0.01806640625
0 0.7314453125 0.68896484375 0.0234375 0.0224609375
0 0.4609375 0.802734375 0.013671875 0.02490234375
0 0.921875 0.67529296875 0.01953125 0.02099609375
0 0.83056640625 0.662109375 0.009765625 0.01220703125
0 0.4873046875 0.7626953125 0.009765625 0.0263671875
0 0.92041015625 0.634765625 0.01513671875 0.01953125
0 0.7685546875 0.74560546875 0.021484375 0.0205078125
0 0.6845703125 0.9931640625 0.0263671875 0.0126953125
0 0.9677734375 0.6904296875 0.01318359375 0.021484375
0 0.96826171875 0.62255859375 0.01513671875 0.01904296875
0 0.96240234375 0.64208984375 0.0146484375 0.02001953125
0 0.8115234375 0.666015625 0.013671875 0.00830078125
0 0.91162109375 0.779296875 0.02001953125 0.02734375
0 0.98193359375 0.87060546875 0.029296875 0.03564453125
0 0.9453125 0.67138671875 0.01220703125 0.01806640625
0 0.77001953125 0.78271484375 0.017578125 0.02734375
0 0.9755859375 0.6474609375 0.01513671875 0.01953125
0 0.76025390625 0.64453125 0.0185546875 0.0185546875
0 0.93017578125 0.6328125 0.01220703125 0.013671875
0 0.52294921875 0.67822265625 0.01611328125 0.01953125
0 0.5927734375 0.75927734375 0.02783203125 0.0234375
0 0.64013671875 0.99462890625 0.02294921875 0.00927734375
0 0.75 0.73828125 0.01123046875 0.0205078125
0 0.7216796875 0.73779296875 0.009765625 0.01171875
0 0.765625 0.6337890625 0.01318359375 0.01318359375
0 0.94384765625 0.6376953125 0.00927734375 0.01806640625
0 0.53173828125 0.67626953125 0.017578125 0.01953125
0 0.5546875 0.93505859375 0.01318359375 0.02587890625
0 0.587890625 0.75439453125 0.013671875 0.013671875
0 0.6259765625 0.86279296875 0.01025390625 0.021484375
0 0.95849609375 0.61376953125 0.0107421875 0.01708984375
0 0.0205078125 0.5361328125 0.00830078125 0.00830078125