0 0.1416015625 0.67919921875 0.009765625 0.0224609375
0 0.107421875 0.572265625 0.009765625 0.0146484375
0 0.0791015625 0.6279296875 0.00830078125 0.017578125
0 0.1025390625 0.49462890625 0.0078125 0.017578125
0 0.0830078125 0.51416015625 0.0048828125 0.01513671875
0 0.09912109375 0.51171875 0.00830078125 0.01513671875
0 0.03857421875 0.4423828125 0.0087890625 0.01611328125
0 0.02978515625 0.64306640625 0.00927734375 0.017578125
0 0.1064453125 0.6904296875 0.00732421875 0.017578125
0 0.12646484375 0.69921875 0.0048828125 0.021484375
0 0.11328125 0.689453125 0.00390625 0.01904296875
0 0.1220703125 0.6923828125 0.00634765625 0.015625
0 0.20947265625 0.98486328125 0.01220703125 0.01318359375
0 0.01171875 0.73095703125 0.0087890625 0.01416015625
0 0.00830078125 0.4814453125 0.0078125 0.0283203125
0 0.0439453125 0.86669921875 0.00830078125 0.02099609375
0 0.05029296875 0.708984375 0.01123046875 0.0234375
0 0.10107421875 0.876953125 0.00927734375 0.0302734375
0 0.1533203125 0.77880859375 0.00927734375 0.02294921875
0 0.00390625 0.841796875 0.00732421875 0.0244140625
0 0.1640625 0.712890625 0.009765625 0.03125
0 0.2275390625 0.880859375 0.00927734375 0.0400390625
0 0.0751953125 0.48291015625 0.00732421875 0.02294921875
0 0.2412109375 0.96533203125 0.0107421875 0.04052734375
0 0.0244140625 0.8623046875 0.0087890625 0.0244140625
0 0.0517578125 0.81884765625 0.01025390625 0.02685546875
0 0.04150390625 0.900390625 0.01171875 0.02490234375