0 0.22216796875 0.0869140625 0.06201171875 0.087890625
0 0.357421875 0.08203125 0.09765625 0.10498046875
0 0.125 0.03759765625 0.0615234375 0.07177734375
0 0.95947265625 0.052734375 0.0751953125 0.10546875
0 0.3955078125 0.64111328125 0.12060546875 0.1708984375
0 0.11474609375 0.1982421875 0.0654296875 0.1240234375
0 0.615234375 0.03662109375 0.037109375 0.07080078125
0 0.59033203125 0.17919921875 0.0927734375 0.1064453125
0 0.12939453125 0.6328125 0.1533203125 0.1103515625
0 0.5615234375 0.01953125 0.060546875 0.0380859375
0 0.64208984375 0.03466796875 0.02880859375 0.0673828125
0 0.75537109375 0.736328125 0.072265625 0.1982421875
0 0.10400390625 0.02197265625 0.0205078125 0.0439453125
0 0.009765625 0.20703125 0.0185546875 0.041015625