0 0.78564453125 0.89111328125 0.0537109375 0.05078125
0 0.51806640625 0.56787109375 0.05859375 0.0810546875
0 0.4208984375 0.6982421875 0.048828125 0.0751953125
0 0.5224609375 0.6123046875 0.05078125 0.056640625
0 0.4873046875 0.734375 0.037109375 0.048828125
0 0.87744140625 0.10595703125 0.0439453125 0.0732421875
0 0.94970703125 0.6513671875 0.048828125 0.052734375
0 0.69873046875 0.8603515625 0.044921875 0.06640625
0 0.3095703125 0.66455078125 0.052734375 0.0810546875
0 0.66357421875 0.61865234375 0.0439453125 0.072265625
0 0.09619140625 0.60791015625 0.0556640625 0.064453125
0 0.80517578125 0.9140625 0.037109375 0.0537109375
0 0.6748046875 0.45849609375 0.05078125 0.0693359375
0 0.63037109375 0.5654296875 0.052734375 0.076171875
0 0.822265625 0.70458984375 0.0537109375 0.0732421875
0 0.16552734375 0.95703125 0.0537109375 0.0859375
0 0.91357421875 0.515625 0.0498046875 0.0771484375
0 0.46875 0.7138671875 0.0361328125 0.046875
0 0.4052734375 0.5400390625 0.044921875 0.0458984375
0 0.61083984375 0.244140625 0.0537109375 0.0859375
0 0.4169921875 0.39990234375 0.05078125 0.08203125
0 0.39697265625 0.025390625 0.0546875 0.0400390625
0 0.55810546875 0.25 0.0546875 0.083984375
0 0.0693359375 0.72314453125 0.0498046875 0.0791015625
0 0.19091796875 0.17236328125 0.0595703125 0.046875
0 0.31787109375 0.42626953125 0.0361328125 0.0537109375