0 0.2724609375 0.7080078125 0.0166015625 0.01708984375
0 0.17919921875 0.888671875 0.015625 0.02685546875
0 0.2744140625 0.41943359375 0.01513671875 0.0205078125
0 0.24609375 0.94287109375 0.0166015625 0.02734375
0 0.2939453125 0.79833984375 0.01318359375 0.02099609375
0 0.1982421875 0.587890625 0.013671875 0.021484375
0 0.10791015625 0.0849609375 0.0107421875 0.013671875
0 0.251953125 0.7578125 0.017578125 0.02001953125
0 0.17822265625 0.07421875 0.01025390625 0.01708984375
0 0.2783203125 0.90869140625 0.01611328125 0.01806640625
0 0.06298828125 0.19580078125 0.01171875 0.015625
0 0.22021484375 0.8076171875 0.0107421875 0.03173828125
0 0.2705078125 0.9609375 0.0205078125 0.02392578125
0 0.30859375 0.91650390625 0.015625 0.02978515625
0 0.09375 0.06689453125 0.01025390625 0.01708984375
0 0.2998046875 0.7705078125 0.0146484375 0.021484375
0 0.23876953125 0.1494140625 0.01513671875 0.01513671875
0 0.1435546875 0.27197265625 0.01171875 0.01953125
0 0.22900390625 0.44384765625 0.015625 0.02392578125
0 0.2314453125 0.6484375 0.01806640625 0.0185546875
0 0.21337890625 0.673828125 0.0185546875 0.02001953125
0 0.14013671875 0.76416015625 0.017578125 0.02392578125
0 0.22265625 0.1787109375 0.01123046875 0.01416015625
0 0.25 0.13134765625 0.0087890625 0.01904296875
0 0.296875 0.90185546875 0.01025390625 0.0302734375
0 0.1484375 0.1826171875 0.009765625 0.015625
0 0.189453125 0.11962890625 0.0107421875 0.015625
0 0.1884765625 0.453125 0.015625 0.02197265625
0 0.13916015625 0.6953125 0.01611328125 0.0185546875
0 0.1669921875 0.3955078125 0.01318359375 0.013671875
0 0.23291015625 0.6689453125 0.01806640625 0.01806640625
0 0.10546875 0.990234375 0.0234375 0.0185546875
0 0.07421875 0.93505859375 0.0185546875 0.0234375
0 0.052734375 0.9228515625 0.01708984375 0.02587890625
0 0.05712890625 0.89501953125 0.01904296875 0.0234375
0 0.13671875 0.611328125 0.0166015625 0.021484375
0 0.12255859375 0.0498046875 0.01123046875 0.01513671875
0 0.17529296875 0.21630859375 0.013671875 0.01513671875
0 0.12548828125 0.1640625 0.0107421875 0.017578125
0 0.01806640625 0.28173828125 0.01025390625 0.02490234375
0 0.20361328125 0.2412109375 0.01318359375 0.0166015625
0 0.1796875 0.810546875 0.02001953125 0.0205078125
0 0.263671875 0.439453125 0.00732421875 0.0263671875
0 0.224609375 0.203125 0.015625 0.01318359375
0 0.0546875 0.2431640625 0.0068359375 0.02197265625
0 0.14697265625 0.72705078125 0.0185546875 0.0205078125
0 0.11962890625 0.841796875 0.02001953125 0.01806640625
0 0.03515625 0.2998046875 0.01123046875 0.01708984375
0 0.1845703125 0.76611328125 0.0126953125 0.01806640625
0 0.02734375 0.10546875 0.0107421875 0.01416015625
0 0.10400390625 0.603515625 0.01513671875 0.02392578125
0 0.23388671875 0.326171875 0.0146484375 0.01806640625
0 0.1513671875 0.63037109375 0.017578125 0.0205078125
0 0.1689453125 0.25244140625 0.0126953125 0.01513671875
0 0.04736328125 0.35546875 0.01318359375 0.01611328125
0 0.12744140625 0.86474609375 0.0166015625 0.02685546875
0 0.0615234375 0.9619140625 0.02294921875 0.0263671875
0 0.23193359375 0.10595703125 0.0107421875 0.0146484375
0 0.11376953125 0.236328125 0.0126953125 0.01611328125
0 0.0361328125 0.6201171875 0.01708984375 0.01953125
0 0.14013671875 0.794921875 0.01806640625 0.0205078125
0 0.24365234375 0.4423828125 0.01171875 0.02294921875
0 0.2138671875 0.09130859375 0.01318359375 0.0146484375
0 0.1962890625 0.1474609375 0.0107421875 0.01904296875
0 0.017578125 0.88623046875 0.01904296875 0.02294921875
0 0.0712890625 0.2314453125 0.00927734375 0.017578125
0 0.2177734375 0.1064453125 0.00927734375 0.01416015625
0 0.24658203125 0.18017578125 0.0087890625 0.015625
0 0.06005859375 0.439453125 0.01513671875 0.017578125
0 0.19091796875 0.1025390625 0.01220703125 0.01611328125
0 0.05224609375 0.82275390625 0.0166015625 0.02587890625
0 0.18896484375 0.43505859375 0.01416015625 0.02197265625
0 0.10791015625 0.1416015625 0.01025390625 0.01513671875
0 0.01318359375 0.22607421875 0.0126953125 0.0146484375
0 0.1904296875 0.20947265625 0.01416015625 0.01318359375
0 0.2626953125 0.396484375 0.01416015625 0.017578125
0 0.025390625 0.482421875 0.015625 0.0185546875
0 0.0380859375 0.45947265625 0.0107421875 0.021484375
0 0.09765625 0.90283203125 0.01904296875 0.02197265625
0 0.2001953125 0.34912109375 0.01708984375 0.01611328125
0 0.23046875 0.4052734375 0.01220703125 0.013671875
0 0.24609375 0.3642578125 0.01123046875 0.017578125
0 0.09765625 0.1591796875 0.0107421875 0.01513671875
0 0.0791015625 0.79736328125 0.0185546875 0.02197265625
0 0.1748046875 0.6962890625 0.0185546875 0.02197265625
0 0.1181640625 0.267578125 0.01220703125 0.02197265625
0 0.08935546875 0.23486328125 0.01123046875 0.0185546875
0 0.02294921875 0.84228515625 0.02099609375 0.0205078125
0 0.140625 0.5341796875 0.0185546875 0.01611328125
0 0.2314453125 0.08251953125 0.01220703125 0.01611328125
0 0.0966796875 0.341796875 0.01416015625 0.017578125
0 0.1435546875 0.15087890625 0.009765625 0.01708984375
0 0.0673828125 0.38330078125 0.015625 0.01953125
0 0.1572265625 0.1064453125 0.00732421875 0.01806640625
0 0.025390625 0.294921875 0.009765625 0.01806640625
0 0.201171875 0.41845703125 0.01416015625 0.01513671875
0 0.02099609375 0.5458984375 0.01611328125 0.02099609375
0 0.07080078125 0.7158203125 0.0166015625 0.02197265625
0 0.021484375 0.51904296875 0.0146484375 0.01708984375
0 0.19921875 0.2744140625 0.0087890625 0.01416015625
0 0.0849609375 0.6884765625 0.01953125 0.021484375
0 0.0927734375 0.65966796875 0.0185546875 0.0205078125
0 0.1376953125 0.552734375 0.015625 0.01953125
0 0.15673828125 0.8017578125 0.017578125 0.02197265625
0 0.087890625 0.39306640625 0.01611328125 0.0166015625
0 0.0283203125 0.578125 0.015625 0.0234375
0 0.134765625 0.39599609375 0.00927734375 0.0224609375
0 0.20556640625 0.2880859375 0.009765625 0.0205078125
0 0.2626953125 0.37890625 0.009765625 0.02392578125
0 0.26318359375 0.2841796875 0.00830078125 0.0234375
0 0.037109375 0.771484375 0.01806640625 0.02197265625
0 0.2587890625 0.24951171875 0.0185546875 0.01904296875
0 0.130859375 0.11572265625 0.013671875 0.015625
0 0.1220703125 0.369140625 0.01416015625 0.01513671875
0 0.0859375 0.2158203125 0.013671875 0.01611328125
0 0.2568359375 0.20361328125 0.0078125 0.01708984375
0 0.115234375 0.5751953125 0.01708984375 0.0185546875
0 0.05029296875 0.8076171875 0.02001953125 0.01806640625
0 0.2177734375 0.28759765625 0.01025390625 0.02001953125
0 0.22119140625 0.3935546875 0.013671875 0.01904296875
0 0.06689453125 0.02392578125 0.00927734375 0.015625
0 0.04638671875 0.701171875 0.013671875 0.021484375
0 0.06494140625 0.36865234375 0.0107421875 0.017578125
0 0.037109375 0.82470703125 0.01708984375 0.0244140625
0 0.05126953125 0.5673828125 0.01806640625 0.0185546875
0 0.12646484375 0.51171875 0.0166015625 0.01904296875
0 0.09619140625 0.37890625 0.01513671875 0.015625
0 0.1494140625 0.3857421875 0.0078125 0.02294921875
0 0.26708984375 0.31005859375 0.00830078125 0.02001953125
0 0.09619140625 0.21630859375 0.01318359375 0.015625
0 0.1201171875 0.12890625 0.01171875 0.015625
0 0.240234375 0.28564453125 0.00732421875 0.02392578125
0 0.11083984375 0.48291015625 0.017578125 0.01806640625
0 0.04443359375 0.521484375 0.017578125 0.017578125
0 0.02880859375 0.7021484375 0.01806640625 0.0224609375
0 0.15478515625 0.326171875 0.015625 0.01611328125
0 0.0634765625 0.51953125 0.017578125 0.01953125
0 0.09130859375 0.525390625 0.0166015625 0.017578125
0 0.08203125 0.5703125 0.01806640625 0.02197265625
0 0.01953125 0.75927734375 0.015625 0.0244140625
0 0.271484375 0.3603515625 0.00634765625 0.0234375
0 0.26904296875 0.322265625 0.0107421875 0.0224609375
0 0.10302734375 0.55029296875 0.01513671875 0.0205078125
0 0.1103515625 0.3515625 0.01513671875 0.01708984375
0 0.09716796875 0.888671875 0.02197265625 0.0234375
0 0.15185546875 0.34326171875 0.01318359375 0.02001953125
0 0.091796875 0.49072265625 0.01806640625 0.02294921875
0 0.0185546875 0.73876953125 0.01611328125 0.021484375
0 0.1044921875 0.53564453125 0.017578125 0.01708984375
0 0.078125 0.55810546875 0.01806640625 0.01708984375
0 0.14111328125 0.337890625 0.01513671875 0.0205078125
0 0.00439453125 0.763671875 0.0087890625 0.017578125
0 0.00439453125 0.78857421875 0.0087890625 0.0185546875
0 0.02734375 0.716796875 0.01513671875 0.0205078125
0 0.09619140625 0.99609375 0.009765625 0.00732421875