0 0.4794921875 0.8037109375 0.013671875 0.033203125
0 0.306640625 0.833984375 0.0126953125 0.025390625
0 0.08642578125 0.8974609375 0.0166015625 0.037109375
0 0.25537109375 0.82958984375 0.0146484375 0.0283203125
0 0.22998046875 0.9208984375 0.0166015625 0.03515625
0 0.06005859375 0.94287109375 0.0185546875 0.0380859375
0 0.2109375 0.84423828125 0.0205078125 0.0302734375
0 0.70703125 0.69873046875 0.0126953125 0.029296875
0 0.25732421875 0.96826171875 0.0185546875 0.0302734375
0 0.04833984375 0.8408203125 0.0126953125 0.0263671875
0 0.22705078125 0.83837890625 0.01953125 0.029296875
0 0.22802734375 0.63232421875 0.0107421875 0.017578125
0 0.48095703125 0.78173828125 0.0166015625 0.0302734375
0 0.1552734375 0.5810546875 0.009765625 0.0166015625
0 0.681640625 0.71923828125 0.0205078125 0.03125
0 0.58544921875 0.841796875 0.017578125 0.0283203125
0 0.44677734375 0.75732421875 0.013671875 0.0244140625
0 0.20703125 0.7509765625 0.015625 0.021484375
0 0.296875 0.7041015625 0.0146484375 0.0244140625
0 0.6455078125 0.615234375 0.013671875 0.0224609375
0 0.33154296875 0.74169921875 0.0126953125 0.0205078125
0 0.21044921875 0.70361328125 0.0185546875 0.0234375
0 0.56298828125 0.57373046875 0.0126953125 0.021484375
0 0.185546875 0.90966796875 0.025390625 0.0361328125
0 0.4892578125 0.4638671875 0.009765625 0.0166015625
0 0.5400390625 0.7451171875 0.0185546875 0.029296875
0 0.2431640625 0.9072265625 0.0234375 0.0322265625
0 0.279296875 0.83154296875 0.0185546875 0.0263671875
0 0.16552734375 0.58154296875 0.0087890625 0.0126953125
0 0.31494140625 0.53515625 0.01171875 0.0185546875
0 0.1787109375 0.82470703125 0.021484375 0.029296875
0 0.21923828125 0.7431640625 0.0185546875 0.02734375
0 0.18408203125 0.53173828125 0.01171875 0.0146484375
0 0.51318359375 0.72509765625 0.0185546875 0.0283203125
0 0.16650390625 0.53125 0.01171875 0.0146484375
0 0.5205078125 0.849609375 0.013671875 0.021484375
0 0.73583984375 0.63037109375 0.01953125 0.02734375
0 0.07275390625 0.76513671875 0.0166015625 0.0283203125
0 0.34765625 0.69921875 0.017578125 0.01953125
0 0.71337890625 0.7548828125 0.0205078125 0.033203125
0 0.2294921875 0.7822265625 0.01953125 0.0234375
0 0.634765625 0.615234375 0.0185546875 0.0205078125
0 0.060546875 0.85302734375 0.0205078125 0.0283203125
0 0.08935546875 0.94189453125 0.02734375 0.0361328125
0 0.7060546875 0.74169921875 0.0185546875 0.02734375
0 0.560546875 0.70751953125 0.0166015625 0.0263671875
0 0.5185546875 0.86376953125 0.0205078125 0.0263671875
0 0.21875 0.93701171875 0.0283203125 0.0361328125
0 0.4794921875 0.74462890625 0.01953125 0.029296875
0 0.37451171875 0.46630859375 0.0078125 0.01171875
0 0.53466796875 0.50634765625 0.015625 0.021484375
0 0.1357421875 0.58203125 0.0126953125 0.017578125
0 0.39794921875 0.8037109375 0.0205078125 0.0302734375
0 0.4619140625 0.46923828125 0.0126953125 0.0166015625
0 0.11474609375 0.83642578125 0.0185546875 0.0302734375
0 0.033203125 0.73828125 0.0146484375 0.0234375
0 0.3125 0.63330078125 0.0146484375 0.0205078125
0 0.2607421875 0.857421875 0.021484375 0.029296875
0 0.0771484375 0.62646484375 0.013671875 0.0185546875
0 0.16650390625 0.67578125 0.013671875 0.0205078125
0 0.685546875 0.63916015625 0.0166015625 0.0224609375
0 0.38427734375 0.5341796875 0.0107421875 0.017578125
0 0.197265625 0.740234375 0.017578125 0.025390625
0 0.49951171875 0.75634765625 0.021484375 0.0283203125
0 0.24755859375 0.49462890625 0.01171875 0.0146484375
0 0.3408203125 0.4638671875 0.0107421875 0.0146484375
0 0.3115234375 0.9091796875 0.0302734375 0.037109375
0 0.443359375 0.5341796875 0.017578125 0.01953125
0 0.08984375 0.59619140625 0.0126953125 0.017578125
0 0.5107421875 0.56982421875 0.017578125 0.0224609375
0 0.42919921875 0.54345703125 0.0166015625 0.0185546875
0 0.46923828125 0.6015625 0.015625 0.0205078125
0 0.720703125 0.7373046875 0.029296875 0.03515625
0 0.62939453125 0.73291015625 0.025390625 0.0322265625
0 0.3388671875 0.755859375 0.01953125 0.025390625
0 0.28173828125 0.50146484375 0.0078125 0.01171875
0 0.3359375 0.716796875 0.021484375 0.0234375
0 0.71337890625 0.62939453125 0.0205078125 0.0302734375
0 0.2060546875 0.9033203125 0.0283203125 0.033203125
0 0.10205078125 0.8935546875 0.0263671875 0.03125
0 0.46142578125 0.5263671875 0.017578125 0.01953125
0 0.185546875 0.7099609375 0.013671875 0.0205078125
0 0.47021484375 0.49267578125 0.0166015625 0.01953125
0 0.091796875 0.83642578125 0.0224609375 0.017578125
0 0.08056640625 0.52734375 0.0107421875 0.013671875
0 0.44482421875 0.5048828125 0.0126953125 0.01171875
0 0.06689453125 0.9130859375 0.0205078125 0.03125
0 0.52685546875 0.4873046875 0.0146484375 0.0205078125
0 0.162109375 0.50537109375 0.013671875 0.015625
0 0.31494140625 0.66943359375 0.01953125 0.0234375
0 0.20361328125 0.662109375 0.0146484375 0.0205078125
0 0.52001953125 0.50830078125 0.0126953125 0.021484375
0 0.662109375 0.71630859375 0.025390625 0.0302734375
0 0.1552734375 0.9326171875 0.02734375 0.033203125
0 0.36572265625 0.73779296875 0.0205078125 0.0263671875
0 0.3125 0.85791015625 0.0283203125 0.033203125
0 0.39794921875 0.576171875 0.0166015625 0.0185546875
0 0.4833984375 0.57666015625 0.01953125 0.021484375
0 0.48876953125 0.64111328125 0.0166015625 0.021484375
0 0.6630859375 0.74560546875 0.0263671875 0.0302734375
0 0.73291015625 0.85498046875 0.0263671875 0.037109375
0 0.2353515625 0.54248046875 0.015625 0.0185546875
0 0.40771484375 0.47265625 0.01171875 0.015625
0 0.1689453125 0.79296875 0.0234375 0.0302734375
0 0.3974609375 0.48974609375 0.015625 0.0185546875
0 0.2001953125 0.95849609375 0.0302734375 0.037109375
0 0.60205078125 0.77783203125 0.0283203125 0.03125
0 0.56884765625 0.50244140625 0.0126953125 0.0166015625
0 0.0263671875 0.59912109375 0.0126953125 0.0185546875
0 0.14306640625 0.8408203125 0.021484375 0.029296875
0 0.35986328125 0.466796875 0.0146484375 0.017578125
0 0.66259765625 0.6689453125 0.0166015625 0.0263671875
0 0.62451171875 0.7099609375 0.013671875 0.0244140625
0 0.298828125 0.4921875 0.0146484375 0.0166015625
0 0.44921875 0.4775390625 0.013671875 0.015625
0 0.53369140625 0.5810546875 0.0185546875 0.0224609375
0 0.53759765625 0.88671875 0.0322265625 0.03515625
0 0.279296875 0.7392578125 0.01953125 0.0166015625
0 0.2373046875 0.669921875 0.0205078125 0.0234375
0 0.193359375 0.6591796875 0.0205078125 0.0224609375
0 0.6015625 0.55078125 0.017578125 0.0263671875
0 0.58203125 0.77197265625 0.0263671875 0.03125
0 0.46875 0.8916015625 0.0263671875 0.0302734375
0 0.48291015625 0.689453125 0.01953125 0.0244140625
0 0.1904296875 0.5869140625 0.0185546875 0.0185546875
0 0.4873046875 0.86328125 0.0380859375 0.037109375
0 0.736328125 0.5966796875 0.021484375 0.0322265625
0 0.17138671875 0.63427734375 0.0185546875 0.01953125
0 0.392578125 0.85546875 0.0205078125 0.02734375
0 0.4072265625 0.45751953125 0.013671875 0.0146484375
0 0.60498046875 0.7060546875 0.02734375 0.0283203125
0 0.73046875 0.5869140625 0.013671875 0.0205078125
0 0.05029296875 0.68115234375 0.017578125 0.021484375
0 0.46728515625 0.50390625 0.009765625 0.01171875
0 0.42919921875 0.4931640625 0.017578125 0.0185546875
0 0.48828125 0.52392578125 0.017578125 0.021484375
0 0.64501953125 0.841796875 0.0302734375 0.0361328125
0 0.271484375 0.72705078125 0.0205078125 0.0263671875
0 0.6640625 0.62353515625 0.0244140625 0.025390625
0 0.298828125 0.55810546875 0.017578125 0.0205078125
0 0.3955078125 0.51904296875 0.0205078125 0.021484375
0 0.736328125 0.8037109375 0.0263671875 0.0380859375
0 0.39892578125 0.48046875 0.013671875 0.017578125
0 0.1396484375 0.7822265625 0.0126953125 0.0146484375
0 0.20849609375 0.48828125 0.0146484375 0.0166015625
0 0.7216796875 0.66748046875 0.025390625 0.03125
0 0.77734375 0.6708984375 0.021484375 0.029296875
0 0.703125 0.55029296875 0.021484375 0.0263671875
0 0.65966796875 0.77197265625 0.0322265625 0.0361328125
0 0.052734375 0.9150390625 0.0146484375 0.0302734375
0 0.26708984375 0.505859375 0.009765625 0.0078125
0 0.5166015625 0.6708984375 0.021484375 0.015625
0 0.59765625 0.56103515625 0.0087890625 0.0146484375
0 0.48046875 0.853515625 0.01953125 0.01953125
0 0.4921875 0.84716796875 0.013671875 0.015625
0 0.08837890625 0.966796875 0.0283203125 0.037109375