0 0.72119140625 0.54736328125 0.0390625 0.09912109375
0 0.34423828125 0.1494140625 0.0380859375 0.1201171875
0 0.03564453125 0.0341796875 0.04541015625 0.068359375
0 0.0625 0.03173828125 0.103515625 0.06103515625
0 0.89013671875 0.103515625 0.05224609375 0.0537109375
0 0.6943359375 0.55224609375 0.0263671875 0.07666015625
0 0.4345703125 0.21875 0.04052734375 0.06689453125
0 0.2978515625 0.08447265625 0.02099609375 0.07421875
0 0.1572265625 0.6181640625 0.02783203125 0.0986328125
0 0.6220703125 0.50537109375 0.0283203125 0.06982421875
0 0.6416015625 0.521484375 0.06298828125 0.1005859375
0 0.849609375 0.0556640625 0.0185546875 0.0546875
0 0.0244140625 0.498046875 0.048828125 0.09912109375
0 0.703125 0.2548828125 0.05224609375 0.10595703125
0 0.81640625 0.44580078125 0.04638671875 0.07275390625
0 0.3056640625 0.1953125 0.0224609375 0.07177734375
0 0.78662109375 0.25927734375 0.0244140625 0.1005859375
0 0.822265625 0.1572265625 0.03564453125 0.04931640625
0 0.931640625 0.0400390625 0.05126953125 0.0673828125
0 0.9228515625 0.162109375 0.02880859375 0.068359375
0 0.4482421875 0.55224609375 0.04248046875 0.072265625
0 0.23486328125 0.59912109375 0.033203125 0.09130859375
0 0.484375 0.4384765625 0.02783203125 0.08203125
0 0.384765625 0.07373046875 0.0341796875 0.0673828125
0 0.009765625 0.44189453125 0.01904296875 0.06787109375
0 0.02734375 0.0166015625 0.029296875 0.033203125
0 0.0078125 0.22900390625 0.015625 0.0576171875
0 0.78662109375 0.22607421875 0.015625 0.02880859375
0 0.81201171875 0.14453125 0.01025390625 0.0224609375
0 0.70654296875 0.2421875 0.01220703125 0.02490234375
0 0.95458984375 0.01953125 0.03515625 0.0390625