0 0.431640625 0.07568359375 0.1298828125 0.12451171875
0 0.06103515625 0.40185546875 0.095703125 0.20361328125
0 0.30078125 0.79736328125 0.1220703125 0.12060546875
0 0.3330078125 0.64697265625 0.10498046875 0.1630859375
0 0.45703125 0.6787109375 0.0791015625 0.1669921875
0 0.05078125 0.60205078125 0.0927734375 0.13525390625
0 0.478515625 0.8505859375 0.10546875 0.1650390625
0 0.33203125 0.5107421875 0.1181640625 0.1650390625
0 0.44091796875 0.505859375 0.05322265625 0.18896484375
0 0.1796875 0.1142578125 0.06201171875 0.19384765625
0 0.39794921875 0.353515625 0.1171875 0.09765625
0 0.240234375 0.12158203125 0.0810546875 0.20703125
0 0.39404296875 0.29150390625 0.12646484375 0.08984375