0 0.90771484375 0.57666015625 0.08740234375 0.0830078125
0 0.81298828125 0.2099609375 0.0517578125 0.05810546875
0 0.93310546875 0.35302734375 0.03515625 0.03466796875
0 0.87890625 0.75537109375 0.052734375 0.0546875
0 0.828125 0.55517578125 0.05029296875 0.09912109375
0 0.84423828125 0.23974609375 0.04248046875 0.06201171875
0 0.54296875 0.27978515625 0.06787109375 0.06591796875
0 0.57958984375 0.3369140625 0.056640625 0.0673828125
0 0.98388671875 0.17822265625 0.03173828125 0.05517578125
0 0.75439453125 0.43115234375 0.04931640625 0.09033203125
0 0.703125 0.9697265625 0.09326171875 0.05712890625
0 0.90576171875 0.40234375 0.04638671875 0.07763671875
0 0.75634765625 0.34814453125 0.06591796875 0.068359375
0 0.96875 0.19482421875 0.02197265625 0.017578125