0 0.89501953125 0.802734375 0.015625 0.0224609375
0 0.9521484375 0.7470703125 0.009765625 0.0302734375
0 0.931640625 0.8076171875 0.01171875 0.029296875
0 0.92578125 0.81298828125 0.0126953125 0.0224609375
0 0.60986328125 0.08984375 0.01171875 0.0244140625
0 0.9052734375 0.26416015625 0.015625 0.015625
0 0.92724609375 0.255859375 0.0107421875 0.0224609375
0 0.74951171875 0.33544921875 0.013671875 0.01953125
0 0.80615234375 0.25537109375 0.0166015625 0.015625
0 0.6357421875 0.14501953125 0.009765625 0.025390625
0 0.97314453125 0.47900390625 0.015625 0.01171875
0 0.91650390625 0.2939453125 0.0126953125 0.015625
0 0.962890625 0.51025390625 0.015625 0.013671875
0 0.6103515625 0.03759765625 0.0107421875 0.025390625
0 0.8994140625 0.33544921875 0.01171875 0.01953125
0 0.861328125 0.68359375 0.013671875 0.025390625
0 0.7255859375 0.52783203125 0.009765625 0.017578125
0 0.87060546875 0.333984375 0.015625 0.0146484375
0 0.8134765625 0.7119140625 0.013671875 0.0234375
0 0.97607421875 0.861328125 0.013671875 0.0234375
0 0.66015625 0.25390625 0.01171875 0.021484375
0 0.6240234375 0.041015625 0.009765625 0.02734375
0 0.70849609375 0.52392578125 0.009765625 0.0166015625
0 0.8994140625 0.2109375 0.013671875 0.0234375
0 0.61376953125 0.10888671875 0.0126953125 0.021484375