0 0.716796875 0.7890625 0.0595703125 0.087890625
0 0.2578125 0.69921875 0.05859375 0.0751953125
0 0.458984375 0.69970703125 0.064453125 0.0810546875
0 0.38525390625 0.7314453125 0.072265625 0.0771484375
0 0.162109375 0.54296875 0.046875 0.060546875
0 0.86181640625 0.40185546875 0.060546875 0.0556640625
0 0.91015625 0.44580078125 0.0439453125 0.0654296875
0 0.53271484375 0.5107421875 0.0556640625 0.0576171875
0 0.41650390625 0.5576171875 0.0498046875 0.0673828125
0 0.771484375 0.41357421875 0.046875 0.056640625
0 0.68212890625 0.47802734375 0.060546875 0.0595703125
0 0.66845703125 0.35986328125 0.0439453125 0.046875
0 0.35107421875 0.58349609375 0.0322265625 0.0546875
0 0.7890625 0.546875 0.0703125 0.072265625
0 0.3701171875 0.35302734375 0.0380859375 0.044921875
0 0.39013671875 0.451171875 0.0361328125 0.0478515625
0 0.0419921875 0.42041015625 0.037109375 0.041015625
0 0.73681640625 0.6337890625 0.080078125 0.0791015625
0 0.513671875 0.89990234375 0.0556640625 0.0830078125
0 0.69677734375 0.6142578125 0.0654296875 0.06640625
0 0.81103515625 0.37255859375 0.03125 0.0556640625
0 0.5712890625 0.8779296875 0.0849609375 0.0947265625
0 0.31982421875 0.37060546875 0.021484375 0.0400390625
0 0.123046875 0.47119140625 0.0263671875 0.0458984375
0 0.44140625 0.2783203125 0.0283203125 0.0361328125
0 0.3203125 0.9599609375 0.080078125 0.080078125
0 0.89306640625 0.6181640625 0.076171875 0.078125
0 0.93701171875 0.38330078125 0.0458984375 0.0556640625
0 0.4814453125 0.26318359375 0.033203125 0.0380859375
0 0.85302734375 0.55224609375 0.0791015625 0.068359375
0 0.0146484375 0.48583984375 0.029296875 0.0458984375
0 0.4755859375 0.58056640625 0.060546875 0.0732421875
0 0.650390625 0.33056640625 0.03515625 0.0361328125
0 0.3974609375 0.65380859375 0.0595703125 0.0380859375
0 0.08203125 0.28125 0.029296875 0.033203125
0 0.41015625 0.2314453125 0.0283203125 0.033203125
0 0.70458984375 0.24560546875 0.0322265625 0.041015625
0 0.1005859375 0.560546875 0.0302734375 0.04296875
0 0.4697265625 0.48779296875 0.0458984375 0.0439453125
0 0.21044921875 0.27197265625 0.025390625 0.029296875
0 0.65673828125 0.9072265625 0.05859375 0.0849609375
0 0.369140625 0.29931640625 0.0361328125 0.0380859375
0 0.14111328125 0.58544921875 0.0322265625 0.0546875
0 0.185546875 0.27001953125 0.02734375 0.0322265625
0 0.1845703125 0.2451171875 0.0224609375 0.02734375
0 0.48291015625 0.50830078125 0.0439453125 0.044921875
0 0.22021484375 0.15966796875 0.015625 0.0224609375
0 0.62744140625 0.875 0.0556640625 0.0888671875
0 0.8349609375 0.30517578125 0.052734375 0.0478515625
0 0.18505859375 0.15087890625 0.0146484375 0.0244140625
0 0.1298828125 0.16943359375 0.0146484375 0.0244140625
0 0.12255859375 0.21728515625 0.0244140625 0.0263671875
0 0.72607421875 0.50390625 0.044921875 0.0576171875
0 0.47705078125 0.54296875 0.0537109375 0.0458984375
0 0.35595703125 0.21044921875 0.029296875 0.03125
0 0.25 0.30859375 0.017578125 0.029296875
0 0.3876953125 0.07958984375 0.0185546875 0.021484375
0 0.708984375 0.328125 0.0419921875 0.0419921875
0 0.25048828125 0.17138671875 0.0146484375 0.0224609375
0 0.01611328125 0.361328125 0.0322265625 0.0390625
0 0.048828125 0.24072265625 0.0146484375 0.0244140625
0 0.03515625 0.349609375 0.0263671875 0.0380859375
0 0.7763671875 0.2763671875 0.0185546875 0.046875
0 0.111328125 0.16064453125 0.0185546875 0.0205078125
0 0.27783203125 0.90478515625 0.08203125 0.0947265625
0 0.3544921875 0.1572265625 0.0224609375 0.0263671875
0 0.01171875 0.32080078125 0.0224609375 0.0263671875
0 0.06005859375 0.2255859375 0.01953125 0.0244140625
0 0.18603515625 0.19287109375 0.025390625 0.0263671875
0 0.37158203125 0.19580078125 0.015625 0.017578125
0 0.39013671875 0.20361328125 0.0234375 0.029296875
0 0.283203125 0.19580078125 0.0234375 0.01953125
0 0.08544921875 0.21923828125 0.0205078125 0.0244140625
0 0.31396484375 0.22509765625 0.0224609375 0.017578125
0 0.25537109375 0.205078125 0.0185546875 0.0166015625
0 0.009765625 0.33935546875 0.01953125 0.0341796875
0 0.3798828125 0.18310546875 0.0283203125 0.0263671875
0 0.19970703125 0.20263671875 0.0166015625 0.0244140625
0 0.3291015625 0.08935546875 0.015625 0.01953125
0 0.08935546875 0.24267578125 0.0263671875 0.0322265625
0 0.07275390625 0.2548828125 0.025390625 0.0283203125
0 0.158203125 0.18798828125 0.0224609375 0.025390625
0 0.14697265625 0.16748046875 0.0185546875 0.01953125
0 0.05810546875 0.2509765625 0.0146484375 0.0302734375
0 0.2900390625 0.2119140625 0.0166015625 0.0322265625
0 0.37060546875 0.083984375 0.015625 0.01953125