0 0.271484375 0.5654296875 0.02734375 0.0361328125
0 0.1826171875 0.54833984375 0.033203125 0.0322265625
0 0.75244140625 0.49267578125 0.025390625 0.0478515625
0 0.8916015625 0.17529296875 0.0234375 0.0634765625
0 0.72998046875 0.47021484375 0.02734375 0.0283203125
0 0.2177734375 0.5654296875 0.0283203125 0.0390625
0 0.60791015625 0.5849609375 0.0341796875 0.0283203125
0 0.73291015625 0.5302734375 0.025390625 0.048828125
0 0.05712890625 0.94677734375 0.0205078125 0.0419921875
0 0.80224609375 0.2783203125 0.01953125 0.052734375
0 0.84765625 0.1552734375 0.03125 0.052734375
0 0.28271484375 0.82177734375 0.015625 0.05078125
0 0.59375 0.6318359375 0.02734375 0.048828125
0 0.89013671875 0.10302734375 0.01953125 0.0498046875
0 0.47900390625 0.6123046875 0.0166015625 0.0576171875