0 0.6220703125 0.43212890625 0.02734375 0.033203125
0 0.37109375 0.06884765625 0.0205078125 0.0322265625
0 0.3916015625 0.01416015625 0.0263671875 0.025390625
0 0.73193359375 0.05810546875 0.0146484375 0.03125
0 0.990234375 0.1513671875 0.0185546875 0.0302734375
0 0.9248046875 0.0537109375 0.017578125 0.03515625
0 0.68798828125 0.02099609375 0.0146484375 0.03515625
0 0.91064453125 0.10986328125 0.01953125 0.0361328125
0 0.89013671875 0.08837890625 0.0185546875 0.0283203125
0 0.9580078125 0.05615234375 0.0166015625 0.0341796875
0 0.84130859375 0.400390625 0.0146484375 0.0439453125
0 0.8115234375 0.25634765625 0.0146484375 0.041015625
0 0.9970703125 0.0439453125 0.005859375 0.037109375
0 0.88916015625 0.283203125 0.0107421875 0.0439453125
0 0.470703125 0.00927734375 0.0205078125 0.0185546875
0 0.83984375 0.08984375 0.013671875 0.0302734375
0 0.708984375 0.04736328125 0.01171875 0.0390625
0 0.90576171875 0.16796875 0.01953125 0.0439453125
0 0.81689453125 0.298828125 0.0126953125 0.0439453125
0 0.8076171875 0.0380859375 0.0146484375 0.0322265625
0 0.9853515625 0.109375 0.0166015625 0.03515625
0 0.978515625 0.07666015625 0.013671875 0.029296875
0 0.85498046875 0.1259765625 0.013671875 0.037109375
0 0.7705078125 0.02099609375 0.009765625 0.0302734375
0 0.9970703125 0.17333984375 0.005859375 0.0537109375
0 0.81689453125 0.18798828125 0.01171875 0.0390625
0 0.8671875 0.17529296875 0.0146484375 0.0380859375
0 0.822265625 0.0419921875 0.0185546875 0.033203125
0 0.865234375 0.01708984375 0.013671875 0.021484375
0 0.9765625 0.201171875 0.0126953125 0.048828125
0 0.9638671875 0.0703125 0.0107421875 0.03125
0 0.8642578125 0.29150390625 0.0107421875 0.0419921875
0 0.853515625 0.24462890625 0.01171875 0.041015625
0 0.84130859375 0.16796875 0.0107421875 0.03515625
0 0.84814453125 0.20361328125 0.0107421875 0.0380859375
0 0.8310546875 0.01806640625 0.009765625 0.0234375
0 0.97607421875 0.10009765625 0.0146484375 0.0341796875
0 0.98388671875 0.14306640625 0.0185546875 0.0322265625