0 0.57861328125 0.43896484375 0.05859375 0.107421875
0 0.5029296875 0.62939453125 0.0634765625 0.12109375
0 0.66748046875 0.77734375 0.0576171875 0.0947265625
0 0.79345703125 0.41015625 0.0390625 0.078125
0 0.70947265625 0.05615234375 0.0390625 0.0419921875
0 0.69873046875 0.1689453125 0.0556640625 0.1005859375
0 0.9736328125 0.1240234375 0.029296875 0.0439453125
0 0.73291015625 0.841796875 0.05078125 0.0615234375
0 0.671875 0.3974609375 0.05859375 0.068359375
0 0.89599609375 0.890625 0.0537109375 0.0751953125
0 0.9072265625 0.83642578125 0.048828125 0.0595703125