0 0.29443359375 0.4091796875 0.1025390625 0.0986328125
0 0.1552734375 0.18115234375 0.0791015625 0.1064453125
0 0.51171875 0.3154296875 0.0556640625 0.1171875
0 0.35107421875 0.05224609375 0.0517578125 0.0439453125
0 0.0751953125 0.15869140625 0.037109375 0.0556640625
0 0.16259765625 0.08935546875 0.083984375 0.091796875
0 0.388671875 0.1806640625 0.0732421875 0.0771484375
0 0.41796875 0.1455078125 0.083984375 0.087890625
0 0.4111328125 0.34765625 0.1064453125 0.109375
0 0.17919921875 0.2939453125 0.068359375 0.1064453125
0 0.486328125 0.244140625 0.072265625 0.0830078125
0 0.72998046875 0.69580078125 0.1416015625 0.1455078125