0 0.669921875 0.50244140625 0.02783203125 0.0634765625
0 0.68505859375 0.490234375 0.03759765625 0.056640625
0 0.64892578125 0.49755859375 0.02001953125 0.0595703125
0 0.6728515625 0.6484375 0.02978515625 0.0625
0 0.1259765625 0.5576171875 0.04736328125 0.04833984375
0 0.24755859375 0.53076171875 0.044921875 0.0400390625
0 0.55322265625 0.3125 0.0302734375 0.04345703125
0 0.58154296875 0.318359375 0.037109375 0.03759765625
0 0.0244140625 0.58447265625 0.03515625 0.05078125
0 0.04296875 0.556640625 0.03271484375 0.04736328125
0 0.73388671875 0.52001953125 0.0224609375 0.0556640625
0 0.87255859375 0.513671875 0.03369140625 0.04345703125
0 0.8583984375 0.67822265625 0.0498046875 0.06201171875
0 0.6162109375 0.6552734375 0.0439453125 0.06982421875
0 0.693359375 0.30859375 0.0341796875 0.0390625
0 0.68603515625 0.63037109375 0.037109375 0.0625
0 0.92822265625 0.22509765625 0.025390625 0.03857421875
0 0.84619140625 0.19775390625 0.02001953125 0.03564453125
0 0.810546875 0.1845703125 0.02490234375 0.033203125
0 0.60791015625 0.626953125 0.041015625 0.05517578125
0 0.72216796875 0.458984375 0.04638671875 0.04541015625
0 0.48583984375 0.48486328125 0.04833984375 0.05029296875
0 0.83154296875 0.3603515625 0.03515625 0.03955078125
0 0.88818359375 0.18359375 0.01611328125 0.0341796875
0 0.68115234375 0.853515625 0.0576171875 0.072265625
0 0.44677734375 0.21142578125 0.037109375 0.03759765625
0 0.8310546875 0.4228515625 0.0361328125 0.0439453125
0 0.08349609375 0.56787109375 0.041015625 0.05517578125
0 0.638671875 0.36181640625 0.0322265625 0.04833984375
0 0.98388671875 0.72021484375 0.0322265625 0.06005859375
0 0.48486328125 0.2333984375 0.02294921875 0.03515625
0 0.43994140625 0.4140625 0.0341796875 0.03857421875
0 0.04638671875 0.66748046875 0.060546875 0.052734375
0 0.84423828125 0.1630859375 0.03125 0.03564453125
0 0.84765625 0.84912109375 0.056640625 0.06201171875
0 0.58203125 0.70556640625 0.03955078125 0.0673828125
0 0.72509765625 0.69140625 0.05224609375 0.0673828125
0 0.84814453125 0.46728515625 0.02734375 0.03125
0 0.63232421875 0.1943359375 0.029296875 0.03564453125
0 0.48388671875 0.6669921875 0.0537109375 0.0615234375
0 0.7626953125 0.28564453125 0.02294921875 0.04248046875
0 0.9619140625 0.150390625 0.0283203125 0.033203125
0 0.5361328125 0.271484375 0.0205078125 0.04638671875
0 0.93212890625 0.505859375 0.04052734375 0.05029296875
0 0.611328125 0.18359375 0.0244140625 0.033203125
0 0.876953125 0.380859375 0.0205078125 0.05078125
0 0.1728515625 0.7236328125 0.033203125 0.07177734375
0 0.779296875 0.90087890625 0.0322265625 0.08203125
0 0.615234375 0.8623046875 0.0458984375 0.08447265625
0 0.94921875 0.70947265625 0.04052734375 0.0361328125
0 0.87939453125 0.318359375 0.02783203125 0.02490234375
0 0.9404296875 0.263671875 0.0283203125 0.0419921875
0 0.88671875 0.55078125 0.0322265625 0.05126953125
0 0.20263671875 0.94775390625 0.0615234375 0.0625
0 0.634765625 0.4345703125 0.0380859375 0.04296875
0 0.60791015625 0.26904296875 0.03466796875 0.0380859375
0 0.89501953125 0.9267578125 0.04248046875 0.068359375
0 0.99072265625 0.46142578125 0.01806640625 0.04541015625
0 0.7724609375 0.79833984375 0.02392578125 0.09033203125
0 0.900390625 0.1591796875 0.013671875 0.03271484375
0 0.9033203125 0.43310546875 0.02880859375 0.0380859375
0 0.90185546875 0.578125 0.0302734375 0.02734375
0 0.5517578125 0.24169921875 0.03662109375 0.03662109375
0 0.78662109375 0.17529296875 0.029296875 0.0361328125
0 0.80029296875 0.47119140625 0.0458984375 0.05419921875
0 0.3017578125 0.5791015625 0.052734375 0.05908203125
0 0.9873046875 0.56201171875 0.025390625 0.0263671875
0 0.986328125 0.33447265625 0.02685546875 0.04345703125
0 0.53955078125 0.36865234375 0.01611328125 0.01806640625
0 0.73095703125 0.376953125 0.033203125 0.0322265625
0 0.796875 0.16650390625 0.0146484375 0.02880859375
0 0.87939453125 0.654296875 0.0537109375 0.06884765625
0 0.650390625 0.248046875 0.01513671875 0.01953125
0 0.0712890625 0.99267578125 0.02392578125 0.01416015625
0 0.6484375 0.474609375 0.01611328125 0.015625