0 0.2001953125 0.05517578125 0.0087890625 0.02734375
0 0.67919921875 0.0146484375 0.015625 0.0283203125
0 0.73046875 0.1923828125 0.0146484375 0.0263671875
0 0.365234375 0.09814453125 0.009765625 0.0283203125
0 0.66015625 0.4638671875 0.017578125 0.0322265625
0 0.2080078125 0.1240234375 0.01171875 0.0341796875
0 0.1240234375 0.0341796875 0.0087890625 0.025390625
0 0.41015625 0.51611328125 0.0166015625 0.03515625
0 0.75634765625 0.23779296875 0.013671875 0.03125
0 0.15087890625 0.453125 0.013671875 0.0390625
0 0.611328125 0.14501953125 0.013671875 0.0263671875
0 0.13427734375 0.388671875 0.015625 0.03515625
0 0.302734375 0.189453125 0.009765625 0.029296875
0 0.36474609375 0.201171875 0.015625 0.0380859375
0 0.09765625 0.07080078125 0.0078125 0.029296875
0 0.583984375 0.58056640625 0.021484375 0.0234375
0 0.0361328125 0.14892578125 0.0146484375 0.0380859375
0 0.71142578125 0.02978515625 0.0126953125 0.03515625
0 0.3759765625 0.40625 0.013671875 0.033203125
0 0.10498046875 0.4853515625 0.0166015625 0.03515625
0 0.78173828125 0.39111328125 0.015625 0.03515625
0 0.271484375 0.51123046875 0.013671875 0.0380859375
0 0.392578125 0.02734375 0.01171875 0.0283203125
0 0.55712890625 0.4736328125 0.017578125 0.03125
0 0.5498046875 0.0849609375 0.0126953125 0.03515625
0 0.11328125 0.34228515625 0.0146484375 0.037109375
0 0.09619140625 0.38037109375 0.0146484375 0.0322265625
0 0.01806640625 0.48388671875 0.0166015625 0.048828125
0 0.50634765625 0.1572265625 0.0185546875 0.033203125
0 0.521484375 0.32421875 0.0185546875 0.029296875
0 0.44091796875 0.49267578125 0.0126953125 0.0380859375
0 0.17041015625 0.3974609375 0.015625 0.037109375
0 0.04541015625 0.46875 0.0166015625 0.044921875
0 0.572265625 0.2939453125 0.015625 0.033203125
0 0.4375 0.3486328125 0.0166015625 0.0283203125
0 0.16064453125 0.1650390625 0.009765625 0.0263671875
0 0.091796875 0.47900390625 0.0166015625 0.033203125
0 0.33837890625 0.5283203125 0.0146484375 0.0341796875
0 0.244140625 0.47705078125 0.017578125 0.041015625
0 0.08935546875 0.330078125 0.01171875 0.0283203125
0 0.1767578125 0.2861328125 0.0205078125 0.03515625
0 0.416015625 0.47998046875 0.013671875 0.0361328125
0 0.08154296875 0.12744140625 0.015625 0.033203125
0 0.1943359375 0.45166015625 0.015625 0.0380859375
0 0.154296875 0.3359375 0.0107421875 0.037109375
0 0.63232421875 0.49853515625 0.013671875 0.0302734375
0 0.05224609375 0.140625 0.0087890625 0.0361328125
0 0.2373046875 0.35791015625 0.015625 0.0341796875
0 0.2705078125 0.326171875 0.021484375 0.03515625
0 0.1123046875 0.58642578125 0.015625 0.037109375
0 0.52392578125 0.13671875 0.0166015625 0.03515625
0 0.51123046875 0.47412109375 0.0185546875 0.033203125
0 0.1953125 0.15966796875 0.0107421875 0.037109375
0 0.1123046875 0.06298828125 0.009765625 0.033203125
0 0.18603515625 0.0615234375 0.0107421875 0.03515625
0 0.24169921875 0.125 0.0126953125 0.0361328125
0 0.376953125 0.591796875 0.017578125 0.0419921875
0 0.37841796875 0.23828125 0.0146484375 0.033203125
0 0.298828125 0.482421875 0.017578125 0.0419921875
0 0.224609375 0.52685546875 0.015625 0.029296875
0 0.42578125 0.2861328125 0.013671875 0.037109375
0 0.51025390625 0.40771484375 0.0185546875 0.0390625
0 0.1435546875 0.28564453125 0.015625 0.0400390625
0 0.0732421875 0.27001953125 0.017578125 0.0380859375
0 0.16162109375 0.07861328125 0.01171875 0.0322265625
0 0.04345703125 0.11572265625 0.0166015625 0.0400390625
0 0.58935546875 0.474609375 0.0107421875 0.03125
0 0.2236328125 0.12060546875 0.017578125 0.0439453125
0 0.1943359375 0.27685546875 0.021484375 0.0341796875
0 0.44775390625 0.16357421875 0.0185546875 0.0380859375
0 0.4873046875 0.49951171875 0.009765625 0.0263671875
0 0.30615234375 0.07666015625 0.0166015625 0.0341796875
0 0.07861328125 0.09130859375 0.013671875 0.0341796875
0 0.00341796875 0.18408203125 0.0068359375 0.0302734375
0 0.4189453125 0.595703125 0.0166015625 0.017578125
0 0.22216796875 0.4736328125 0.0166015625 0.0380859375
0 0.62255859375 0.521484375 0.0185546875 0.03125
0 0.2470703125 0.24658203125 0.01953125 0.0419921875
0 0.00439453125 0.2998046875 0.0087890625 0.037109375
0 0.3154296875 0.20849609375 0.0205078125 0.029296875
0 0.1455078125 0.2333984375 0.017578125 0.0380859375
0 0.1083984375 0.232421875 0.0244140625 0.029296875
0 0.35595703125 0.1318359375 0.015625 0.03515625
0 0.0224609375 0.60791015625 0.015625 0.0439453125
0 0.13037109375 0.0556640625 0.0205078125 0.03515625
0 0.3759765625 0.54736328125 0.025390625 0.0341796875
0 0.06787109375 0.4111328125 0.017578125 0.037109375
0 0.28515625 0.392578125 0.0234375 0.0283203125
0 0.16455078125 0.5859375 0.013671875 0.0263671875
0 0.0927734375 0.0341796875 0.0087890625 0.0283203125
0 0.2197265625 0.0751953125 0.0126953125 0.0283203125
0 0.35205078125 0.1708984375 0.017578125 0.0361328125
0 0.15966796875 0.03369140625 0.0087890625 0.025390625
0 0.21044921875 0.0234375 0.017578125 0.037109375
0 0.2314453125 0.0166015625 0.0166015625 0.0244140625
0 0.2490234375 0.4404296875 0.0234375 0.033203125
0 0.01171875 0.28466796875 0.0234375 0.0322265625
0 0.12060546875 0.55322265625 0.0224609375 0.0361328125