0 0.5966796875 0.55322265625 0.09130859375 0.1103515625
0 0.1259765625 0.5224609375 0.046875 0.09326171875
0 0.5107421875 0.54638671875 0.0615234375 0.0751953125
0 0.40185546875 0.70849609375 0.07470703125 0.08203125
0 0.05712890625 0.53125 0.06103515625 0.07568359375
0 0.34423828125 0.310546875 0.0537109375 0.05859375
0 0.75341796875 0.73583984375 0.0986328125 0.09130859375
0 0.38525390625 0.58837890625 0.07666015625 0.08544921875
0 0.447265625 0.37548828125 0.04248046875 0.06884765625
0 0.1318359375 0.0498046875 0.03076171875 0.0341796875
0 0.25439453125 0.3271484375 0.0419921875 0.05615234375
0 0.857421875 0.47021484375 0.06982421875 0.06982421875
0 0.94677734375 0.8232421875 0.09912109375 0.1181640625
0 0.0888671875 0.29052734375 0.044921875 0.05078125
0 0.068359375 0.47119140625 0.03564453125 0.05615234375
0 0.48974609375 0.5029296875 0.05712890625 0.04248046875
0 0.21044921875 0.7470703125 0.05859375 0.0771484375
0 0.8271484375 0.5166015625 0.0703125 0.06689453125
0 0.18310546875 0.18505859375 0.02783203125 0.04248046875
0 0.6767578125 0.30859375 0.06884765625 0.06591796875
0 0.8876953125 0.322265625 0.044921875 0.05712890625
0 0.423828125 0.4345703125 0.0380859375 0.03173828125
0 0.93505859375 0.525390625 0.06494140625 0.03515625
0 0.46337890625 0.22802734375 0.029296875 0.01953125
0 0.10595703125 0.15087890625 0.02880859375 0.03759765625
0 0.552734375 0.1484375 0.0361328125 0.03955078125
0 0.55859375 0.2705078125 0.0380859375 0.0517578125
0 0.81396484375 0.0986328125 0.02880859375 0.05029296875
0 0.96484375 0.30419921875 0.05615234375 0.05078125
0 0.61376953125 0.45166015625 0.037109375 0.0478515625
0 0.06201171875 0.1025390625 0.03173828125 0.04052734375
0 0.27783203125 0.27880859375 0.041015625 0.064453125
0 0.20703125 0.27392578125 0.04052734375 0.05419921875
0 0.4091796875 0.19140625 0.037109375 0.044921875
0 0.81787109375 0.181640625 0.04052734375 0.03759765625
0 0.2353515625 0.28466796875 0.03369140625 0.056640625
0 0.3447265625 0.58740234375 0.0595703125 0.05322265625
0 0.193359375 0.01318359375 0.02587890625 0.0263671875
0 0.3515625 0.1962890625 0.033203125 0.04296875
0 0.7197265625 0.20751953125 0.04443359375 0.04443359375
0 0.314453125 0.14892578125 0.0205078125 0.029296875
0 0.21337890625 0.16064453125 0.0322265625 0.0380859375
0 0.1494140625 0.181640625 0.03857421875 0.0439453125
0 0.25732421875 0.14013671875 0.033203125 0.0361328125
0 0.6611328125 0.20703125 0.04296875 0.0439453125
0 0.83544921875 0.716796875 0.083984375 0.08740234375
0 0.9814453125 0.451171875 0.03662109375 0.076171875
0 0.9375 0.15283203125 0.03466796875 0.03857421875
0 0.06396484375 0.068359375 0.0205078125 0.03173828125
0 0.54833984375 0.2060546875 0.033203125 0.0224609375
0 0.76025390625 0.1044921875 0.0302734375 0.04052734375
0 0.81640625 0.10009765625 0.03125 0.03662109375
0 0.40185546875 0.23828125 0.02978515625 0.02001953125
0 0.13623046875 0.11376953125 0.0263671875 0.0244140625
0 0.7177734375 0.07666015625 0.03515625 0.03076171875
0 0.22509765625 0.07421875 0.0263671875 0.021484375
0 0.814453125 0.060546875 0.02685546875 0.02783203125
0 0.82177734375 0.39013671875 0.06005859375 0.05615234375
0 0.59765625 0.1103515625 0.03759765625 0.03662109375
0 0.37939453125 0.10205078125 0.033203125 0.0419921875
0 0.34375 0.16455078125 0.03466796875 0.0419921875
0 0.22705078125 0.10009765625 0.0302734375 0.03564453125
0 0.5126953125 0.05712890625 0.02685546875 0.03173828125
0 0.38330078125 0.2197265625 0.03466796875 0.04638671875
0 0.6220703125 0.20458984375 0.0283203125 0.03515625
0 0.3505859375 0.08056640625 0.0146484375 0.03173828125
0 0.396484375 0.0615234375 0.0126953125 0.03759765625
0 0.2578125 0.0341796875 0.015625 0.03125
0 0.47119140625 0.13427734375 0.03515625 0.04150390625
0 0.44287109375 0.1640625 0.02587890625 0.04052734375
0 0.62158203125 0.09521484375 0.03271484375 0.03369140625
0 0.57666015625 0.0458984375 0.02490234375 0.0380859375
0 0.5 0.142578125 0.0322265625 0.0205078125
0 0.28125 0.1650390625 0.02587890625 0.0263671875
0 0.6708984375 0.05908203125 0.025390625 0.01708984375
0 0.70947265625 0.16552734375 0.029296875 0.04443359375
0 0.7509765625 0.150390625 0.03369140625 0.041015625
0 0.34814453125 0.0498046875 0.0224609375 0.029296875
0 0.927734375 0.12744140625 0.029296875 0.02294921875
0 0.287109375 0.02587890625 0.017578125 0.0341796875
0 0.37255859375 0.03271484375 0.0302734375 0.0341796875
0 0.64013671875 0.1806640625 0.0390625 0.03076171875
0 0.54248046875 0.06787109375 0.02001953125 0.03759765625
0 0.6298828125 0.01416015625 0.02734375 0.0283203125
0 0.00732421875 0.17626953125 0.01416015625 0.04541015625
0 0.63330078125 0.0556640625 0.0263671875 0.017578125
0 0.27099609375 0.02880859375 0.02001953125 0.03076171875
0 0.47998046875 0.10546875 0.02880859375 0.03076171875
0 0.32568359375 0.02392578125 0.02587890625 0.0302734375
0 0.5693359375 0.09423828125 0.015625 0.02001953125
0 0.65478515625 0.01904296875 0.01611328125 0.025390625
0 0.60546875 0.0732421875 0.02783203125 0.017578125
0 0.58251953125 0.02392578125 0.03466796875 0.0322265625
0 0.46533203125 0.01806640625 0.0244140625 0.02490234375
0 0.681640625 0.193359375 0.0263671875 0.02685546875
0 0.4970703125 0.09765625 0.03369140625 0.03662109375
0 0.26513671875 0.111328125 0.0146484375 0.03369140625
0 0.35791015625 0.1083984375 0.021484375 0.0166015625
0 0.73779296875 0.1376953125 0.0390625 0.0390625
0 0.49755859375 0.01171875 0.0263671875 0.0234375
0 0.91845703125 0.146484375 0.02099609375 0.041015625
0 0.46337890625 0.0458984375 0.02978515625 0.03466796875
0 0.34765625 0.0166015625 0.03125 0.02783203125
0 0.5859375 0.23193359375 0.02880859375 0.05419921875
0 0.37158203125 0.09033203125 0.01806640625 0.01953125
0 0.2158203125 0.0986328125 0.01025390625 0.03271484375
0 0.48291015625 0.0400390625 0.01708984375 0.01953125
0 0.4755859375 0.0107421875 0.021484375 0.021484375
0 0.5498046875 0.9912109375 0.05029296875 0.01708984375
0 0.2041015625 0.1845703125 0.02587890625 0.0390625
0 0.1640625 0.005859375 0.0205078125 0.01123046875
0 0.14453125 0.185546875 0.0302734375 0.0634765625
0 0.81494140625 0.05419921875 0.0322265625 0.052734375