0 0.494140625 0.75244140625 0.02001953125 0.02099609375
0 0.09716796875 0.72705078125 0.015625 0.03076171875
0 0.6328125 0.8896484375 0.02587890625 0.044921875
0 0.42724609375 0.92529296875 0.01025390625 0.02880859375
0 0.3203125 0.8408203125 0.01318359375 0.02734375
0 0.41455078125 0.9599609375 0.01123046875 0.0283203125
0 0.21826171875 0.900390625 0.0068359375 0.02783203125
0 0.34716796875 0.900390625 0.00927734375 0.0322265625
0 0.1328125 0.96875 0.00927734375 0.03076171875
0 0.390625 0.85546875 0.013671875 0.0263671875
0 0.04541015625 0.86474609375 0.0087890625 0.02294921875
0 0.25341796875 0.8994140625 0.01416015625 0.0283203125
0 0.1923828125 0.9052734375 0.017578125 0.025390625
0 0.3662109375 0.8466796875 0.0107421875 0.02734375
0 0.212890625 0.98681640625 0.01025390625 0.02587890625
0 0.01611328125 0.8759765625 0.01025390625 0.03271484375
0 0.11767578125 0.861328125 0.01220703125 0.0205078125
0 0.40966796875 0.82275390625 0.01416015625 0.029296875
0 0.71630859375 0.947265625 0.01318359375 0.02880859375
0 0.24365234375 0.84375 0.01220703125 0.02685546875
0 0.24755859375 0.9462890625 0.0126953125 0.02880859375
0 0.14111328125 0.8876953125 0.01953125 0.01953125
0 0.306640625 0.77783203125 0.017578125 0.01708984375
0 0.14306640625 0.87353515625 0.01806640625 0.025390625
0 0.0400390625 0.90380859375 0.01220703125 0.0302734375
0 0.140625 0.9853515625 0.01953125 0.02783203125
0 0.23681640625 0.974609375 0.01611328125 0.02978515625
0 0.75146484375 0.96630859375 0.0107421875 0.03515625
0 0.22412109375 0.94091796875 0.01171875 0.02978515625
0 0.1708984375 0.966796875 0.00732421875 0.02880859375
0 0.1806640625 0.912109375 0.0078125 0.029296875
0 0.7197265625 0.84619140625 0.017578125 0.03662109375
0 0.19873046875 0.98974609375 0.0078125 0.01953125
0 0.12060546875 0.98974609375 0.00830078125 0.02001953125
0 0.12548828125 0.884765625 0.01220703125 0.02783203125
0 0.1044921875 0.99365234375 0.0078125 0.0126953125
0 0.1005859375 0.966796875 0.00830078125 0.03076171875
0 0.302734375 0.7626953125 0.01318359375 0.0234375