0 0.4892578125 0.36865234375 0.0302734375 0.029296875
0 0.9794921875 0.36328125 0.0283203125 0.03125
0 0.73388671875 0.8486328125 0.02880859375 0.0263671875
0 0.75341796875 0.1708984375 0.02978515625 0.02197265625
0 0.5693359375 0.4697265625 0.0380859375 0.02587890625
0 0.9287109375 0.25927734375 0.03173828125 0.029296875
0 0.7490234375 0.32373046875 0.0263671875 0.0458984375
0 0.654296875 0.12109375 0.0244140625 0.04150390625
0 0.5751953125 0.1123046875 0.02978515625 0.033203125
0 0.9169921875 0.06103515625 0.02783203125 0.02490234375
0 0.8876953125 0.5009765625 0.03076171875 0.02783203125
0 0.57470703125 0.90869140625 0.02978515625 0.0400390625
0 0.4541015625 0.27587890625 0.02392578125 0.05029296875
0 0.599609375 0.18896484375 0.02880859375 0.02783203125
0 0.58984375 0.29345703125 0.02783203125 0.0439453125
0 0.9111328125 0.20703125 0.029296875 0.03125
0 0.60888671875 0.3525390625 0.0361328125 0.0302734375
0 0.98486328125 0.91943359375 0.0302734375 0.0322265625
0 0.4951171875 0.88232421875 0.03662109375 0.0283203125
0 0.79736328125 0.06201171875 0.01220703125 0.05224609375