0 0.119140625 0.12109375 0.02001953125 0.02587890625
0 0.53369140625 0.22119140625 0.017578125 0.01708984375
0 0.4296875 0.2958984375 0.0205078125 0.02587890625
0 0.42578125 0.1728515625 0.01904296875 0.0263671875
0 0.3115234375 0.3154296875 0.01708984375 0.0244140625
0 0.21435546875 0.263671875 0.017578125 0.0205078125
0 0.53125 0.30712890625 0.01953125 0.03662109375
0 0.2939453125 0.2822265625 0.01708984375 0.02001953125
0 0.3369140625 0.40087890625 0.01416015625 0.01806640625
0 0.50927734375 0.212890625 0.01904296875 0.02001953125
0 0.466796875 0.1005859375 0.02294921875 0.025390625
0 0.1630859375 0.29248046875 0.0234375 0.0244140625
0 0.11328125 0.095703125 0.017578125 0.021484375
0 0.3359375 0.1611328125 0.02099609375 0.029296875
0 0.3056640625 0.251953125 0.015625 0.02001953125
0 0.44287109375 0.02783203125 0.01220703125 0.021484375
0 0.275390625 0.361328125 0.01708984375 0.0185546875
0 0.2353515625 0.32177734375 0.01513671875 0.02490234375
0 0.57275390625 0.13720703125 0.013671875 0.0224609375
0 0.275390625 0.18798828125 0.017578125 0.0263671875
0 0.099609375 0.44482421875 0.0205078125 0.02392578125
0 0.470703125 0.32470703125 0.0185546875 0.0244140625
0 0.4755859375 0.48486328125 0.02490234375 0.0322265625
0 0.03173828125 0.033203125 0.017578125 0.02001953125
0 0.10888671875 0.22119140625 0.01513671875 0.025390625
0 0.4482421875 0.05078125 0.02001953125 0.017578125
0 0.11376953125 0.27099609375 0.02001953125 0.0302734375
0 0.24609375 0.3720703125 0.0205078125 0.017578125
0 0.443359375 0.22509765625 0.015625 0.0244140625
0 0.443359375 0.20458984375 0.02197265625 0.02734375
0 0.712890625 0.61083984375 0.01806640625 0.03857421875
0 0.375 0.26806640625 0.0185546875 0.025390625
0 0.3935546875 0.34765625 0.01904296875 0.02197265625
0 0.3984375 0.46728515625 0.0224609375 0.02783203125
0 0.25732421875 0.3896484375 0.0224609375 0.0322265625
0 0.294921875 0.35888671875 0.017578125 0.0322265625
0 0.26953125 0.1953125 0.013671875 0.02197265625
0 0.2275390625 0.333984375 0.01904296875 0.02734375
0 0.45068359375 0.0439453125 0.0107421875 0.01416015625
0 0.4638671875 0.33740234375 0.01806640625 0.021484375
0 0.810546875 0.734375 0.01806640625 0.021484375
0 0.30322265625 0.26416015625 0.02294921875 0.0419921875