0 0.68603515625 0.775390625 0.0126953125 0.0302734375
0 0.8544921875 0.6875 0.015625 0.021484375
0 0.92919921875 0.6845703125 0.017578125 0.025390625
0 0.73583984375 0.7265625 0.01611328125 0.03466796875
0 0.76123046875 0.978515625 0.01904296875 0.04248046875
0 0.93115234375 0.7275390625 0.0185546875 0.03662109375
0 0.19970703125 0.9150390625 0.01220703125 0.03466796875
0 0.939453125 0.86474609375 0.01220703125 0.0390625
0 0.1591796875 0.81640625 0.009765625 0.03515625
0 0.95751953125 0.84033203125 0.0166015625 0.03369140625
0 0.66455078125 0.857421875 0.013671875 0.03369140625
0 0.93017578125 0.708984375 0.01806640625 0.02587890625
0 0.60693359375 0.9599609375 0.01806640625 0.029296875
0 0.90625 0.888671875 0.01611328125 0.02978515625
0 0.92822265625 0.9833984375 0.015625 0.029296875
0 0.84619140625 0.935546875 0.01220703125 0.03466796875
0 0.84228515625 0.8779296875 0.01513671875 0.03857421875
0 0.98974609375 0.8447265625 0.01611328125 0.033203125
0 0.94775390625 0.984375 0.0087890625 0.03125
0 0.85107421875 0.841796875 0.01318359375 0.0302734375
0 0.986328125 0.919921875 0.01318359375 0.033203125
0 0.826171875 0.9384765625 0.01611328125 0.03369140625
0 0.98388671875 0.89599609375 0.00927734375 0.029296875
0 0.8603515625 0.984375 0.01123046875 0.02978515625
0 0.2158203125 0.78759765625 0.0126953125 0.03369140625
0 0.90673828125 0.98095703125 0.0205078125 0.037109375
0 0.802734375 0.8662109375 0.01318359375 0.03857421875
0 0.89599609375 0.9296875 0.01513671875 0.0380859375
0 0.88720703125 0.87548828125 0.01416015625 0.03515625
0 0.82421875 0.8916015625 0.017578125 0.044921875
0 0.82763671875 0.81689453125 0.013671875 0.02490234375
0 0.99560546875 0.84521484375 0.00830078125 0.03173828125
0 0.880859375 0.9921875 0.009765625 0.015625
0 0.81982421875 0.8642578125 0.01513671875 0.03466796875
0 0.44189453125 0.8896484375 0.01171875 0.0185546875