0 0.2080078125 0.220703125 0.0126953125 0.0185546875
0 0.40966796875 0.12109375 0.015625 0.017578125
0 0.1279296875 0.5576171875 0.017578125 0.01953125
0 0.22314453125 0.20703125 0.0126953125 0.017578125
0 0.34765625 0.14306640625 0.0166015625 0.017578125
0 0.1318359375 0.693359375 0.0166015625 0.01953125
0 0.17431640625 0.4609375 0.0126953125 0.01953125
0 0.4443359375 0.1572265625 0.015625 0.0185546875
0 0.42626953125 0.16064453125 0.0146484375 0.0166015625
0 0.36279296875 0.20703125 0.0107421875 0.021484375
0 0.0791015625 0.396484375 0.013671875 0.0185546875
0 0.17578125 0.19287109375 0.0166015625 0.0224609375
0 0.1640625 0.2041015625 0.0107421875 0.021484375
0 0.31640625 0.201171875 0.01171875 0.0205078125
0 0.068359375 0.396484375 0.0107421875 0.0185546875
0 0.060546875 0.39599609375 0.0107421875 0.0185546875
0 0.06298828125 0.7763671875 0.0146484375 0.017578125
0 0.18359375 0.17529296875 0.0107421875 0.0224609375
0 0.1240234375 0.40771484375 0.0107421875 0.0205078125
0 0.23828125 0.18359375 0.0146484375 0.0166015625
0 0.1220703125 0.57958984375 0.0146484375 0.021484375
0 0.26513671875 0.24853515625 0.01171875 0.0166015625
0 0.07470703125 0.724609375 0.0185546875 0.0224609375
0 0.10205078125 0.29833984375 0.0107421875 0.015625
0 0.0673828125 0.7890625 0.015625 0.0224609375