0 0.69580078125 0.701171875 0.048828125 0.0869140625
0 0.724609375 0.69384765625 0.033203125 0.0732421875
0 0.8232421875 0.7431640625 0.078125 0.07421875
0 0.9228515625 0.5703125 0.046875 0.0537109375
0 0.55517578125 0.78369140625 0.064453125 0.0849609375
0 0.95556640625 0.90771484375 0.05078125 0.0849609375
0 0.9541015625 0.65625 0.033203125 0.0478515625
0 0.732421875 0.580078125 0.0380859375 0.0478515625
0 0.943359375 0.7646484375 0.048828125 0.0634765625
0 0.9765625 0.7587890625 0.046875 0.05859375
0 0.88916015625 0.541015625 0.021484375 0.0439453125
0 0.82080078125 0.60205078125 0.0244140625 0.0498046875
0 0.794921875 0.54833984375 0.03515625 0.041015625
0 0.90576171875 0.6904296875 0.0546875 0.05859375
0 0.85205078125 0.5634765625 0.044921875 0.0419921875
0 0.97216796875 0.43310546875 0.02734375 0.0322265625
0 0.859375 0.6953125 0.0546875 0.0546875
0 0.873046875 0.484375 0.037109375 0.037109375
0 0.9833984375 0.63720703125 0.033203125 0.0478515625
0 0.970703125 0.50390625 0.03125 0.03515625
0 0.91650390625 0.4599609375 0.01171875 0.0380859375
0 0.9921875 0.5302734375 0.015625 0.037109375
0 0.86767578125 0.56103515625 0.015625 0.0244140625