0 0.517578125 0.1806640625 0.0166015625 0.02783203125
0 0.50146484375 0.1552734375 0.0068359375 0.02001953125
0 0.546875 0.1220703125 0.00732421875 0.01953125
0 0.5283203125 0.10546875 0.0068359375 0.0185546875
0 0.529296875 0.16455078125 0.00732421875 0.017578125
0 0.51318359375 0.068359375 0.00732421875 0.01953125
0 0.55224609375 0.1962890625 0.0078125 0.02099609375
0 0.484375 0.05908203125 0.00830078125 0.0224609375
0 0.55810546875 0.0625 0.0068359375 0.02001953125
0 0.6494140625 0.2314453125 0.0078125 0.0205078125
0 0.58740234375 0.1171875 0.00830078125 0.021484375
0 0.57421875 0.10205078125 0.01025390625 0.02099609375
0 0.6240234375 0.20751953125 0.0078125 0.0185546875
0 0.59716796875 0.05712890625 0.0087890625 0.02197265625
0 0.59619140625 0.08984375 0.00830078125 0.02099609375
0 0.7421875 0.23583984375 0.0107421875 0.0224609375
0 0.58447265625 0.14990234375 0.0068359375 0.02099609375
0 0.84423828125 0.232421875 0.0068359375 0.02197265625
0 0.6474609375 0.1845703125 0.0078125 0.021484375
0 0.5947265625 0.02734375 0.0087890625 0.02392578125
0 0.71337890625 0.23095703125 0.00830078125 0.0224609375
0 0.63232421875 0.2099609375 0.009765625 0.01953125
0 0.59619140625 0.140625 0.0068359375 0.02099609375
0 0.87353515625 0.1923828125 0.0087890625 0.01806640625
0 0.59814453125 0.11767578125 0.0078125 0.02099609375
0 0.77783203125 0.2060546875 0.0078125 0.02001953125
0 0.837890625 0.203125 0.00830078125 0.0205078125
0 0.62255859375 0.1552734375 0.00732421875 0.02197265625
0 0.69580078125 0.20068359375 0.00830078125 0.0224609375
0 0.77880859375 0.173828125 0.005859375 0.0224609375
0 0.724609375 0.234375 0.0068359375 0.02197265625
0 0.859375 0.2001953125 0.00732421875 0.021484375
0 0.6416015625 0.1142578125 0.0078125 0.021484375
0 0.751953125 0.21240234375 0.01171875 0.03271484375
0 0.65673828125 0.1904296875 0.00927734375 0.0185546875
0 0.7958984375 0.197265625 0.009765625 0.021484375
0 0.796875 0.1572265625 0.00830078125 0.01806640625
0 0.74658203125 0.15771484375 0.0068359375 0.0224609375
0 0.73583984375 0.17578125 0.005859375 0.02197265625
0 0.63671875 0.046875 0.0087890625 0.0263671875
0 0.65869140625 0.04541015625 0.0087890625 0.021484375
0 0.63623046875 0.1650390625 0.0078125 0.021484375
0 0.68212890625 0.236328125 0.00927734375 0.017578125
0 0.71044921875 0.16357421875 0.0078125 0.021484375
0 0.64501953125 0.095703125 0.01025390625 0.02392578125
0 0.71875 0.08837890625 0.00927734375 0.02294921875
0 0.982421875 0.07666015625 0.009765625 0.02099609375
0 0.9501953125 0.0146484375 0.009765625 0.02001953125
0 0.8154296875 0.21875 0.009765625 0.02490234375
0 0.57080078125 0.14306640625 0.005859375 0.01953125
0 0.83203125 0.22802734375 0.00830078125 0.02197265625
0 0.8828125 0.11083984375 0.0087890625 0.02392578125
0 0.72802734375 0.08154296875 0.00830078125 0.02197265625
0 0.8984375 0.107421875 0.0068359375 0.017578125
0 0.6650390625 0.0771484375 0.00634765625 0.02294921875
0 0.7998046875 0.18310546875 0.0087890625 0.021484375
0 0.7138671875 0.2021484375 0.00927734375 0.01611328125
0 0.48291015625 0.1494140625 0.0068359375 0.02001953125
0 0.7587890625 0.16796875 0.00732421875 0.02197265625
0 0.6953125 0.1533203125 0.0078125 0.02294921875
0 0.98046875 0.232421875 0.01025390625 0.01513671875
0 0.76220703125 0.0322265625 0.0107421875 0.02392578125
0 0.7021484375 0.158203125 0.00732421875 0.02294921875
0 0.673828125 0.1806640625 0.009765625 0.0234375
0 0.68115234375 0.1337890625 0.00732421875 0.0205078125
0 0.64013671875 0.06982421875 0.01025390625 0.02880859375
0 0.6533203125 0.01171875 0.0087890625 0.0224609375
0 0.70947265625 0.1259765625 0.0087890625 0.02099609375
0 0.65478515625 0.15234375 0.00830078125 0.01953125
0 0.994140625 0.15380859375 0.01171875 0.0185546875
0 0.6708984375 0.0517578125 0.0068359375 0.02197265625
0 0.75634765625 0.18701171875 0.00927734375 0.02197265625
0 0.84716796875 0.1875 0.0087890625 0.017578125
0 0.72265625 0.04541015625 0.01025390625 0.0205078125
0 0.98583984375 0.19384765625 0.01025390625 0.01611328125
0 0.84716796875 0.25 0.00927734375 0.01806640625
0 0.7314453125 0.2138671875 0.01123046875 0.0185546875
0 0.7685546875 0.18212890625 0.0087890625 0.0224609375
0 0.68359375 0.169921875 0.00927734375 0.015625
0 0.84814453125 0.13623046875 0.01025390625 0.021484375
0 0.68408203125 0.056640625 0.00634765625 0.0244140625
0 0.70166015625 0.05908203125 0.0068359375 0.02294921875
0 0.75 0.01806640625 0.01220703125 0.01416015625
0 0.701171875 0.07958984375 0.00732421875 0.02197265625
0 0.68505859375 0.078125 0.0078125 0.0234375
0 0.7158203125 0.060546875 0.00927734375 0.0224609375
0 0.66259765625 0.00927734375 0.009765625 0.0185546875
0 0.66455078125 0.1416015625 0.0087890625 0.0283203125
0 0.99560546875 0.109375 0.0087890625 0.0166015625
0 0.83349609375 0.12548828125 0.01171875 0.013671875
0 0.97119140625 0.2138671875 0.0107421875 0.01513671875
0 0.82177734375 0.24169921875 0.0107421875 0.0185546875
0 0.82275390625 0.1806640625 0.0107421875 0.01611328125
0 0.7548828125 0.10302734375 0.0126953125 0.01708984375
0 0.85546875 0.14794921875 0.01025390625 0.0185546875
0 0.6162109375 0.07666015625 0.00927734375 0.02197265625
0 0.609375 0.14453125 0.00634765625 0.01611328125
0 0.77978515625 0.09033203125 0.0107421875 0.017578125
0 0.9453125 0.232421875 0.01123046875 0.01513671875
0 0.8037109375 0.2412109375 0.01171875 0.015625
0 0.75634765625 0.046875 0.01123046875 0.0126953125
0 0.83984375 0.0927734375 0.01171875 0.01708984375
0 0.7890625 0.05712890625 0.00830078125 0.0185546875
0 0.8232421875 0.0869140625 0.01123046875 0.017578125
0 0.85888671875 0.056640625 0.0107421875 0.017578125
0 0.90966796875 0.24169921875 0.00732421875 0.01513671875
0 0.75048828125 0.10888671875 0.00732421875 0.02099609375
0 0.904296875 0.19091796875 0.01025390625 0.0146484375
0 0.8603515625 0.083984375 0.0107421875 0.01513671875
0 0.52001953125 0.01220703125 0.00732421875 0.017578125
0 0.634765625 0.0068359375 0.0087890625 0.013671875
0 0.59716796875 0.00732421875 0.0087890625 0.0146484375
0 0.8955078125 0.1650390625 0.01220703125 0.013671875
0 0.873046875 0.11083984375 0.01171875 0.0166015625
0 0.80712890625 0.02783203125 0.013671875 0.01318359375
0 0.96826171875 0.18994140625 0.00537109375 0.017578125
0 0.84228515625 0.1669921875 0.01171875 0.0166015625
0 0.76953125 0.2060546875 0.01025390625 0.03271484375
0 0.95703125 0.1259765625 0.01220703125 0.015625
0 0.88232421875 0.0390625 0.01318359375 0.01318359375
0 0.9541015625 0.203125 0.0126953125 0.0146484375
0 0.55615234375 0.0341796875 0.01708984375 0.0234375
0 0.59130859375 0.2138671875 0.0087890625 0.01171875
0 0.599609375 0.181640625 0.00732421875 0.01806640625
0 0.9267578125 0.16259765625 0.01171875 0.01953125
0 0.9443359375 0.07275390625 0.00927734375 0.009765625
0 0.8955078125 0.2421875 0.01123046875 0.01318359375
0 0.7890625 0.07177734375 0.0068359375 0.01513671875
0 0.91455078125 0.20947265625 0.0087890625 0.0107421875
0 0.630859375 0.13330078125 0.0078125 0.0224609375
0 0.724609375 0.1484375 0.0068359375 0.01318359375
0 0.76708984375 0.146484375 0.00732421875 0.02197265625
0 0.74609375 0.20263671875 0.00732421875 0.01611328125
0 0.77685546875 0.05908203125 0.00830078125 0.013671875
0 0.4833984375 0.01708984375 0.01171875 0.0126953125
0 0.58349609375 0.0078125 0.0068359375 0.015625
0 0.935546875 0.1279296875 0.01025390625 0.01220703125
0 0.58251953125 0.03662109375 0.0068359375 0.01806640625
0 0.70361328125 0.20654296875 0.00927734375 0.013671875
0 0.978515625 0.08984375 0.00732421875 0.01611328125
0 0.8544921875 0.21484375 0.01171875 0.01025390625
0 0.98583984375 0.21142578125 0.0078125 0.0126953125
0 0.97314453125 0.0185546875 0.01123046875 0.01708984375
0 0.61669921875 0.1240234375 0.01220703125 0.02001953125
0 0.75732421875 0.0732421875 0.0107421875 0.01806640625
0 0.75634765625 0.05908203125 0.0068359375 0.013671875
0 0.70947265625 0.05810546875 0.00830078125 0.01806640625
0 0.8701171875 0.0810546875 0.01123046875 0.01708984375
0 0.7099609375 0.09033203125 0.0107421875 0.025390625
0 0.48388671875 0.0068359375 0.00830078125 0.01318359375
0 0.47705078125 0.00537109375 0.00927734375 0.0107421875
0 0.638671875 0.02783203125 0.01025390625 0.015625
0 0.54541015625 0.01806640625 0.0078125 0.02197265625
0 0.55615234375 0.01318359375 0.01123046875 0.01513671875
0 0.55712890625 0.0244140625 0.01025390625 0.01513671875
0 0.67138671875 0.0810546875 0.0087890625 0.021484375
0 0.72412109375 0.17236328125 0.0087890625 0.02294921875
0 0.73291015625 0.22265625 0.00732421875 0.025390625