0 0.9072265625 0.02880859375 0.03515625 0.0576171875
0 0.31787109375 0.0712890625 0.033203125 0.0654296875
0 0.68994140625 0.75634765625 0.04296875 0.0830078125
0 0.18359375 0.2724609375 0.0380859375 0.0615234375
0 0.81640625 0.61376953125 0.0361328125 0.0849609375
0 0.248046875 0.74169921875 0.0361328125 0.0791015625
0 0.42919921875 0.03759765625 0.0439453125 0.068359375
0 0.0390625 0.13623046875 0.0361328125 0.0693359375
0 0.85693359375 0.48291015625 0.04296875 0.0791015625
0 0.771484375 0.45703125 0.0322265625 0.0693359375
0 0.35205078125 0.37109375 0.029296875 0.052734375
0 0.15478515625 0.67919921875 0.04296875 0.0478515625
0 0.30810546875 0.138671875 0.0283203125 0.06640625
0 0.3115234375 0.7109375 0.04296875 0.0751953125
0 0.44140625 0.095703125 0.0478515625 0.0537109375
0 0.80126953125 0.85400390625 0.0419921875 0.0673828125
0 0.9423828125 0.45947265625 0.0361328125 0.068359375
0 0.98583984375 0.68017578125 0.0283203125 0.0537109375
0 0.0517578125 0.271484375 0.0400390625 0.048828125
0 0.31005859375 0.84912109375 0.033203125 0.0615234375
0 0.27197265625 0.47412109375 0.025390625 0.0732421875
0 0.37841796875 0.80810546875 0.0458984375 0.0537109375
0 0.5546875 0.9287109375 0.041015625 0.0849609375
0 0.560546875 0.11669921875 0.0322265625 0.0546875
0 0.19287109375 0.99072265625 0.0302734375 0.0185546875
0 0.88916015625 0.271484375 0.041015625 0.0830078125
0 0.6572265625 0.04736328125 0.0390625 0.072265625
0 0.2861328125 0.43505859375 0.0380859375 0.0380859375
0 0.30078125 0.83447265625 0.013671875 0.029296875
0 0.30029296875 0.69287109375 0.017578125 0.0322265625
0 0.30419921875 0.89208984375 0.04296875 0.0400390625
0 0.5244140625 0.1640625 0.0302734375 0.052734375
0 0.50927734375 0.18115234375 0.037109375 0.0615234375
0 0.33349609375 0.7470703125 0.03125 0.0595703125
0 0.365234375 0.7978515625 0.0166015625 0.0263671875