0 0.52392578125 0.20849609375 0.0625 0.1669921875
0 0.3232421875 0.6142578125 0.044921875 0.0654296875
0 0.314453125 0.279296875 0.0380859375 0.08984375
0 0.91845703125 0.171875 0.0458984375 0.0712890625
0 0.24755859375 0.62060546875 0.03125 0.0693359375
0 0.87548828125 0.03125 0.0439453125 0.0625
0 0.4970703125 0.080078125 0.048828125 0.052734375
0 0.98388671875 0.849609375 0.0322265625 0.064453125
0 0.50390625 0.5029296875 0.0302734375 0.05078125
0 0.30322265625 0.59228515625 0.0380859375 0.0517578125
0 0.9267578125 0.73583984375 0.0341796875 0.1025390625
0 0.478515625 0.1650390625 0.05078125 0.0634765625
0 0.853515625 0.35791015625 0.04296875 0.0751953125
0 0.48095703125 0.23583984375 0.0625 0.1669921875
0 0.9169921875 0.41259765625 0.05078125 0.072265625
0 0.98388671875 0.63818359375 0.0322265625 0.0869140625
0 0.47900390625 0.958984375 0.0595703125 0.0654296875
0 0.70068359375 0.087890625 0.06640625 0.1357421875
0 0.8837890625 0.9169921875 0.0302734375 0.08203125
0 0.8115234375 0.34228515625 0.0400390625 0.05078125
0 0.353515625 0.44580078125 0.0234375 0.060546875
0 0.224609375 0.599609375 0.0234375 0.0537109375
0 0.39697265625 0.4267578125 0.041015625 0.0439453125
0 0.7275390625 0.87841796875 0.044921875 0.0712890625
0 0.93310546875 0.888671875 0.1328125 0.1455078125
0 0.45947265625 0.57763671875 0.04296875 0.04296875
0 0.42919921875 0.7734375 0.0322265625 0.0673828125
0 0.57373046875 0.0751953125 0.03125 0.0654296875
0 0.37841796875 0.44482421875 0.0771484375 0.0771484375
0 0.87548828125 0.2060546875 0.03125 0.080078125
0 0.4697265625 0.27587890625 0.025390625 0.0732421875
0 0.373046875 0.60693359375 0.037109375 0.064453125
0 0.68408203125 0.0537109375 0.033203125 0.0625
0 0.95263671875 0.68798828125 0.0947265625 0.1474609375