0 0.0322265625 0.79638671875 0.041015625 0.044921875
0 0.21826171875 0.6650390625 0.021484375 0.0234375
0 0.0625 0.68798828125 0.037109375 0.0380859375
0 0.29296875 0.86474609375 0.041015625 0.0439453125
0 0.0224609375 0.64453125 0.0244140625 0.0283203125
0 0.13818359375 0.63818359375 0.0263671875 0.02734375
0 0.1982421875 0.81396484375 0.0439453125 0.0419921875
0 0.15771484375 0.86328125 0.03515625 0.044921875
0 0.06201171875 0.80517578125 0.0322265625 0.02734375
0 0.1357421875 0.6845703125 0.0322265625 0.0341796875
0 0.20751953125 0.6123046875 0.0263671875 0.025390625
0 0.41455078125 0.76416015625 0.017578125 0.0234375
0 0.12646484375 0.8359375 0.02734375 0.0478515625
0 0.193359375 0.87451171875 0.0361328125 0.0458984375
0 0.28076171875 0.83935546875 0.03515625 0.037109375
0 0.07666015625 0.52490234375 0.017578125 0.017578125
0 0.22900390625 0.767578125 0.033203125 0.0341796875
0 0.02392578125 0.5693359375 0.0283203125 0.02734375
0 0.2578125 0.5908203125 0.0205078125 0.021484375
0 0.3583984375 0.744140625 0.03125 0.0361328125
0 0.01171875 0.87353515625 0.0234375 0.0419921875
0 0.322265625 0.646484375 0.0146484375 0.0185546875
0 0.03857421875 0.55712890625 0.0224609375 0.0234375
0 0.4091796875 0.9697265625 0.04296875 0.048828125
0 0.12548828125 0.5673828125 0.01171875 0.01171875
0 0.14111328125 0.5751953125 0.013671875 0.01171875
0 0.40380859375 0.7275390625 0.015625 0.02734375
0 0.203125 0.58447265625 0.0205078125 0.021484375
0 0.15771484375 0.650390625 0.0224609375 0.021484375
0 0.0029296875 0.5205078125 0.005859375 0.021484375
0 0.0087890625 0.50048828125 0.017578125 0.0185546875
0 0.232421875 0.75341796875 0.02734375 0.0263671875
0 0.31787109375 0.69970703125 0.021484375 0.017578125
0 0.017578125 0.54736328125 0.013671875 0.017578125
0 0.17333984375 0.92138671875 0.02734375 0.0263671875
0 0.01025390625 0.52001953125 0.017578125 0.0205078125
0 0.19775390625 0.56982421875 0.0205078125 0.021484375
0 0.041015625 0.51953125 0.0126953125 0.0146484375
0 0.052734375 0.5234375 0.013671875 0.01953125
0 0.30517578125 0.70361328125 0.0166015625 0.0166015625
0 0.14697265625 0.68017578125 0.0224609375 0.029296875
0 0.19091796875 0.55908203125 0.0146484375 0.017578125
0 0.20263671875 0.6552734375 0.01171875 0.0146484375
0 0.17431640625 0.64990234375 0.0107421875 0.01953125
0 0.0283203125 0.52001953125 0.01171875 0.0185546875
0 0.39990234375 0.64990234375 0.0205078125 0.021484375
0 0.23779296875 0.77001953125 0.015625 0.0244140625