0 0.1044921875 0.2431640625 0.126953125 0.197265625
0 0.17333984375 0.48291015625 0.150390625 0.23828125
0 0.9248046875 0.77099609375 0.150390625 0.2216796875
0 0.8701171875 0.89111328125 0.1689453125 0.1220703125
0 0.86962890625 0.55419921875 0.1767578125 0.1865234375
0 0.09423828125 0.10791015625 0.0751953125 0.162109375
0 0.35595703125 0.3515625 0.14453125 0.1640625
0 0.267578125 0.05517578125 0.138671875 0.0869140625
0 0.40771484375 0.78369140625 0.138671875 0.244140625
0 0.337890625 0.5595703125 0.1591796875 0.1162109375
0 0.0830078125 0.6328125 0.142578125 0.173828125
0 0.5498046875 0.5615234375 0.109375 0.2587890625
0 0.10546875 0.96630859375 0.0703125 0.0673828125
0 0.42919921875 0.07080078125 0.0703125 0.1376953125
0 0.3076171875 0.853515625 0.1376953125 0.1494140625
0 0.296875 0.94384765625 0.119140625 0.1123046875
0 0.3994140625 0.193359375 0.1201171875 0.2373046875