0 0.83544921875 0.33251953125 0.044921875 0.0517578125
0 0.83349609375 0.1767578125 0.041015625 0.0478515625
0 0.9052734375 0.33740234375 0.0341796875 0.0615234375
0 0.47314453125 0.37841796875 0.0439453125 0.0615234375
0 0.71484375 0.35205078125 0.021484375 0.0615234375
0 0.98583984375 0.3720703125 0.0283203125 0.05859375
0 0.564453125 0.2900390625 0.0380859375 0.0634765625
0 0.86572265625 0.2548828125 0.01953125 0.052734375
0 0.365234375 0.2607421875 0.0283203125 0.056640625
0 0.26220703125 0.17626953125 0.0205078125 0.0478515625
0 0.55859375 0.091796875 0.0205078125 0.0439453125
0 0.73974609375 0.14013671875 0.0400390625 0.0478515625
0 0.37060546875 0.0869140625 0.017578125 0.03515625
0 0.1943359375 0.1708984375 0.025390625 0.0576171875
0 0.39892578125 0.197265625 0.0380859375 0.0361328125
0 0.3125 0.25439453125 0.0263671875 0.048828125
0 0.2109375 0.162109375 0.0205078125 0.05078125
0 0.51025390625 0.05712890625 0.025390625 0.0380859375
0 0.6748046875 0.029296875 0.015625 0.0322265625
0 0.76953125 0.357421875 0.029296875 0.06640625
0 0.7685546875 0.04296875 0.0244140625 0.0380859375
0 0.44482421875 0.14404296875 0.021484375 0.0478515625
0 0.3515625 0.14697265625 0.017578125 0.0390625
0 0.70703125 0.05517578125 0.0205078125 0.03515625
0 0.49169921875 0.1015625 0.0205078125 0.044921875
0 0.48974609375 0.0791015625 0.0185546875 0.0322265625
0 0.734375 0.12158203125 0.02734375 0.03515625
0 0.87646484375 0.1005859375 0.029296875 0.0439453125
0 0.79248046875 0.2841796875 0.0302734375 0.0634765625
0 0.3154296875 0.2001953125 0.0263671875 0.037109375
0 0.61572265625 0.06640625 0.01953125 0.0341796875
0 0.7001953125 0.0322265625 0.0166015625 0.0341796875
0 0.7158203125 0.09326171875 0.02734375 0.0244140625
0 0.77197265625 0.1259765625 0.0341796875 0.0322265625
0 0.3896484375 0.1484375 0.037109375 0.02734375
0 0.75830078125 0.02978515625 0.0146484375 0.01953125
0 0.97509765625 0.0615234375 0.0224609375 0.0263671875
0 0.53857421875 0.32275390625 0.0341796875 0.060546875
0 0.43115234375 0.0068359375 0.0146484375 0.013671875
0 0.61474609375 0.01513671875 0.013671875 0.0146484375
0 0.91943359375 0.369140625 0.0341796875 0.0400390625
0 0.4306640625 0.0615234375 0.015625 0.0205078125
0 0.36669921875 0.2861328125 0.0283203125 0.046875
0 0.5673828125 0.27001953125 0.0263671875 0.02734375
0 0.3134765625 0.1884765625 0.015625 0.01953125
0 0.35498046875 0.16552734375 0.0166015625 0.029296875
0 0.55419921875 0.2890625 0.017578125 0.046875