0 0.37255859375 0.11669921875 0.01611328125 0.02734375
0 0.1904296875 0.6748046875 0.02197265625 0.0244140625
0 0.20556640625 0.30615234375 0.0205078125 0.0205078125
0 0.150390625 0.658203125 0.02734375 0.029296875
0 0.1650390625 0.28662109375 0.0224609375 0.0283203125
0 0.20556640625 0.806640625 0.02392578125 0.02685546875
0 0.322265625 0.41357421875 0.01953125 0.0380859375
0 0.140625 0.8466796875 0.0322265625 0.02978515625
0 0.02587890625 0.58984375 0.0234375 0.02685546875
0 0.220703125 0.2158203125 0.02197265625 0.02587890625
0 0.078125 0.61376953125 0.0224609375 0.03515625
0 0.19091796875 0.25048828125 0.02099609375 0.02783203125
0 0.04931640625 0.60205078125 0.02197265625 0.0234375
0 0.0986328125 0.640625 0.02392578125 0.0361328125
0 0.1474609375 0.20703125 0.02001953125 0.02978515625
0 0.3681640625 0.03271484375 0.0126953125 0.02685546875
0 0.18310546875 0.951171875 0.02587890625 0.02880859375
0 0.20068359375 0.14013671875 0.02099609375 0.02587890625
0 0.0615234375 0.16552734375 0.02294921875 0.02978515625
0 0.3271484375 0.15380859375 0.01318359375 0.04248046875
0 0.1748046875 0.08984375 0.0234375 0.02734375
0 0.34375 0.140625 0.0107421875 0.041015625
0 0.060546875 0.5419921875 0.02392578125 0.02880859375
0 0.052734375 0.1201171875 0.02001953125 0.02734375
0 0.1748046875 0.4287109375 0.025390625 0.0283203125
0 0.0546875 0.4931640625 0.0263671875 0.02685546875
0 0.1962890625 0.90087890625 0.0283203125 0.0302734375
0 0.14501953125 0.52197265625 0.02685546875 0.02001953125
0 0.10400390625 0.607421875 0.02734375 0.033203125
0 0.181640625 0.4775390625 0.025390625 0.03515625
0 0.0341796875 0.345703125 0.02490234375 0.02490234375
0 0.16162109375 0.04345703125 0.02099609375 0.0234375
0 0.1494140625 0.541015625 0.025390625 0.037109375
0 0.06591796875 0.4091796875 0.02734375 0.02587890625
0 0.00830078125 0.888671875 0.0166015625 0.025390625
0 0.228515625 0.015625 0.02001953125 0.029296875
0 0.0126953125 0.27001953125 0.025390625 0.0263671875
0 0.0380859375 0.7734375 0.0283203125 0.03271484375
0 0.00830078125 0.0712890625 0.01611328125 0.02490234375
0 0.103515625 0.048828125 0.01708984375 0.0283203125
0 0.22216796875 0.1669921875 0.0224609375 0.0263671875
0 0.0107421875 0.5634765625 0.02099609375 0.02392578125
0 0.0078125 0.3525390625 0.015625 0.02783203125
0 0.19482421875 0.064453125 0.0205078125 0.02685546875
0 0.0966796875 0.49462890625 0.02734375 0.025390625
0 0.0771484375 0.447265625 0.0234375 0.03173828125
0 0.1005859375 0.14013671875 0.025390625 0.02294921875
0 0.08349609375 0.12890625 0.021484375 0.0283203125
0 0.04345703125 0.0849609375 0.0166015625 0.03564453125
0 0.07080078125 0.37744140625 0.02490234375 0.0224609375
0 0.17236328125 0.2001953125 0.0234375 0.02685546875
0 0.1044921875 0.37744140625 0.02734375 0.02734375
0 0.072265625 0.970703125 0.02783203125 0.02685546875
0 0.16796875 0.021484375 0.0224609375 0.02197265625
0 0.00732421875 0.1455078125 0.0146484375 0.03076171875
0 0.1435546875 0.078125 0.02392578125 0.0263671875
0 0.076171875 0.431640625 0.01953125 0.025390625
0 0.00634765625 0.3017578125 0.0126953125 0.029296875
0 0.087890625 0.0849609375 0.021484375 0.0302734375
0 0.1494140625 0.009765625 0.02099609375 0.01953125
0 0.171875 0.451171875 0.015625 0.03857421875
0 0.06787109375 0.56396484375 0.02685546875 0.0244140625
0 0.15185546875 0.5947265625 0.0283203125 0.02685546875
0 0.169921875 0.40625 0.02490234375 0.02685546875
0 0.099609375 0.43115234375 0.02587890625 0.029296875
0 0.1064453125 0.11279296875 0.01953125 0.03125
0 0.0224609375 0.00830078125 0.01416015625 0.01611328125
0 0.11279296875 0.08154296875 0.013671875 0.03076171875
0 0.18359375 0.009765625 0.02392578125 0.0185546875
0 0.2890625 0.79638671875 0.0185546875 0.04638671875
0 0.27685546875 0.79833984375 0.013671875 0.04931640625
0 0.10205078125 0.08251953125 0.013671875 0.0302734375