0 0.3271484375 0.8759765625 0.08251953125 0.2470703125
0 0.4140625 0.716796875 0.12353515625 0.2041015625
0 0.7626953125 0.94970703125 0.12939453125 0.09814453125
0 0.7509765625 0.0791015625 0.07373046875 0.15234375
0 0.41259765625 0.142578125 0.07666015625 0.2646484375
0 0.47705078125 0.07861328125 0.06640625 0.1533203125
0 0.8955078125 0.7080078125 0.09375 0.18408203125
0 0.93994140625 0.537109375 0.09375 0.16943359375
0 0.599609375 0.74658203125 0.14501953125 0.10107421875
0 0.9521484375 0.787109375 0.095703125 0.19189453125
0 0.1171875 0.513671875 0.08251953125 0.220703125
0 0.48388671875 0.91064453125 0.1015625 0.1748046875
0 0.55029296875 0.11279296875 0.05712890625 0.22265625
0 0.82763671875 0.6943359375 0.11669921875 0.1708984375
0 0.85107421875 0.3876953125 0.1162109375 0.224609375
0 0.17333984375 0.1015625 0.15869140625 0.1669921875
0 0.62548828125 0.93994140625 0.08447265625 0.11767578125
0 0.87939453125 0.5390625 0.11474609375 0.1640625
0 0.71875 0.32080078125 0.09619140625 0.2392578125
0 0.27880859375 0.03076171875 0.1318359375 0.0615234375