0 0.01513671875 0.3095703125 0.0302734375 0.03125
0 0.0595703125 0.34033203125 0.037109375 0.0322265625
0 0.8876953125 0.34130859375 0.0283203125 0.046875
0 0.791015625 0.14404296875 0.0361328125 0.0341796875
0 0.67724609375 0.22021484375 0.037109375 0.033203125
0 0.67626953125 0.3046875 0.037109375 0.029296875
0 0.74560546875 0.3603515625 0.0478515625 0.0439453125
0 0.828125 0.51025390625 0.0458984375 0.044921875
0 0.8798828125 0.591796875 0.0341796875 0.0576171875
0 0.6279296875 0.27685546875 0.0400390625 0.0322265625
0 0.587890625 0.26953125 0.0439453125 0.044921875
0 0.40576171875 0.35302734375 0.0380859375 0.03515625
0 0.42919921875 0.37255859375 0.0341796875 0.033203125
0 0.37109375 0.2626953125 0.044921875 0.04296875
0 0.4228515625 0.29833984375 0.0400390625 0.0361328125
0 0.72705078125 0.53564453125 0.0439453125 0.04296875
0 0.75830078125 0.52392578125 0.0400390625 0.0341796875
0 0.7548828125 0.5009765625 0.04296875 0.0341796875
0 0.80517578125 0.53125 0.044921875 0.0361328125
0 0.7783203125 0.5625 0.0439453125 0.04296875
0 0.7890625 0.54541015625 0.0478515625 0.041015625
0 0.85205078125 0.54736328125 0.0400390625 0.041015625
0 0.8564453125 0.58154296875 0.0400390625 0.0517578125
0 0.82421875 0.623046875 0.0439453125 0.0419921875
0 0.8046875 0.66650390625 0.05078125 0.04296875
0 0.79736328125 0.63232421875 0.041015625 0.03515625
0 0.82421875 0.65087890625 0.0439453125 0.0458984375
0 0.822265625 0.58056640625 0.041015625 0.052734375
0 0.8310546875 0.560546875 0.0302734375 0.0322265625
0 0.79931640625 0.591796875 0.041015625 0.0380859375
0 0.7822265625 0.61376953125 0.0439453125 0.04296875
0 0.74755859375 0.65576171875 0.0478515625 0.0478515625
0 0.78759765625 0.69677734375 0.0361328125 0.064453125
0 0.7587890625 0.5927734375 0.0419921875 0.037109375
0 0.73486328125 0.61083984375 0.0419921875 0.0439453125
0 0.693359375 0.623046875 0.0419921875 0.04296875
0 0.6884765625 0.5966796875 0.0390625 0.0380859375
0 0.71142578125 0.58935546875 0.0341796875 0.03125
0 0.701171875 0.564453125 0.0400390625 0.04296875
0 0.783203125 0.75830078125 0.041015625 0.05078125
0 0.75634765625 0.736328125 0.0380859375 0.0322265625
0 0.8017578125 0.4814453125 0.04296875 0.0361328125
0 0.78515625 0.46337890625 0.03515625 0.029296875
0 0.78369140625 0.447265625 0.0341796875 0.0322265625
0 0.7373046875 0.7802734375 0.0419921875 0.0341796875
0 0.67333984375 0.7998046875 0.041015625 0.033203125
0 0.62890625 0.82177734375 0.044921875 0.0361328125
0 0.56494140625 0.7900390625 0.0390625 0.0390625
0 0.5908203125 0.78271484375 0.0361328125 0.041015625
0 0.61279296875 0.765625 0.0380859375 0.033203125
0 0.63818359375 0.728515625 0.044921875 0.041015625
0 0.6630859375 0.71142578125 0.03515625 0.0419921875
0 0.68798828125 0.70947265625 0.037109375 0.02734375
0 0.6796875 0.69384765625 0.0361328125 0.025390625
0 0.67529296875 0.67333984375 0.04296875 0.0361328125
0 0.70458984375 0.6416015625 0.0390625 0.0341796875
0 0.7255859375 0.47802734375 0.044921875 0.0400390625
0 0.71337890625 0.451171875 0.0439453125 0.04296875
0 0.7734375 0.42333984375 0.0419921875 0.0302734375
0 0.73974609375 0.40771484375 0.044921875 0.048828125
0 0.74658203125 0.38671875 0.0458984375 0.052734375
0 0.66796875 0.3310546875 0.0478515625 0.0458984375
0 0.6875 0.380859375 0.0439453125 0.048828125
0 0.630859375 0.59912109375 0.0419921875 0.037109375
0 0.64013671875 0.57470703125 0.04296875 0.0322265625
0 0.66357421875 0.548828125 0.044921875 0.0361328125
0 0.63232421875 0.5419921875 0.0419921875 0.0322265625
0 0.64013671875 0.5244140625 0.0322265625 0.02734375
0 0.6669921875 0.5107421875 0.0439453125 0.0400390625
0 0.6748046875 0.4736328125 0.044921875 0.0458984375
0 0.68896484375 0.41943359375 0.0380859375 0.033203125
0 0.671875 0.39990234375 0.04296875 0.0380859375
0 0.5419921875 0.83935546875 0.0390625 0.0380859375
0 0.50048828125 0.859375 0.0419921875 0.03125
0 0.51123046875 0.8134765625 0.041015625 0.0341796875
0 0.4775390625 0.8232421875 0.037109375 0.0302734375
0 0.40283203125 0.87744140625 0.044921875 0.0341796875
0 0.34814453125 0.892578125 0.0390625 0.0302734375
0 0.31494140625 0.8857421875 0.03515625 0.03515625
0 0.388671875 0.81640625 0.0458984375 0.0361328125
0 0.41259765625 0.79443359375 0.0400390625 0.033203125
0 0.41845703125 0.76904296875 0.0458984375 0.0322265625
0 0.4560546875 0.765625 0.0361328125 0.0302734375
0 0.47607421875 0.791015625 0.0400390625 0.0361328125
0 0.5068359375 0.77685546875 0.0390625 0.041015625
0 0.52783203125 0.76806640625 0.037109375 0.03515625
0 0.5419921875 0.75146484375 0.037109375 0.0322265625
0 0.58203125 0.73583984375 0.0419921875 0.037109375
0 0.61474609375 0.66748046875 0.0419921875 0.0283203125
0 0.5888671875 0.654296875 0.0322265625 0.029296875
0 0.55322265625 0.6552734375 0.037109375 0.0400390625
0 0.5703125 0.6396484375 0.033203125 0.029296875
0 0.60888671875 0.63134765625 0.04296875 0.0380859375
0 0.591796875 0.59375 0.0322265625 0.046875
0 0.60595703125 0.57421875 0.0419921875 0.03515625
0 0.32275390625 0.85595703125 0.03515625 0.03515625
0 0.3037109375 0.8447265625 0.0380859375 0.0361328125
0 0.28173828125 0.8642578125 0.0439453125 0.037109375
0 0.14306640625 0.90869140625 0.041015625 0.0341796875
0 0.27490234375 0.818359375 0.041015625 0.0322265625
0 0.3251953125 0.80322265625 0.041015625 0.0341796875
0 0.3701171875 0.78759765625 0.033203125 0.02734375
0 0.41796875 0.7197265625 0.0390625 0.0322265625
0 0.4609375 0.74658203125 0.0380859375 0.03515625
0 0.48193359375 0.728515625 0.03515625 0.0283203125
0 0.51708984375 0.72705078125 0.0341796875 0.03515625
0 0.51708984375 0.6943359375 0.037109375 0.02734375
0 0.525390625 0.6650390625 0.03515625 0.033203125
0 0.5673828125 0.6162109375 0.044921875 0.033203125
0 0.0703125 0.77978515625 0.03125 0.03125
0 0.0927734375 0.80810546875 0.0400390625 0.029296875
0 0.142578125 0.80615234375 0.0380859375 0.03125
0 0.18701171875 0.78662109375 0.037109375 0.033203125
0 0.22021484375 0.8046875 0.041015625 0.0302734375
0 0.2548828125 0.76318359375 0.0400390625 0.041015625
0 0.291015625 0.76953125 0.0361328125 0.0302734375
0 0.333984375 0.7392578125 0.0439453125 0.0419921875
0 0.3681640625 0.71484375 0.0380859375 0.03125
0 0.27880859375 0.7509765625 0.0322265625 0.029296875
0 0.19189453125 0.72705078125 0.0419921875 0.0439453125
0 0.16748046875 0.74755859375 0.0390625 0.0322265625
0 0.09326171875 0.75341796875 0.0390625 0.0322265625
0 0.11181640625 0.69580078125 0.0439453125 0.0380859375
0 0.08544921875 0.65478515625 0.0419921875 0.037109375
0 0.03564453125 0.57470703125 0.0419921875 0.03515625
0 0.06689453125 0.51806640625 0.0390625 0.0302734375
0 0.03515625 0.47705078125 0.0361328125 0.0322265625
0 0.10205078125 0.45166015625 0.0390625 0.03125
0 0.14599609375 0.4345703125 0.0390625 0.0380859375
0 0.2041015625 0.4541015625 0.03125 0.0302734375
0 0.1640625 0.486328125 0.0390625 0.03515625
0 0.14990234375 0.51123046875 0.0390625 0.033203125
0 0.1064453125 0.5400390625 0.0361328125 0.029296875
0 0.13037109375 0.58203125 0.0390625 0.03125
0 0.1796875 0.57958984375 0.037109375 0.0283203125
0 0.22900390625 0.546875 0.0439453125 0.03515625
0 0.23828125 0.51611328125 0.0390625 0.0302734375
0 0.265625 0.47412109375 0.0478515625 0.0380859375
0 0.28857421875 0.44189453125 0.041015625 0.0322265625
0 0.33154296875 0.43994140625 0.041015625 0.029296875
0 0.3720703125 0.39208984375 0.0419921875 0.041015625
0 0.11328125 0.177734375 0.0322265625 0.0283203125
0 0.15380859375 0.25634765625 0.0380859375 0.03125
0 0.17919921875 0.3115234375 0.0390625 0.0380859375
0 0.1748046875 0.36083984375 0.041015625 0.03125
0 0.13916015625 0.33349609375 0.0400390625 0.0322265625
0 0.25732421875 0.26708984375 0.0400390625 0.0341796875
0 0.31591796875 0.244140625 0.0419921875 0.044921875
0 0.31640625 0.30517578125 0.041015625 0.03515625
0 0.3564453125 0.29833984375 0.0419921875 0.0380859375
0 0.2587890625 0.3369140625 0.033203125 0.0322265625
0 0.23779296875 0.35546875 0.033203125 0.0302734375
0 0.23095703125 0.3857421875 0.0439453125 0.0341796875
0 0.20751953125 0.421875 0.0341796875 0.0322265625
0 0.19580078125 0.43115234375 0.037109375 0.0361328125
0 0.16748046875 0.6552734375 0.0361328125 0.03125
0 0.19091796875 0.67578125 0.033203125 0.0322265625
0 0.17041015625 0.6845703125 0.037109375 0.0380859375
0 0.220703125 0.65283203125 0.0341796875 0.0283203125
0 0.19287109375 0.6318359375 0.037109375 0.037109375
0 0.25390625 0.59130859375 0.0400390625 0.0322265625
0 0.25244140625 0.5732421875 0.037109375 0.033203125
0 0.30517578125 0.5546875 0.0361328125 0.03515625
0 0.27978515625 0.54443359375 0.037109375 0.0302734375
0 0.2451171875 0.693359375 0.0361328125 0.0361328125
0 0.2744140625 0.71240234375 0.033203125 0.025390625
0 0.28515625 0.72802734375 0.03515625 0.02734375
0 0.2900390625 0.68994140625 0.0380859375 0.0341796875
0 0.2626953125 0.64697265625 0.0390625 0.03515625
0 0.310546875 0.6435546875 0.0419921875 0.03515625
0 0.32861328125 0.60888671875 0.0400390625 0.0322265625
0 0.3681640625 0.57958984375 0.0341796875 0.0341796875
0 0.39013671875 0.56884765625 0.0390625 0.0419921875
0 0.43212890625 0.55029296875 0.03125 0.02734375
0 0.4150390625 0.533203125 0.033203125 0.0283203125
0 0.40234375 0.51220703125 0.0390625 0.03515625
0 0.423828125 0.50048828125 0.0400390625 0.03515625
0 0.45068359375 0.4765625 0.0322265625 0.029296875
0 0.4765625 0.46337890625 0.0380859375 0.0400390625
0 0.50244140625 0.50244140625 0.029296875 0.0302734375
0 0.49609375 0.4833984375 0.0361328125 0.03125
0 0.5234375 0.470703125 0.0439453125 0.0380859375
0 0.5400390625 0.42626953125 0.0390625 0.03125
0 0.5126953125 0.3876953125 0.041015625 0.0390625
0 0.48486328125 0.376953125 0.03515625 0.0517578125
0 0.4609375 0.40673828125 0.037109375 0.0390625
0 0.43505859375 0.40869140625 0.03515625 0.03515625
0 0.455078125 0.431640625 0.0361328125 0.0322265625
0 0.4072265625 0.4560546875 0.0361328125 0.0341796875
0 0.365234375 0.45361328125 0.0400390625 0.033203125
0 0.35595703125 0.50927734375 0.0390625 0.0341796875
0 0.3271484375 0.5224609375 0.0361328125 0.03515625
0 0.32666015625 0.48583984375 0.0341796875 0.0302734375
0 0.3115234375 0.46826171875 0.0361328125 0.0302734375
0 0.3251953125 0.6806640625 0.03125 0.0302734375
0 0.34033203125 0.66552734375 0.029296875 0.02734375
0 0.35302734375 0.68115234375 0.0380859375 0.0322265625
0 0.35546875 0.6435546875 0.0322265625 0.033203125
0 0.3525390625 0.6337890625 0.03515625 0.0302734375
0 0.3828125 0.6533203125 0.0400390625 0.041015625
0 0.40234375 0.6455078125 0.046875 0.0478515625
0 0.39208984375 0.61572265625 0.03515625 0.03515625
0 0.42919921875 0.62158203125 0.04296875 0.0419921875
0 0.4501953125 0.59814453125 0.033203125 0.041015625
0 0.48046875 0.5556640625 0.0361328125 0.03125
0 0.51611328125 0.5419921875 0.033203125 0.0263671875
0 0.55029296875 0.53125 0.0380859375 0.033203125
0 0.5791015625 0.5400390625 0.03515625 0.0283203125
0 0.525390625 0.568359375 0.04296875 0.0341796875
0 0.525390625 0.60791015625 0.0400390625 0.0322265625
0 0.49267578125 0.63671875 0.0458984375 0.0380859375
0 0.48291015625 0.66650390625 0.04296875 0.0400390625
0 0.45751953125 0.71142578125 0.0390625 0.037109375
0 0.5810546875 0.48046875 0.0458984375 0.0419921875
0 0.59619140625 0.46337890625 0.0478515625 0.046875
0 0.58837890625 0.435546875 0.0458984375 0.05078125
0 0.630859375 0.44140625 0.0380859375 0.0361328125
0 0.61962890625 0.41552734375 0.0400390625 0.04296875
0 0.6240234375 0.3955078125 0.041015625 0.046875
0 0.57470703125 0.36181640625 0.0380859375 0.0361328125
0 0.58984375 0.34423828125 0.0400390625 0.044921875
0 0.6669921875 0.24462890625 0.0361328125 0.0302734375
0 0.34814453125 0.046875 0.0458984375 0.0537109375
0 0.41552734375 0.107421875 0.04296875 0.048828125
0 0.439453125 0.15625 0.0419921875 0.0498046875
0 0.46240234375 0.2109375 0.03515625 0.048828125
0 0.47705078125 0.267578125 0.0400390625 0.04296875
0 0.51611328125 0.20458984375 0.041015625 0.03125
0 0.560546875 0.22509765625 0.037109375 0.0419921875
0 0.53857421875 0.26416015625 0.0400390625 0.044921875
0 0.54833984375 0.32470703125 0.0390625 0.029296875
0 0.50146484375 0.31494140625 0.0380859375 0.0400390625
0 0.14453125 0.71875 0.0361328125 0.0322265625
0 0.30322265625 0.35546875 0.0361328125 0.033203125
0 0.33349609375 0.38671875 0.0380859375 0.0322265625
0 0.291015625 0.603515625 0.0361328125 0.0322265625