0 0.69384765625 0.35498046875 0.056640625 0.08203125
0 0.845703125 0.13720703125 0.0615234375 0.0712890625
0 0.42578125 0.123046875 0.04296875 0.083984375
0 0.94140625 0.548828125 0.0576171875 0.0859375
0 0.23486328125 0.130859375 0.0625 0.1015625
0 0.7431640625 0.93310546875 0.0498046875 0.0634765625
0 0.2158203125 0.091796875 0.0546875 0.0947265625
0 0.0830078125 0.32958984375 0.0419921875 0.0693359375
0 0.302734375 0.60498046875 0.046875 0.072265625
0 0.138671875 0.48388671875 0.0517578125 0.0751953125
0 0.1162109375 0.49609375 0.0625 0.0419921875
0 0.41259765625 0.09765625 0.0361328125 0.080078125
0 0.58056640625 0.4501953125 0.0400390625 0.046875
0 0.0263671875 0.1083984375 0.052734375 0.05859375
0 0.0947265625 0.50537109375 0.0498046875 0.033203125
0 0.61376953125 0.4150390625 0.0517578125 0.0888671875
0 0.85107421875 0.07275390625 0.037109375 0.0693359375
0 0.2109375 0.0732421875 0.03515625 0.0556640625