0 0.7890625 0.30908203125 0.03173828125 0.06201171875
0 0.82763671875 0.294921875 0.02978515625 0.0771484375
0 0.54736328125 0.50439453125 0.02734375 0.09375
0 0.6669921875 0.75634765625 0.03076171875 0.08447265625
0 0.828125 0.404296875 0.0302734375 0.0966796875
0 0.98193359375 0.541015625 0.03173828125 0.087890625
0 0.98046875 0.3564453125 0.0263671875 0.0859375
0 0.90576171875 0.27099609375 0.0224609375 0.078125
0 0.60986328125 0.66845703125 0.02490234375 0.0732421875
0 0.87841796875 0.26953125 0.0283203125 0.08642578125
0 0.55810546875 0.8583984375 0.0224609375 0.07275390625
0 0.70947265625 0.6875 0.02978515625 0.0888671875
0 0.73046875 0.51123046875 0.03515625 0.0810546875
0 0.75439453125 0.3642578125 0.02783203125 0.09228515625
0 0.7216796875 0.423828125 0.033203125 0.08251953125
0 0.97021484375 0.41162109375 0.02685546875 0.08642578125