0 0.81494140625 0.04052734375 0.013671875 0.01025390625
0 0.80615234375 0.02734375 0.0107421875 0.01513671875
0 0.76025390625 0.02734375 0.0078125 0.013671875
0 0.8212890625 0.02685546875 0.00732421875 0.0126953125
0 0.7294921875 0.0107421875 0.0107421875 0.01611328125
0 0.845703125 0.04296875 0.00927734375 0.01513671875
0 0.22998046875 0.794921875 0.02685546875 0.02880859375
0 0.75341796875 0.05908203125 0.013671875 0.0166015625
0 0.720703125 0.0078125 0.00927734375 0.013671875
0 0.1826171875 0.74755859375 0.025390625 0.02978515625
0 0.2861328125 0.9072265625 0.0322265625 0.04052734375
0 0.7724609375 0.02685546875 0.0068359375 0.01220703125
0 0.833984375 0.01513671875 0.005859375 0.01416015625
0 0.8427734375 0.009765625 0.00634765625 0.0126953125
0 0.82568359375 0.09033203125 0.01171875 0.01904296875
0 0.818359375 0.0458984375 0.01318359375 0.01611328125
0 0.75537109375 0.0205078125 0.01025390625 0.0126953125
0 0.73681640625 0.0166015625 0.00830078125 0.01611328125
0 0.81982421875 0.01708984375 0.0068359375 0.013671875