0 0.24658203125 0.287109375 0.021484375 0.0361328125
0 0.2998046875 0.193359375 0.0205078125 0.0361328125
0 0.31689453125 0.27294921875 0.025390625 0.0263671875
0 0.23876953125 0.23974609375 0.01953125 0.03515625
0 0.162109375 0.46240234375 0.0166015625 0.0361328125
0 0.14501953125 0.59033203125 0.017578125 0.0390625
0 0.3017578125 0.4697265625 0.0205078125 0.03125
0 0.27587890625 0.32958984375 0.01953125 0.0322265625
0 0.1669921875 0.84619140625 0.0205078125 0.0458984375
0 0.17724609375 0.6171875 0.0166015625 0.03515625
0 0.24365234375 0.76953125 0.01953125 0.037109375
0 0.099609375 0.10498046875 0.0185546875 0.0302734375
0 0.2392578125 0.203125 0.013671875 0.037109375
0 0.28955078125 0.20166015625 0.0146484375 0.0380859375
0 0.30419921875 0.2275390625 0.021484375 0.0419921875