0 0.03564453125 0.6025390625 0.017578125 0.0341796875
0 0.22314453125 0.5361328125 0.015625 0.03515625
0 0.1630859375 0.408203125 0.0146484375 0.0419921875
0 0.10107421875 0.29296875 0.025390625 0.037109375
0 0.3408203125 0.67578125 0.0234375 0.0419921875
0 0.14208984375 0.8076171875 0.0185546875 0.0244140625
0 0.048828125 0.54638671875 0.021484375 0.0224609375
0 0.046875 0.52685546875 0.0234375 0.0244140625
0 0.6953125 0.9970703125 0.025390625 0.005859375
0 0.02978515625 0.56103515625 0.0263671875 0.041015625
0 0.10400390625 0.935546875 0.0146484375 0.0263671875
0 0.49169921875 0.98876953125 0.0244140625 0.0224609375
0 0.0400390625 0.52490234375 0.0087890625 0.013671875