0 0.564453125 0.34619140625 0.0322265625 0.048828125
0 0.55224609375 0.36669921875 0.029296875 0.0419921875
0 0.39404296875 0.97509765625 0.0439453125 0.0498046875
0 0.31591796875 0.60205078125 0.0439453125 0.041015625
0 0.6220703125 0.0234375 0.0283203125 0.044921875
0 0.56884765625 0.1572265625 0.041015625 0.0537109375
0 0.60400390625 0.3115234375 0.03515625 0.06640625
0 0.927734375 0.48486328125 0.044921875 0.095703125
0 0.34912109375 0.30615234375 0.029296875 0.060546875
0 0.3896484375 0.55126953125 0.0380859375 0.0634765625
0 0.173828125 0.8291015625 0.046875 0.0478515625
0 0.220703125 0.4365234375 0.0390625 0.0576171875
0 0.08935546875 0.4296875 0.0458984375 0.0595703125
0 0.7119140625 0.94970703125 0.0419921875 0.0751953125
0 0.3056640625 0.6552734375 0.0341796875 0.1015625
0 0.2685546875 0.9130859375 0.03515625 0.0947265625
0 0.84228515625 0.81494140625 0.0361328125 0.0791015625
0 0.4814453125 0.26416015625 0.0439453125 0.052734375
0 0.88720703125 0.1259765625 0.0458984375 0.052734375
0 0.8017578125 0.6533203125 0.029296875 0.0546875
0 0.36181640625 0.25048828125 0.0380859375 0.0703125
0 0.51611328125 0.02880859375 0.0361328125 0.0576171875
0 0.0810546875 0.28857421875 0.0361328125 0.0703125
0 0.4716796875 0.21728515625 0.0419921875 0.0712890625
0 0.701171875 0.2451171875 0.041015625 0.0712890625
0 0.33935546875 0.8935546875 0.0517578125 0.1025390625
0 0.27099609375 0.13037109375 0.03515625 0.0693359375
0 0.95068359375 0.224609375 0.029296875 0.064453125
0 0.9755859375 0.68359375 0.0380859375 0.0927734375
0 0.89111328125 0.70458984375 0.0458984375 0.107421875