0 0.490234375 0.650390625 0.015625 0.02734375
0 0.50048828125 0.650390625 0.0166015625 0.0224609375
0 0.41650390625 0.66357421875 0.015625 0.025390625
0 0.64892578125 0.93603515625 0.01953125 0.025390625
0 0.58447265625 0.72314453125 0.0224609375 0.02734375
0 0.98486328125 0.849609375 0.0205078125 0.0224609375
0 0.46728515625 0.53271484375 0.0224609375 0.03125
0 0.82470703125 0.7880859375 0.01953125 0.021484375
0 0.52734375 0.41162109375 0.017578125 0.0234375
0 0.9365234375 0.802734375 0.0185546875 0.0322265625
0 0.529296875 0.849609375 0.01171875 0.0166015625
0 0.607421875 0.31103515625 0.0166015625 0.025390625
0 0.818359375 0.83349609375 0.0146484375 0.02734375
0 0.7607421875 0.6630859375 0.017578125 0.0166015625
0 0.5400390625 0.3564453125 0.0185546875 0.0234375
0 0.40576171875 0.58544921875 0.021484375 0.0185546875
0 0.3486328125 0.25634765625 0.017578125 0.0361328125
0 0.89599609375 0.7001953125 0.0205078125 0.0400390625
0 0.1787109375 0.08056640625 0.0205078125 0.0322265625