0 0.57080078125 0.81689453125 0.03076171875 0.015625
0 0.673828125 0.79345703125 0.0244140625 0.0107421875
0 0.923828125 0.8193359375 0.01953125 0.017578125
0 0.416015625 0.8681640625 0.02587890625 0.01123046875
0 0.37060546875 0.79345703125 0.0234375 0.009765625
0 0.861328125 0.7744140625 0.01611328125 0.0126953125
0 0.8720703125 0.79150390625 0.01611328125 0.013671875
0 0.392578125 0.81201171875 0.0244140625 0.01171875
0 0.94091796875 0.7548828125 0.02490234375 0.01025390625
0 0.99365234375 0.8291015625 0.0126953125 0.01171875
0 0.904296875 0.78515625 0.0224609375 0.01025390625
0 0.44140625 0.8154296875 0.02197265625 0.0107421875
0 0.8251953125 0.74853515625 0.0205078125 0.0107421875