0 0.4375 0.8994140625 0.017578125 0.03125
0 0.615234375 0.576171875 0.0185546875 0.029296875
0 0.51611328125 0.74462890625 0.017578125 0.0322265625
0 0.61083984375 0.54052734375 0.015625 0.029296875
0 0.8388671875 0.53955078125 0.015625 0.0224609375
0 0.70556640625 0.3447265625 0.017578125 0.0205078125
0 0.703125 0.330078125 0.0126953125 0.0166015625
0 0.61767578125 0.52197265625 0.013671875 0.025390625
0 0.658203125 0.470703125 0.01171875 0.0234375
0 0.63916015625 0.4013671875 0.0146484375 0.0234375
0 0.50146484375 0.52392578125 0.017578125 0.01953125
0 0.68505859375 0.54443359375 0.015625 0.021484375
0 0.94140625 0.56103515625 0.015625 0.03125
0 0.9912109375 0.60205078125 0.0126953125 0.02734375
0 0.5439453125 0.45849609375 0.013671875 0.021484375
0 0.5087890625 0.48828125 0.0205078125 0.0224609375
0 0.52587890625 0.8056640625 0.021484375 0.0263671875
0 0.5986328125 0.34765625 0.015625 0.025390625
0 0.4521484375 0.87353515625 0.017578125 0.02734375
0 0.615234375 0.47607421875 0.0185546875 0.01953125
0 0.87744140625 0.4404296875 0.017578125 0.02734375
0 0.52099609375 0.69580078125 0.017578125 0.01953125
0 0.7236328125 0.31298828125 0.017578125 0.021484375
0 0.6162109375 0.4033203125 0.0205078125 0.0234375
0 0.89990234375 0.44580078125 0.0146484375 0.02734375
0 0.68359375 0.33740234375 0.0185546875 0.0224609375
0 0.7705078125 0.328125 0.0146484375 0.017578125
0 0.9033203125 0.36962890625 0.017578125 0.0283203125
0 0.7939453125 0.29541015625 0.017578125 0.021484375
0 0.92724609375 0.25146484375 0.013671875 0.017578125
0 0.90869140625 0.56103515625 0.01953125 0.0263671875