0 0.2021484375 0.64111328125 0.0166015625 0.015625
0 0.2099609375 0.625 0.0244140625 0.0224609375
0 0.24609375 0.62158203125 0.0185546875 0.0224609375
0 0.423828125 0.68603515625 0.033203125 0.03515625
0 0.59033203125 0.5693359375 0.01953125 0.021484375
0 0.3876953125 0.61083984375 0.0185546875 0.025390625
0 0.63037109375 0.5673828125 0.0166015625 0.021484375
0 0.0703125 0.65087890625 0.0263671875 0.025390625
0 0.3916015625 0.69921875 0.029296875 0.03515625
0 0.34814453125 0.61669921875 0.025390625 0.0244140625
0 0.59521484375 0.60791015625 0.017578125 0.0263671875
0 0.1005859375 0.64697265625 0.017578125 0.025390625
0 0.3994140625 0.66015625 0.015625 0.029296875
0 0.49169921875 0.646484375 0.0234375 0.03125
0 0.30322265625 0.66796875 0.02734375 0.029296875
0 0.326171875 0.60595703125 0.013671875 0.0185546875
0 0.03857421875 0.685546875 0.025390625 0.0322265625
0 0.57568359375 0.6064453125 0.0107421875 0.0283203125
0 0.478515625 0.5908203125 0.0224609375 0.0263671875
0 0.8544921875 0.55126953125 0.0078125 0.021484375
0 0.8818359375 0.55078125 0.0078125 0.021484375
0 0.40478515625 0.59423828125 0.013671875 0.0263671875
0 0.5068359375 0.66943359375 0.0322265625 0.0361328125
0 0.78662109375 0.55419921875 0.0107421875 0.0224609375
0 0.80908203125 0.5537109375 0.0107421875 0.0205078125
0 0.64306640625 0.6181640625 0.01171875 0.0283203125
0 0.53076171875 0.57568359375 0.0146484375 0.0185546875
0 0.61181640625 0.568359375 0.0107421875 0.01953125
0 0.75830078125 0.5595703125 0.0224609375 0.021484375
0 0.7490234375 0.5576171875 0.0087890625 0.0234375
0 0.337890625 0.60400390625 0.0146484375 0.0166015625
0 0.82177734375 0.58984375 0.013671875 0.02734375
0 0.05859375 0.65625 0.0087890625 0.0146484375
0 0.2001953125 0.62451171875 0.0068359375 0.017578125
0 0.365234375 0.60595703125 0.017578125 0.025390625