0 0.3369140625 0.02734375 0.0146484375 0.02001953125
0 0.16552734375 0.486328125 0.0126953125 0.0224609375
0 0.00927734375 0.27001953125 0.01220703125 0.01953125
0 0.30517578125 0.443359375 0.01171875 0.029296875
0 0.55078125 0.03125 0.0126953125 0.03466796875
0 0.5166015625 0.35546875 0.01025390625 0.03369140625
0 0.11474609375 0.40625 0.0166015625 0.03173828125
0 0.4501953125 0.431640625 0.01611328125 0.0263671875
0 0.40673828125 0.3359375 0.0126953125 0.02001953125
0 0.544921875 0.333984375 0.01318359375 0.03564453125
0 0.361328125 0.40234375 0.013671875 0.02734375
0 0.556640625 0.10546875 0.01171875 0.03857421875
0 0.4296875 0.4033203125 0.01611328125 0.02978515625
0 0.224609375 0.04638671875 0.0166015625 0.0322265625
0 0.529296875 0.16064453125 0.01416015625 0.02783203125
0 0.1357421875 0.41064453125 0.01611328125 0.0361328125
0 0.55810546875 0.2177734375 0.01611328125 0.03466796875
0 0.14013671875 0.314453125 0.013671875 0.037109375
0 0.5439453125 0.26904296875 0.01220703125 0.03515625
0 0.16796875 0.265625 0.01513671875 0.0390625
0 0.470703125 0.16552734375 0.0126953125 0.0322265625
0 0.5 0.2939453125 0.01171875 0.02880859375
0 0.4580078125 0.36376953125 0.01025390625 0.03564453125
0 0.3564453125 0.072265625 0.0107421875 0.02978515625
0 0.4599609375 0.27734375 0.0107421875 0.0390625
0 0.22509765625 0.37548828125 0.009765625 0.02392578125
0 0.34033203125 0.248046875 0.009765625 0.0224609375
0 0.142578125 0.16552734375 0.009765625 0.0341796875
0 0.17578125 0.1611328125 0.015625 0.03369140625
0 0.0859375 0.03564453125 0.01318359375 0.03466796875
0 0.1552734375 0.2392578125 0.01708984375 0.02099609375
0 0.09033203125 0.04541015625 0.0146484375 0.02294921875
0 0.33984375 0.302734375 0.0126953125 0.02197265625
0 0.22216796875 0.080078125 0.0107421875 0.02392578125
0 0.5322265625 0.1279296875 0.01513671875 0.0224609375
0 0.490234375 0.23876953125 0.00927734375 0.02880859375
0 0.44140625 0.05029296875 0.01904296875 0.0263671875
0 0.119140625 0.26708984375 0.0166015625 0.03076171875
0 0.546875 0.21728515625 0.01611328125 0.03515625
0 0.22265625 0.2265625 0.0126953125 0.0341796875
0 0.0146484375 0.32373046875 0.01123046875 0.02294921875
0 0.30078125 0.3505859375 0.01708984375 0.02587890625
0 0.3857421875 0.1044921875 0.0087890625 0.02783203125
0 0.2236328125 0.279296875 0.01318359375 0.03466796875
0 0.4482421875 0.19189453125 0.0126953125 0.0400390625
0 0.265625 0.40673828125 0.01025390625 0.01953125
0 0.16064453125 0.130859375 0.01708984375 0.03857421875
0 0.31640625 0.24951171875 0.009765625 0.02685546875
0 0.21923828125 0.40673828125 0.00927734375 0.02783203125
0 0.4208984375 0.0380859375 0.015625 0.02978515625
0 0.1552734375 0.10888671875 0.0146484375 0.03515625
0 0.283203125 0.189453125 0.0126953125 0.02197265625
0 0.3125 0.2841796875 0.01220703125 0.0341796875
0 0.2607421875 0.3212890625 0.00732421875 0.0185546875
0 0.3701171875 0.13037109375 0.01416015625 0.03076171875
0 0.40966796875 0.05908203125 0.0126953125 0.0205078125
0 0.34521484375 0.15625 0.01220703125 0.033203125
0 0.28515625 0.24560546875 0.01611328125 0.03125
0 0.423828125 0.20458984375 0.01416015625 0.033203125
0 0.216796875 0.3447265625 0.01220703125 0.0400390625
0 0.1337890625 0.14794921875 0.01123046875 0.037109375
0 0.00341796875 0.33544921875 0.005859375 0.0185546875
0 0.3095703125 0.1787109375 0.01708984375 0.02587890625
0 0.2744140625 0.1220703125 0.015625 0.0244140625
0 0.3818359375 0.1982421875 0.0126953125 0.02734375
0 0.248046875 0.17333984375 0.017578125 0.04052734375
0 0.20703125 0.05419921875 0.01025390625 0.02001953125
0 0.0205078125 0.30859375 0.01123046875 0.025390625
0 0.205078125 0.375 0.017578125 0.02734375
0 0.27294921875 0.17626953125 0.0146484375 0.0283203125
0 0.2724609375 0.25537109375 0.0126953125 0.02099609375
0 0.97265625 0.2392578125 0.0068359375 0.00927734375
0 0.998046875 0.22412109375 0.00341796875 0.0087890625
0 0.14453125 0.1142578125 0.0107421875 0.02490234375
0 0.9150390625 0.23681640625 0.00830078125 0.009765625
0 0.708984375 0.396484375 0.0078125 0.01416015625