0 0.548828125 0.431640625 0.017578125 0.0380859375
0 0.92626953125 0.05908203125 0.0107421875 0.03125
0 0.75537109375 0.4453125 0.0224609375 0.0458984375
0 0.6962890625 0.3212890625 0.0185546875 0.0498046875
0 0.31982421875 0.07080078125 0.0166015625 0.02734375
0 0.408203125 0.10400390625 0.021484375 0.03125
0 0.64697265625 0.2060546875 0.017578125 0.03125
0 0.53271484375 0.658203125 0.017578125 0.04296875
0 0.357421875 0.05078125 0.021484375 0.017578125
0 0.271484375 0.060546875 0.0166015625 0.0244140625
0 0.369140625 0.06201171875 0.013671875 0.025390625
0 0.4189453125 0.267578125 0.01953125 0.033203125
0 0.19580078125 0.091796875 0.01953125 0.0263671875
0 0.712890625 0.125 0.0126953125 0.0224609375
0 0.56884765625 0.22607421875 0.017578125 0.0361328125
0 0.33984375 0.12548828125 0.017578125 0.033203125
0 0.7119140625 0.14404296875 0.013671875 0.0361328125
0 0.64892578125 0.04296875 0.015625 0.0185546875
0 0.34912109375 0.22705078125 0.01171875 0.037109375
0 0.525390625 0.28662109375 0.01953125 0.0322265625
0 0.4453125 0.74267578125 0.0166015625 0.03515625
0 0.6904296875 0.146484375 0.013671875 0.033203125
0 0.5205078125 0.00634765625 0.017578125 0.0126953125
0 0.33935546875 0.56201171875 0.0224609375 0.044921875
0 0.35888671875 0.22216796875 0.013671875 0.0400390625
0 0.37744140625 0.67431640625 0.0322265625 0.0380859375