0 0.1943359375 0.328125 0.0146484375 0.02099609375
0 0.14599609375 0.6318359375 0.01806640625 0.01220703125
0 0.1650390625 0.71435546875 0.0146484375 0.01953125
0 0.2119140625 0.8466796875 0.01025390625 0.0126953125
0 0.16015625 0.9814453125 0.017578125 0.0205078125
0 0.24609375 0.33251953125 0.01171875 0.01953125
0 0.30615234375 0.501953125 0.01611328125 0.01904296875
0 0.24365234375 0.490234375 0.0126953125 0.02490234375
0 0.162109375 0.71044921875 0.00732421875 0.01318359375
0 0.15625 0.533203125 0.0146484375 0.01708984375
0 0.169921875 0.50732421875 0.0185546875 0.017578125