0 0.18212890625 0.27490234375 0.078125 0.0732421875
0 0.302734375 0.525390625 0.0654296875 0.0693359375
0 0.09521484375 0.28271484375 0.0703125 0.08251953125
0 0.30810546875 0.203125 0.07666015625 0.07177734375
0 0.02294921875 0.13916015625 0.0458984375 0.064453125
0 0.349609375 0.24658203125 0.06201171875 0.0458984375
0 0.7421875 0.30224609375 0.07373046875 0.07568359375
0 0.73486328125 0.03955078125 0.0419921875 0.05517578125
0 0.66943359375 0.22021484375 0.0830078125 0.0771484375
0 0.96923828125 0.0859375 0.060546875 0.05615234375
0 0.27294921875 0.11767578125 0.0615234375 0.0576171875
0 0.72607421875 0.75439453125 0.12841796875 0.12060546875
0 0.19775390625 0.32080078125 0.07275390625 0.07373046875
0 0.265625 0.62060546875 0.08251953125 0.13818359375
0 0.79052734375 0.9765625 0.13623046875 0.046875
0 0.41162109375 0.0869140625 0.0419921875 0.0546875
0 0.1796875 0.0146484375 0.044921875 0.029296875
0 0.0107421875 0.525390625 0.021484375 0.06103515625
0 0.88623046875 0.92919921875 0.1611328125 0.1416015625
0 0.56005859375 0.912109375 0.15234375 0.16845703125
0 0.6083984375 0.2548828125 0.0439453125 0.056640625