0 0.50439453125 0.11376953125 0.015625 0.033203125
0 0.439453125 0.013671875 0.017578125 0.0234375
0 0.9609375 0.46337890625 0.017578125 0.037109375
0 0.818359375 0.53369140625 0.0205078125 0.0224609375
0 0.794921875 0.529296875 0.015625 0.0341796875
0 0.79833984375 0.41845703125 0.013671875 0.03125
0 0.65869140625 0.54296875 0.0224609375 0.0390625
0 0.90380859375 0.2724609375 0.0166015625 0.037109375
0 0.98974609375 0.46728515625 0.0166015625 0.033203125
0 0.75390625 0.1328125 0.0166015625 0.0361328125
0 0.78076171875 0.14453125 0.017578125 0.0390625
0 0.58935546875 0.359375 0.0166015625 0.033203125
0 0.9404296875 0.2392578125 0.0205078125 0.025390625