0 0.46337890625 0.14892578125 0.02490234375 0.076171875
0 0.3671875 0.72998046875 0.052734375 0.05810546875
0 0.39794921875 0.33837890625 0.0302734375 0.09619140625
0 0.3837890625 0.0537109375 0.021484375 0.05615234375
0 0.1318359375 0.35546875 0.01953125 0.08447265625
0 0.30810546875 0.30029296875 0.048828125 0.05078125
0 0.439453125 0.77294921875 0.03369140625 0.08740234375
0 0.2333984375 0.2041015625 0.02197265625 0.0673828125
0 0.3388671875 0.22705078125 0.04443359375 0.0517578125
0 0.4638671875 0.970703125 0.03857421875 0.0576171875
0 0.5703125 0.11279296875 0.03369140625 0.06298828125
0 0.2978515625 0.1279296875 0.0400390625 0.04638671875
0 0.23828125 0.70263671875 0.02197265625 0.072265625
0 0.384765625 0.48291015625 0.033203125 0.07666015625