0 0.51123046875 0.64501953125 0.0205078125 0.0498046875
0 0.3681640625 0.62353515625 0.02734375 0.0439453125
0 0.72705078125 0.43115234375 0.0361328125 0.05859375
0 0.4453125 0.70654296875 0.021484375 0.0517578125
0 0.50439453125 0.6005859375 0.03125 0.0498046875
0 0.17041015625 0.5673828125 0.0263671875 0.0361328125
0 0.68701171875 0.54736328125 0.0283203125 0.0576171875
0 0.53125 0.65478515625 0.0263671875 0.046875
0 0.24951171875 0.8544921875 0.0302734375 0.05859375
0 0.14697265625 0.54833984375 0.02734375 0.0419921875
0 0.39697265625 0.6884765625 0.025390625 0.056640625
0 0.15478515625 0.62451171875 0.0244140625 0.044921875
0 0.19189453125 0.93798828125 0.0224609375 0.0390625
0 0.4033203125 0.60302734375 0.0341796875 0.033203125
0 0.88525390625 0.2236328125 0.03125 0.0654296875
0 0.80908203125 0.17724609375 0.0302734375 0.0703125
0 0.89599609375 0.08203125 0.0263671875 0.052734375
0 0.87451171875 0.12841796875 0.025390625 0.0556640625
0 0.859375 0.12744140625 0.0263671875 0.05078125
0 0.8359375 0.125 0.0341796875 0.0576171875
0 0.84375 0.095703125 0.0341796875 0.05859375
0 0.87744140625 0.06494140625 0.0263671875 0.025390625