0 0.9892578125 0.02490234375 0.009765625 0.0224609375
0 0.88671875 0.90283203125 0.013671875 0.0185546875
0 0.861328125 0.60009765625 0.013671875 0.017578125
0 0.8291015625 0.57763671875 0.0107421875 0.0234375
0 0.8466796875 0.81787109375 0.0107421875 0.0234375
0 0.75927734375 0.68994140625 0.009765625 0.037109375
0 0.771484375 0.498046875 0.009765625 0.0263671875
0 0.9423828125 0.68798828125 0.01171875 0.01953125
0 0.78564453125 0.482421875 0.0087890625 0.03125
0 0.77587890625 0.38330078125 0.0078125 0.0234375
0 0.76708984375 0.419921875 0.01171875 0.0283203125
0 0.79931640625 0.73681640625 0.0068359375 0.0234375
0 0.990234375 0.84228515625 0.0126953125 0.0361328125
0 0.9931640625 0.09521484375 0.013671875 0.0283203125
0 0.81494140625 0.58251953125 0.0068359375 0.025390625
0 0.853515625 0.6103515625 0.0078125 0.025390625
0 0.82958984375 0.10400390625 0.0146484375 0.0224609375
0 0.8896484375 0.6689453125 0.01171875 0.0234375
0 0.8427734375 0.1162109375 0.0126953125 0.015625
0 0.955078125 0.2529296875 0.009765625 0.021484375
0 0.90478515625 0.66650390625 0.0078125 0.02734375