0 0.20263671875 0.4375 0.017578125 0.0361328125
0 0.0966796875 0.64990234375 0.015625 0.0322265625
0 0.1640625 0.81591796875 0.01953125 0.0361328125
0 0.244140625 0.8095703125 0.0224609375 0.03125
0 0.29736328125 0.71484375 0.015625 0.03515625
0 0.302734375 0.57177734375 0.015625 0.033203125
0 0.29052734375 0.72802734375 0.015625 0.03515625
0 0.00634765625 0.44677734375 0.0126953125 0.0361328125
0 0.015625 0.1748046875 0.0205078125 0.0322265625
0 0.197265625 0.33642578125 0.013671875 0.029296875
0 0.14013671875 0.1015625 0.0224609375 0.0341796875
0 0.0361328125 0.1591796875 0.0205078125 0.0322265625
0 0.2275390625 0.36279296875 0.0107421875 0.0146484375
0 0.30126953125 0.70458984375 0.017578125 0.0361328125