0 0.8369140625 0.57666015625 0.0185546875 0.0224609375
0 0.83154296875 0.5224609375 0.0166015625 0.025390625
0 0.798828125 0.5146484375 0.0185546875 0.0263671875
0 0.7138671875 0.41796875 0.0185546875 0.025390625
0 0.73828125 0.5302734375 0.01953125 0.02734375
0 0.68896484375 0.4111328125 0.01953125 0.0244140625
0 0.73388671875 0.494140625 0.017578125 0.0166015625
0 0.552734375 0.88330078125 0.0185546875 0.0234375
0 0.63671875 0.54345703125 0.0185546875 0.0244140625
0 0.734375 0.7216796875 0.017578125 0.0263671875
0 0.763671875 0.4287109375 0.0224609375 0.037109375
0 0.64599609375 0.7841796875 0.0185546875 0.01953125
0 0.59765625 0.7470703125 0.025390625 0.025390625
0 0.12744140625 0.3701171875 0.0166015625 0.0205078125
0 0.65673828125 0.53955078125 0.0146484375 0.0234375
0 0.38720703125 0.31103515625 0.015625 0.0205078125
0 0.7861328125 0.56103515625 0.0166015625 0.0263671875
0 0.67041015625 0.6767578125 0.015625 0.029296875
0 0.60595703125 0.501953125 0.013671875 0.0234375
0 0.38525390625 0.34375 0.0126953125 0.0205078125
0 0.79541015625 0.5947265625 0.0146484375 0.0234375
0 0.7607421875 0.4580078125 0.013671875 0.0234375
0 0.62939453125 0.75390625 0.015625 0.02734375
0 0.3720703125 0.31396484375 0.01953125 0.01953125
0 0.5595703125 0.6279296875 0.01953125 0.017578125
0 0.427734375 0.45068359375 0.0146484375 0.0224609375
0 0.65087890625 0.7275390625 0.0146484375 0.03125
0 0.58984375 0.365234375 0.01171875 0.0205078125
0 0.0419921875 0.41259765625 0.015625 0.0244140625
0 0.52001953125 0.50048828125 0.0126953125 0.0234375
0 0.43603515625 0.7314453125 0.0185546875 0.0244140625
0 0.552734375 0.45556640625 0.0166015625 0.0234375
0 0.0185546875 0.50390625 0.015625 0.0205078125
0 0.62109375 0.6298828125 0.0146484375 0.0166015625
0 0.5908203125 0.88037109375 0.0166015625 0.033203125
0 0.005859375 0.4931640625 0.01171875 0.01953125
0 0.52099609375 0.59619140625 0.0166015625 0.0224609375
0 0.0263671875 0.54443359375 0.015625 0.021484375
0 0.1650390625 0.982421875 0.021484375 0.0283203125
0 0.16748046875 0.33544921875 0.01171875 0.0185546875
0 0.4296875 0.38330078125 0.013671875 0.021484375
0 0.33154296875 0.6455078125 0.01953125 0.0322265625
0 0.33203125 0.3740234375 0.0107421875 0.0205078125
0 0.56982421875 0.6728515625 0.013671875 0.0234375
0 0.50927734375 0.74658203125 0.0166015625 0.033203125
0 0.5302734375 0.35400390625 0.01171875 0.021484375
0 0.6708984375 0.630859375 0.013671875 0.0224609375
0 0.21533203125 0.4462890625 0.015625 0.0263671875
0 0.63525390625 0.6279296875 0.013671875 0.025390625
0 0.595703125 0.65673828125 0.0244140625 0.0380859375
0 0.39501953125 0.96826171875 0.01953125 0.033203125
0 0.74853515625 0.64697265625 0.0146484375 0.0244140625
0 0.51708984375 0.77734375 0.0146484375 0.033203125
0 0.21533203125 0.40283203125 0.013671875 0.015625
0 0.53515625 0.39404296875 0.0126953125 0.025390625
0 0.5947265625 0.58642578125 0.0126953125 0.0263671875
0 0.1611328125 0.73583984375 0.0166015625 0.021484375
0 0.583984375 0.517578125 0.013671875 0.013671875
0 0.45068359375 0.6298828125 0.0126953125 0.0185546875
0 0.5712890625 0.6142578125 0.013671875 0.02734375
0 0.6591796875 0.87744140625 0.013671875 0.0263671875
0 0.42333984375 0.552734375 0.0263671875 0.0439453125
0 0.11181640625 0.56982421875 0.0126953125 0.0263671875
0 0.484375 0.771484375 0.013671875 0.0244140625
0 0.53271484375 0.65234375 0.017578125 0.017578125
0 0.47607421875 0.82861328125 0.0126953125 0.0283203125
0 0.26611328125 0.4736328125 0.017578125 0.02734375
0 0.77392578125 0.50537109375 0.013671875 0.01953125
0 0.55078125 0.36669921875 0.013671875 0.025390625
0 0.0478515625 0.71728515625 0.013671875 0.0302734375
0 0.65625 0.4033203125 0.015625 0.025390625
0 0.5419921875 0.43212890625 0.0205078125 0.0224609375
0 0.18017578125 0.77001953125 0.0146484375 0.025390625
0 0.09521484375 0.79345703125 0.0146484375 0.02734375
0 0.0224609375 0.63671875 0.0126953125 0.017578125
0 0.1845703125 0.69482421875 0.015625 0.0283203125
0 0.435546875 0.5986328125 0.01171875 0.0234375
0 0.35791015625 0.498046875 0.013671875 0.0224609375
0 0.45068359375 0.671875 0.015625 0.0302734375
0 0.2578125 0.693359375 0.0126953125 0.0224609375
0 0.294921875 0.48828125 0.01171875 0.017578125
0 0.7373046875 0.59033203125 0.0126953125 0.0205078125
0 0.28515625 0.35791015625 0.009765625 0.0185546875
0 0.07666015625 0.75927734375 0.0146484375 0.03125
0 0.44580078125 0.5341796875 0.0107421875 0.0234375
0 0.23828125 0.6611328125 0.0166015625 0.0302734375
0 0.4072265625 0.47216796875 0.009765625 0.021484375
0 0.25341796875 0.43994140625 0.01171875 0.0244140625
0 0.69140625 0.51220703125 0.0166015625 0.02734375
0 0.126953125 0.91455078125 0.015625 0.0341796875
0 0.41455078125 0.6943359375 0.0126953125 0.029296875
0 0.63525390625 0.55517578125 0.01171875 0.017578125
0 0.154296875 0.44921875 0.013671875 0.0205078125
0 0.13037109375 0.384765625 0.01171875 0.0185546875
0 0.09619140625 0.47607421875 0.01171875 0.0205078125
0 0.58740234375 0.53564453125 0.0126953125 0.02734375
0 0.1357421875 0.45361328125 0.01171875 0.01953125
0 0.4306640625 0.6962890625 0.01171875 0.02734375
0 0.3818359375 0.90185546875 0.0146484375 0.0224609375
0 0.5693359375 0.60009765625 0.01953125 0.0283203125
0 0.21240234375 0.6513671875 0.0126953125 0.0302734375
0 0.63623046875 0.60986328125 0.01171875 0.0146484375
0 0.56298828125 0.37060546875 0.01171875 0.021484375
0 0.68359375 0.7421875 0.013671875 0.0205078125
0 0.02783203125 0.576171875 0.0107421875 0.0205078125
0 0.6787109375 0.46142578125 0.01171875 0.0224609375
0 0.14013671875 0.50732421875 0.015625 0.0205078125
0 0.2822265625 0.583984375 0.0107421875 0.0244140625
0 0.193359375 0.5869140625 0.01171875 0.0224609375
0 0.1142578125 0.744140625 0.01171875 0.0263671875
0 0.2236328125 0.4189453125 0.0107421875 0.0185546875
0 0.21533203125 0.97509765625 0.0146484375 0.0322265625
0 0.3388671875 0.5634765625 0.0126953125 0.0234375
0 0.10009765625 0.53271484375 0.01171875 0.0263671875
0 0.06787109375 0.716796875 0.01171875 0.021484375
0 0.2998046875 0.41064453125 0.009765625 0.01953125
0 0.45068359375 0.4990234375 0.0107421875 0.013671875
0 0.33642578125 0.52294921875 0.009765625 0.021484375
0 0.341796875 0.44921875 0.009765625 0.021484375
0 0.18359375 0.46630859375 0.0205078125 0.0283203125
0 0.41357421875 0.951171875 0.0126953125 0.0283203125
0 0.1171875 0.513671875 0.01171875 0.0244140625
0 0.22900390625 0.8154296875 0.01171875 0.025390625
0 0.19921875 0.8125 0.0146484375 0.0322265625
0 0.5244140625 0.689453125 0.0224609375 0.02734375
0 0.19384765625 0.54150390625 0.009765625 0.0224609375
0 0.5078125 0.5224609375 0.0185546875 0.017578125
0 0.13720703125 0.73193359375 0.01171875 0.0224609375
0 0.1328125 0.56103515625 0.0146484375 0.0224609375
0 0.30908203125 0.62109375 0.0107421875 0.0244140625
0 0.26611328125 0.4169921875 0.009765625 0.0224609375
0 0.57177734375 0.47900390625 0.015625 0.03125
0 0.05419921875 0.80712890625 0.0126953125 0.0283203125
0 0.19140625 0.44482421875 0.0107421875 0.0205078125
0 0.357421875 0.63232421875 0.017578125 0.021484375
0 0.30859375 0.47021484375 0.009765625 0.021484375
0 0.22705078125 0.44140625 0.0107421875 0.0224609375
0 0.01025390625 0.48046875 0.01171875 0.021484375
0 0.4345703125 0.9443359375 0.0166015625 0.0361328125
0 0.31494140625 0.45849609375 0.0107421875 0.01171875
0 0.35107421875 0.59814453125 0.01953125 0.0205078125
0 0.56982421875 0.466796875 0.015625 0.021484375
0 0.10546875 0.96044921875 0.0146484375 0.025390625
0 0.66748046875 0.412109375 0.0166015625 0.0263671875
0 0.4033203125 0.693359375 0.0126953125 0.02734375
0 0.35888671875 0.3515625 0.013671875 0.0224609375
0 0.171875 0.4892578125 0.0126953125 0.029296875
0 0.15966796875 0.48388671875 0.0126953125 0.0224609375
0 0.162109375 0.6083984375 0.0205078125 0.0283203125
0 0.51953125 0.6455078125 0.0146484375 0.0244140625
0 0.42333984375 0.54150390625 0.0146484375 0.021484375
0 0.298828125 0.50830078125 0.01171875 0.0224609375
0 0.365234375 0.365234375 0.0166015625 0.017578125
0 0.4150390625 0.724609375 0.0126953125 0.0302734375
0 0.28369140625 0.63134765625 0.009765625 0.01953125
0 0.29541015625 0.60009765625 0.009765625 0.0234375
0 0.1552734375 0.6005859375 0.009765625 0.017578125
0 0.13916015625 0.5283203125 0.009765625 0.021484375
0 0.27880859375 0.3916015625 0.01171875 0.0205078125
0 0.3193359375 0.6103515625 0.0107421875 0.0224609375
0 0.9365234375 0.4677734375 0.01953125 0.017578125
0 0.1787109375 0.46923828125 0.0107421875 0.0205078125
0 0.1650390625 0.52734375 0.0126953125 0.02734375
0 0.98583984375 0.48388671875 0.009765625 0.0146484375