0 0.68017578125 0.41357421875 0.0458984375 0.06396484375
0 0.2197265625 0.49462890625 0.02099609375 0.0537109375
0 0.28515625 0.482421875 0.0380859375 0.04443359375
0 0.4072265625 0.41796875 0.0283203125 0.03759765625
0 0.52099609375 0.794921875 0.02197265625 0.0732421875
0 0.25341796875 0.421875 0.03515625 0.04248046875
0 0.94189453125 0.45751953125 0.0380859375 0.048828125
0 0.494140625 0.75537109375 0.0224609375 0.06884765625
0 0.46484375 0.84521484375 0.0244140625 0.08251953125
0 0.8837890625 0.4306640625 0.04052734375 0.04345703125
0 0.71630859375 0.3544921875 0.021484375 0.03369140625
0 0.30859375 0.5390625 0.02001953125 0.05517578125
0 0.03759765625 0.73486328125 0.0302734375 0.0888671875
0 0.82275390625 0.453125 0.01953125 0.04541015625
0 0.52880859375 0.5546875 0.03076171875 0.04736328125
0 0.60302734375 0.7080078125 0.03466796875 0.05810546875
0 0.89599609375 0.18505859375 0.02880859375 0.03076171875
0 0.59326171875 0.8388671875 0.0341796875 0.083984375
0 0.66845703125 0.62109375 0.02392578125 0.07275390625
0 0.94970703125 0.73291015625 0.046875 0.0634765625
0 0.275390625 0.8876953125 0.02978515625 0.10009765625
0 0.69287109375 0.5634765625 0.017578125 0.05419921875
0 0.90283203125 0.29541015625 0.0244140625 0.03564453125
0 0.49267578125 0.45556640625 0.03662109375 0.04248046875
0 0.09765625 0.748046875 0.03271484375 0.04931640625
0 0.8994140625 0.65234375 0.05029296875 0.0576171875
0 0.9833984375 0.4619140625 0.01806640625 0.03369140625
0 0.16259765625 0.70068359375 0.02587890625 0.05322265625
0 0.818359375 0.64599609375 0.04833984375 0.06396484375
0 0.62255859375 0.57177734375 0.021484375 0.0576171875
0 0.97900390625 0.36376953125 0.03076171875 0.0224609375
0 0.95068359375 0.5107421875 0.01708984375 0.052734375
0 0.1103515625 0.87744140625 0.033203125 0.1025390625
0 0.498046875 0.41357421875 0.0244140625 0.03271484375
0 0.720703125 0.9541015625 0.0322265625 0.091796875
0 0.02099609375 0.5673828125 0.04150390625 0.0751953125
0 0.13720703125 0.86083984375 0.0380859375 0.05712890625
0 0.90185546875 0.2119140625 0.01708984375 0.0283203125
0 0.9658203125 0.25048828125 0.0205078125 0.03515625
0 0.83837890625 0.39892578125 0.033203125 0.0390625
0 0.0107421875 0.39306640625 0.01904296875 0.0439453125
0 0.8388671875 0.71240234375 0.033203125 0.0751953125
0 0.8818359375 0.29541015625 0.0205078125 0.02685546875
0 0.521484375 0.5439453125 0.0146484375 0.03662109375
0 0.9267578125 0.5439453125 0.0166015625 0.033203125
0 0.3115234375 0.9296875 0.0263671875 0.1025390625
0 0.99169921875 0.50341796875 0.01513671875 0.044921875
0 0.82373046875 0.68701171875 0.0478515625 0.0625
0 0.00927734375 0.501953125 0.0185546875 0.0498046875
0 0.91357421875 0.2470703125 0.0107421875 0.0400390625
0 0.99658203125 0.294921875 0.00634765625 0.03466796875
0 0.96826171875 0.3681640625 0.0146484375 0.01953125
0 0.0390625 0.705078125 0.0234375 0.03173828125
0 0.9521484375 0.22021484375 0.029296875 0.02783203125
0 0.880859375 0.27685546875 0.0146484375 0.02783203125
0 0.35205078125 0.42041015625 0.02001953125 0.03466796875
0 0.3759765625 0.416015625 0.017578125 0.0380859375
0 0.5576171875 0.615234375 0.02294921875 0.03125
0 0.67626953125 0.8291015625 0.068359375 0.0751953125
0 0.06103515625 0.61279296875 0.0400390625 0.0576171875
0 0.14697265625 0.5458984375 0.0283203125 0.05859375
0 0.90771484375 0.3388671875 0.0244140625 0.0458984375
0 0.83447265625 0.4873046875 0.01953125 0.056640625
0 0.66796875 0.5751953125 0.0263671875 0.05419921875
0 0.6396484375 0.5478515625 0.0185546875 0.0556640625
0 0.787109375 0.453125 0.0205078125 0.0478515625
0 0.3388671875 0.85107421875 0.0234375 0.07763671875
0 0.8037109375 0.4560546875 0.01953125 0.046875
0 0.92919921875 0.5693359375 0.02197265625 0.02978515625
0 0.95654296875 0.640625 0.04541015625 0.0625
0 0.83447265625 0.33203125 0.01513671875 0.01953125
0 0.99755859375 0.41650390625 0.00439453125 0.03857421875