0 0.27783203125 0.31640625 0.02587890625 0.02197265625
0 0.54443359375 0.13623046875 0.009765625 0.0390625
0 0.74755859375 0.0146484375 0.009765625 0.02880859375
0 0.5947265625 0.02001953125 0.0107421875 0.0361328125
0 0.55322265625 0.06494140625 0.009765625 0.0341796875
0 0.48046875 0.0146484375 0.01025390625 0.02880859375
0 0.22119140625 0.2255859375 0.02490234375 0.02880859375
0 0.880859375 0.13623046875 0.015625 0.04736328125
0 0.068359375 0.05419921875 0.02392578125 0.03955078125
0 0.30029296875 0.1552734375 0.0126953125 0.03662109375
0 0.8134765625 0.234375 0.02294921875 0.0302734375
0 0.98388671875 0.1611328125 0.025390625 0.0537109375
0 0.595703125 0.2978515625 0.02294921875 0.03759765625
0 0.51953125 0.33984375 0.0234375 0.03369140625
0 0.9619140625 0.35986328125 0.02587890625 0.02294921875
0 0.9365234375 0.08447265625 0.0166015625 0.04541015625
0 0.603515625 0.33984375 0.02099609375 0.0322265625
0 0.28369140625 0.2021484375 0.01123046875 0.04248046875
0 0.8154296875 0.044921875 0.0107421875 0.04052734375
0 0.4833984375 0.13671875 0.0107421875 0.05810546875
0 0.37353515625 0.16650390625 0.02197265625 0.03271484375
0 0.50439453125 0.1923828125 0.01123046875 0.05712890625
0 0.7138671875 0.01904296875 0.013671875 0.03662109375
0 0.724609375 0.29248046875 0.0126953125 0.04443359375
0 0.32958984375 0.09423828125 0.0234375 0.041015625
0 0.46875 0.12939453125 0.01171875 0.04541015625
0 0.23779296875 0.07861328125 0.0283203125 0.021484375
0 0.7880859375 0.166015625 0.015625 0.05078125
0 0.83447265625 0.08154296875 0.01416015625 0.04443359375
0 0.6962890625 0.2822265625 0.0244140625 0.025390625
0 0.77392578125 0.291015625 0.013671875 0.04736328125
0 0.6171875 0.12548828125 0.0126953125 0.0439453125
0 0.1923828125 0.009765625 0.0205078125 0.01953125
0 0.5 0.0390625 0.0244140625 0.01806640625
0 0.21826171875 0.27880859375 0.02880859375 0.02294921875
0 0.435546875 0.107421875 0.01123046875 0.04833984375
0 0.80712890625 0.134765625 0.01220703125 0.046875
0 0.35888671875 0.05615234375 0.013671875 0.0556640625
0 0.861328125 0.24072265625 0.01806640625 0.04541015625
0 0.59521484375 0.12744140625 0.01513671875 0.04052734375
0 0.4775390625 0.07470703125 0.009765625 0.05126953125
0 0.607421875 0.03759765625 0.01220703125 0.0380859375
0 0.7236328125 0.0888671875 0.0224609375 0.03857421875
0 0.4169921875 0.013671875 0.00927734375 0.02685546875
0 0.89990234375 0.1982421875 0.0166015625 0.0546875
0 0.087890625 0.0068359375 0.01416015625 0.013671875
0 0.697265625 0.22900390625 0.0234375 0.0390625
0 0.439453125 0.173828125 0.01708984375 0.048828125
0 0.8701171875 0.01025390625 0.01416015625 0.02001953125
0 0.38037109375 0.01416015625 0.0107421875 0.02783203125
0 0.66259765625 0.03662109375 0.01025390625 0.05029296875
0 0.77880859375 0.021484375 0.01416015625 0.04052734375
0 0.99609375 0.05078125 0.00732421875 0.0380859375
0 0.923828125 0.19384765625 0.0185546875 0.05224609375
0 0.8291015625 0.013671875 0.0205078125 0.02685546875
0 0.88916015625 0.01220703125 0.01025390625 0.02392578125
0 0.4599609375 0.046875 0.02001953125 0.0595703125