0 0.53173828125 0.26904296875 0.0419921875 0.03955078125
0 0.646484375 0.2841796875 0.0400390625 0.0244140625
0 0.33203125 0.474609375 0.0576171875 0.0634765625
0 0.4814453125 0.36865234375 0.05419921875 0.05224609375
0 0.5986328125 0.25341796875 0.04248046875 0.04345703125
0 0.04931640625 0.27685546875 0.0419921875 0.0537109375
0 0.23779296875 0.30908203125 0.0390625 0.03369140625
0 0.96435546875 0.3173828125 0.0517578125 0.04052734375
0 0.07275390625 0.15234375 0.0361328125 0.0361328125
0 0.2646484375 0.3544921875 0.04443359375 0.05029296875
0 0.8828125 0.20556640625 0.03955078125 0.0390625
0 0.4033203125 0.2939453125 0.044921875 0.05078125
0 0.5556640625 0.203125 0.037109375 0.041015625
0 0.5830078125 0.40185546875 0.0556640625 0.06884765625
0 0.89501953125 0.0810546875 0.0244140625 0.0166015625
0 0.97998046875 0.1611328125 0.0302734375 0.03759765625
0 0.794921875 0.88037109375 0.09814453125 0.10595703125
0 0.6572265625 0.1748046875 0.02734375 0.04150390625
0 0.5908203125 0.07177734375 0.029296875 0.03369140625
0 0.85791015625 0.31298828125 0.04443359375 0.046875
0 0.3515625 0.28515625 0.044921875 0.05029296875
0 0.4375 0.24658203125 0.0263671875 0.02587890625
0 0.009765625 0.0830078125 0.01904296875 0.037109375
0 0.53515625 0.3623046875 0.04638671875 0.0498046875
0 0.19140625 0.173828125 0.02880859375 0.037109375
0 0.98095703125 0.2021484375 0.0380859375 0.03125
0 0.7001953125 0.244140625 0.0380859375 0.05224609375
0 0.1142578125 0.046875 0.021484375 0.0185546875
0 0.74951171875 0.22607421875 0.04150390625 0.05029296875
0 0.14990234375 0.650390625 0.07568359375 0.08447265625
0 0.12158203125 0.0888671875 0.029296875 0.03369140625
0 0.6376953125 0.09228515625 0.02783203125 0.0283203125
0 0.26611328125 0.3046875 0.04052734375 0.05078125
0 0.05615234375 0.03662109375 0.02587890625 0.033203125
0 0.716796875 0.2265625 0.033203125 0.0458984375
0 0.30615234375 0.23583984375 0.02783203125 0.02099609375
0 0.966796875 0.537109375 0.064453125 0.06494140625
0 0.658203125 0.03955078125 0.025390625 0.02734375
0 0.7080078125 0.16259765625 0.03271484375 0.0390625
0 0.361328125 0.12109375 0.0205078125 0.0146484375
0 0.931640625 0.126953125 0.02490234375 0.03515625
0 0.92919921875 0.2861328125 0.0390625 0.04150390625
0 0.21337890625 0.146484375 0.02880859375 0.04296875
0 0.33984375 0.2626953125 0.03271484375 0.0205078125
0 0.92431640625 0.75146484375 0.080078125 0.0986328125
0 0.09765625 0.9140625 0.05126953125 0.12353515625
0 0.4873046875 0.1708984375 0.02490234375 0.04150390625
0 0.5673828125 0.61279296875 0.0654296875 0.07861328125
0 0.82666015625 0.146484375 0.03466796875 0.0361328125
0 0.66552734375 0.01220703125 0.021484375 0.0224609375
0 0.259765625 0.16357421875 0.03662109375 0.03857421875
0 0.77880859375 0.13134765625 0.0302734375 0.033203125
0 0.328125 0.20263671875 0.02734375 0.04638671875
0 0.3125 0.12646484375 0.02197265625 0.01513671875
0 0.61083984375 0.04248046875 0.02099609375 0.0302734375
0 0.7373046875 0.07080078125 0.033203125 0.0361328125
0 0.587890625 0.02587890625 0.02734375 0.02587890625
0 0.05859375 0.013671875 0.01708984375 0.025390625
0 0.14208984375 0.37060546875 0.03564453125 0.048828125
0 0.439453125 0.0712890625 0.02734375 0.02978515625
0 0.09814453125 0.26953125 0.0244140625 0.03466796875
0 0.162109375 0.14453125 0.029296875 0.0390625
0 0.65576171875 0.83349609375 0.06884765625 0.08349609375
0 0.0576171875 0.244140625 0.02490234375 0.0341796875
0 0.18115234375 0.150390625 0.02685546875 0.0380859375
0 0.5107421875 0.16064453125 0.02978515625 0.03759765625
0 0.18701171875 0.0361328125 0.0234375 0.02880859375
0 0.3515625 0.0791015625 0.01953125 0.03125
0 0.400390625 0.068359375 0.02587890625 0.0166015625
0 0.423828125 0.1435546875 0.02587890625 0.03564453125
0 0.17138671875 0.0791015625 0.02490234375 0.0361328125
0 0.4443359375 0.01904296875 0.01611328125 0.02734375
0 0.2265625 0.080078125 0.01953125 0.02197265625
0 0.1494140625 0.0908203125 0.0244140625 0.03125
0 0.4033203125 0.03515625 0.021484375 0.02880859375
0 0.208984375 0.0625 0.0263671875 0.0322265625
0 0.4287109375 0.10888671875 0.0263671875 0.015625
0 0.51025390625 0.10888671875 0.03173828125 0.0341796875
0 0.08984375 0.0693359375 0.02294921875 0.02978515625
0 0.47900390625 0.046875 0.03173828125 0.0302734375
0 0.3271484375 0.0126953125 0.01171875 0.025390625
0 0.55126953125 0.0126953125 0.021484375 0.01513671875
0 0.50341796875 0.03515625 0.02587890625 0.0302734375
0 0.42333984375 0.01123046875 0.021484375 0.0224609375
0 0.376953125 0.0126953125 0.01953125 0.025390625
0 0.32177734375 0.0966796875 0.02783203125 0.03076171875
0 0.50048828125 0.091796875 0.0322265625 0.02587890625
0 0.52294921875 0.0107421875 0.02001953125 0.01513671875
0 0.556640625 0.10791015625 0.0283203125 0.03173828125
0 0.27392578125 0.1005859375 0.0234375 0.03369140625
0 0.37744140625 0.06103515625 0.02587890625 0.03271484375
0 0.689453125 0.0380859375 0.02197265625 0.0146484375
0 0.3076171875 0.03857421875 0.025390625 0.02880859375
0 0.2734375 0.07958984375 0.02490234375 0.03271484375
0 0.55712890625 0.080078125 0.0224609375 0.0302734375
0 0.28759765625 0.0244140625 0.01416015625 0.025390625
0 0.44921875 0.12255859375 0.02099609375 0.03955078125
0 0.296875 0.11279296875 0.025390625 0.03515625
0 0.4853515625 0.10693359375 0.021484375 0.0244140625
0 0.388671875 0.04638671875 0.025390625 0.02978515625
0 0.11279296875 0.00830078125 0.0224609375 0.0166015625
0 0.00537109375 0.017578125 0.0107421875 0.0263671875
0 0.4765625 0.0087890625 0.02001953125 0.01708984375
0 0.53466796875 0.1015625 0.0224609375 0.0185546875
0 0.1884765625 0.021484375 0.0224609375 0.01611328125
0 0.9326171875 0.990234375 0.06591796875 0.0185546875
0 0.2529296875 0.07080078125 0.0166015625 0.0234375
0 0.744140625 0.05859375 0.0205078125 0.0185546875
0 0.4970703125 0.02587890625 0.0205078125 0.0185546875
0 0.88720703125 0.07861328125 0.00927734375 0.01220703125
0 0.2177734375 0.04296875 0.00927734375 0.0224609375
0 0.2900390625 0.00830078125 0.01806640625 0.0166015625
0 0.29150390625 0.04541015625 0.015625 0.013671875