0 0.13818359375 0.44921875 0.01806640625 0.025390625
0 0.1962890625 0.04296875 0.01416015625 0.0205078125
0 0.1962890625 0.1396484375 0.013671875 0.0185546875
0 0.23681640625 0.0185546875 0.0166015625 0.017578125
0 0.013671875 0.03125 0.0166015625 0.02001953125
0 0.0087890625 0.1474609375 0.01513671875 0.021484375
0 0.16943359375 0.1064453125 0.01318359375 0.0185546875
0 0.04052734375 0.01513671875 0.013671875 0.02294921875
0 0.14892578125 0.08935546875 0.0146484375 0.02490234375
0 0.04931640625 0.20703125 0.0205078125 0.0341796875
0 0.126953125 0.14697265625 0.013671875 0.03125
0 0.0244140625 0.00634765625 0.00927734375 0.0126953125