0 0.4716796875 0.08447265625 0.0498046875 0.0576171875
0 0.52978515625 0.5830078125 0.048828125 0.05859375
0 0.521484375 0.1953125 0.0615234375 0.0654296875
0 0.37353515625 0.1630859375 0.0439453125 0.048828125
0 0.54541015625 0.37353515625 0.0419921875 0.0576171875
0 0.5478515625 0.27490234375 0.0537109375 0.0654296875
0 0.10302734375 0.37353515625 0.041015625 0.0361328125
0 0.59521484375 0.93017578125 0.0361328125 0.078125
0 0.0732421875 0.794921875 0.05078125 0.0478515625
0 0.66064453125 0.8837890625 0.0556640625 0.0537109375
0 0.0380859375 0.56591796875 0.0419921875 0.05078125
0 0.55712890625 0.4765625 0.041015625 0.0390625
0 0.53662109375 0.9580078125 0.041015625 0.0556640625
0 0.07568359375 0.6142578125 0.041015625 0.0458984375
0 0.19140625 0.35009765625 0.0400390625 0.044921875
0 0.4091796875 0.865234375 0.0439453125 0.0517578125
0 0.119140625 0.76416015625 0.0419921875 0.041015625
0 0.23681640625 0.3427734375 0.04296875 0.0400390625
0 0.27001953125 0.39501953125 0.04296875 0.037109375
0 0.4521484375 0.6416015625 0.037109375 0.056640625
0 0.49462890625 0.8251953125 0.037109375 0.0546875
0 0.3212890625 0.5009765625 0.03515625 0.05859375
0 0.07275390625 0.7333984375 0.0458984375 0.04296875
0 0.42724609375 0.5068359375 0.0498046875 0.0458984375
0 0.4609375 0.33642578125 0.04296875 0.064453125
0 0.65283203125 0.68408203125 0.037109375 0.0771484375
0 0.16064453125 0.572265625 0.0400390625 0.0458984375
0 0.1767578125 0.0751953125 0.041015625 0.048828125
0 0.501953125 0.91943359375 0.0400390625 0.0498046875
0 0.3994140625 0.68994140625 0.041015625 0.0576171875
0 0.12451171875 0.2333984375 0.0439453125 0.048828125
0 0.1845703125 0.1611328125 0.0458984375 0.0498046875
0 0.27197265625 0.62890625 0.041015625 0.0361328125
0 0.322265625 0.7578125 0.0458984375 0.0341796875
0 0.2998046875 0.81396484375 0.0400390625 0.0419921875
0 0.25048828125 0.98681640625 0.0458984375 0.0263671875
0 0.32861328125 0.68896484375 0.0419921875 0.0517578125
0 0.330078125 0.625 0.033203125 0.0693359375
0 0.130859375 0.3125 0.0458984375 0.052734375
0 0.15234375 0.8818359375 0.04296875 0.046875
0 0.33349609375 0.82177734375 0.0400390625 0.05859375
0 0.0556640625 0.32958984375 0.0478515625 0.0751953125
0 0.2451171875 0.89208984375 0.046875 0.052734375
0 0.0224609375 0.31298828125 0.044921875 0.0712890625
0 0.2294921875 0.97607421875 0.044921875 0.0478515625
0 0.41552734375 0.51611328125 0.025390625 0.029296875
0 0.07861328125 0.64599609375 0.03515625 0.037109375