0 0.3076171875 0.70458984375 0.04736328125 0.0859375
0 0.27880859375 0.69775390625 0.0322265625 0.07275390625
0 0.18115234375 0.74853515625 0.07666015625 0.07275390625
0 0.07861328125 0.57763671875 0.0458984375 0.052734375
0 0.44970703125 0.78466796875 0.0634765625 0.083984375
0 0.0517578125 0.91552734375 0.04931640625 0.08447265625
0 0.048828125 0.6640625 0.03271484375 0.046875
0 0.26904296875 0.583984375 0.037109375 0.046875
0 0.0615234375 0.7724609375 0.04736328125 0.0625
0 0.02587890625 0.767578125 0.0498046875 0.05810546875
0 0.11181640625 0.5478515625 0.0205078125 0.04345703125
0 0.18115234375 0.607421875 0.02392578125 0.0498046875
0 0.2060546875 0.5537109375 0.03466796875 0.0400390625
0 0.09765625 0.697265625 0.05322265625 0.0576171875
0 0.14892578125 0.56982421875 0.0439453125 0.041015625
0 0.02685546875 0.44140625 0.0263671875 0.0322265625
0 0.14404296875 0.70166015625 0.0537109375 0.05419921875
0 0.126953125 0.49072265625 0.0361328125 0.0361328125
0 0.017578125 0.6455078125 0.03515625 0.046875
0 0.029296875 0.51220703125 0.0302734375 0.03466796875
0 0.0830078125 0.46728515625 0.0107421875 0.03759765625
0 0.0078125 0.5390625 0.015625 0.037109375
0 0.13330078125 0.5673828125 0.015625 0.0244140625