0 0.904296875 0.5419921875 0.0224609375 0.0244140625
0 0.81982421875 0.67431640625 0.0263671875 0.0234375
0 0.73388671875 0.49560546875 0.015625 0.03125
0 0.9755859375 0.48828125 0.0244140625 0.0234375
0 0.771484375 0.13330078125 0.0166015625 0.0263671875
0 0.70166015625 0.3037109375 0.0146484375 0.0283203125
0 0.7685546875 0.3115234375 0.0185546875 0.0283203125
0 0.71240234375 0.1279296875 0.0185546875 0.0166015625
0 0.87841796875 0.27001953125 0.0205078125 0.021484375
0 0.88037109375 0.17822265625 0.033203125 0.0439453125
0 0.80615234375 0.119140625 0.017578125 0.0205078125
0 0.7353515625 0.15966796875 0.01953125 0.021484375
0 0.66259765625 0.00341796875 0.0166015625 0.0068359375
0 0.923828125 0.85888671875 0.0205078125 0.0234375
0 0.7373046875 0.08544921875 0.0166015625 0.0185546875
0 0.70068359375 0.05224609375 0.0146484375 0.025390625
0 0.79248046875 0.4365234375 0.01953125 0.021484375
0 0.7646484375 0.33984375 0.0224609375 0.01953125
0 0.70849609375 0.24755859375 0.0166015625 0.0283203125
0 0.82666015625 0.44189453125 0.0205078125 0.0224609375
0 0.80078125 0.00634765625 0.015625 0.0126953125
0 0.99560546875 0.62255859375 0.0087890625 0.0302734375
0 0.7216796875 0.0966796875 0.017578125 0.017578125
0 0.705078125 0.19970703125 0.017578125 0.0224609375
0 0.89599609375 0.06396484375 0.0185546875 0.0185546875
0 0.72021484375 0.24462890625 0.0185546875 0.02734375
0 0.72216796875 0.06103515625 0.01953125 0.01953125
0 0.958984375 0.458984375 0.0224609375 0.025390625
0 0.74267578125 0.30712890625 0.01953125 0.017578125
0 0.92822265625 0.23828125 0.01953125 0.021484375
0 0.794921875 0.25634765625 0.0185546875 0.0234375
0 0.74462890625 0.00439453125 0.0185546875 0.0087890625
0 0.908203125 0.234375 0.0224609375 0.0234375
0 0.865234375 0.47900390625 0.0185546875 0.0224609375
0 0.8466796875 0.07958984375 0.0185546875 0.0205078125
0 0.79736328125 0.6181640625 0.0234375 0.0244140625
0 0.83642578125 0.3486328125 0.01953125 0.0205078125
0 0.93798828125 0.3740234375 0.021484375 0.0185546875
0 0.72705078125 0.025390625 0.0185546875 0.0185546875
0 0.76806640625 0.505859375 0.0185546875 0.01953125
0 0.77978515625 0.07958984375 0.0185546875 0.017578125
0 0.810546875 0.0205078125 0.0166015625 0.021484375
0 0.8720703125 0.328125 0.0205078125 0.0166015625
0 0.7626953125 0.40771484375 0.017578125 0.0166015625
0 0.7919921875 0.57275390625 0.0205078125 0.01953125
0 0.873046875 0.0224609375 0.021484375 0.0166015625
0 0.896484375 0.24462890625 0.015625 0.017578125
0 0.87548828125 0.18701171875 0.0146484375 0.0234375
0 0.88232421875 0.1630859375 0.017578125 0.015625
0 0.7734375 0.55322265625 0.015625 0.0146484375
0 0.89599609375 0.033203125 0.009765625 0.017578125
0 0.95166015625 0.25390625 0.0068359375 0.0126953125
0 0.7109375 0.19384765625 0.025390625 0.02734375