0 0.34326171875 0.50537109375 0.021484375 0.0263671875
0 0.53662109375 0.02294921875 0.01953125 0.0322265625
0 0.1435546875 0.15478515625 0.0146484375 0.03515625
0 0.736328125 0.0888671875 0.0126953125 0.0390625
0 0.58154296875 0.17236328125 0.0126953125 0.03125
0 0.689453125 0.1630859375 0.013671875 0.0341796875
0 0.72607421875 0.3798828125 0.0107421875 0.0361328125
0 0.333984375 0.27490234375 0.009765625 0.03125
0 0.982421875 0.46337890625 0.0126953125 0.03515625
0 0.64501953125 0.13134765625 0.0126953125 0.0322265625
0 0.65771484375 0.1728515625 0.01171875 0.0322265625
0 0.8828125 0.11572265625 0.01171875 0.0380859375
0 0.45654296875 0.23876953125 0.009765625 0.041015625
0 0.8701171875 0.12646484375 0.009765625 0.0419921875
0 0.8349609375 0.2998046875 0.0126953125 0.0361328125
0 0.43994140625 0.3720703125 0.01171875 0.0322265625
0 0.5419921875 0.134765625 0.015625 0.033203125
0 0.181640625 0.08935546875 0.0146484375 0.03515625
0 0.51513671875 0.1435546875 0.0107421875 0.0400390625
0 0.94189453125 0.4892578125 0.0166015625 0.02734375
0 0.91357421875 0.24755859375 0.013671875 0.0390625
0 0.42822265625 0.05419921875 0.01171875 0.037109375
0 0.9150390625 0.0693359375 0.0107421875 0.0380859375
0 0.68798828125 0.21630859375 0.009765625 0.029296875
0 0.42724609375 0.28857421875 0.01171875 0.03515625
0 0.2841796875 0.2890625 0.01953125 0.0263671875
0 0.0126953125 0.33544921875 0.01953125 0.033203125
0 0.90771484375 0.158203125 0.01171875 0.037109375
0 0.69091796875 0.0546875 0.0146484375 0.037109375
0 0.94482421875 0.10205078125 0.01171875 0.03515625
0 0.2841796875 0.32470703125 0.015625 0.0341796875
0 0.89453125 0.1953125 0.01171875 0.0390625
0 0.43896484375 0.03369140625 0.013671875 0.0361328125
0 0.86083984375 0.09130859375 0.017578125 0.0263671875
0 0.14404296875 0.390625 0.0205078125 0.0263671875
0 0.83349609375 0.27392578125 0.0126953125 0.0400390625
0 0.8193359375 0.09814453125 0.01171875 0.0380859375
0 0.33203125 0.41748046875 0.0224609375 0.0302734375
0 0.8837890625 0.072265625 0.01171875 0.0361328125
0 0.89794921875 0.4345703125 0.0126953125 0.029296875
0 0.30615234375 0.2509765625 0.01171875 0.0390625
0 0.99853515625 0.12109375 0.0029296875 0.037109375
0 0.98876953125 0.0322265625 0.017578125 0.021484375
0 0.31884765625 0.01171875 0.0107421875 0.0234375
0 0.9892578125 0.06201171875 0.013671875 0.033203125
0 0.92431640625 0.017578125 0.0146484375 0.0205078125
0 0.9609375 0.01611328125 0.0087890625 0.0166015625