0 0.96435546875 0.16015625 0.04150390625 0.09814453125
0 0.79248046875 0.12158203125 0.033203125 0.11376953125
0 0.87646484375 0.43896484375 0.06591796875 0.07373046875
0 0.75927734375 0.27001953125 0.06689453125 0.041015625
0 0.81591796875 0.212890625 0.056640625 0.0634765625
0 0.93603515625 0.2890625 0.0625 0.06787109375
0 0.814453125 0.14794921875 0.0556640625 0.07275390625
0 0.88330078125 0.38623046875 0.06591796875 0.0654296875
0 0.77685546875 0.056640625 0.05322265625 0.0556640625
0 0.91845703125 0.46044921875 0.06884765625 0.0419921875
0 0.87158203125 0.33154296875 0.06982421875 0.04052734375
0 0.86474609375 0.298828125 0.06201171875 0.041015625