0 0.33447265625 0.7265625 0.0224609375 0.0390625
0 0.84912109375 0.7900390625 0.0234375 0.0439453125
0 0.26806640625 0.93017578125 0.0439453125 0.0595703125
0 0.48828125 0.58349609375 0.0205078125 0.0380859375
0 0.44384765625 0.36865234375 0.0283203125 0.03125
0 0.54833984375 0.74560546875 0.0224609375 0.0419921875
0 0.26513671875 0.65185546875 0.046875 0.0498046875
0 0.6279296875 0.9755859375 0.05078125 0.048828125
0 0.0380859375 0.623046875 0.0224609375 0.0380859375
0 0.5869140625 0.76318359375 0.0283203125 0.048828125
0 0.58935546875 0.87353515625 0.033203125 0.0576171875
0 0.76708984375 0.52880859375 0.0166015625 0.0322265625
0 0.6240234375 0.38232421875 0.015625 0.0244140625
0 0.41552734375 0.38037109375 0.0166015625 0.0263671875
0 0.150390625 0.599609375 0.0234375 0.0419921875
0 0.6787109375 0.83837890625 0.0361328125 0.048828125
0 0.017578125 0.837890625 0.0341796875 0.060546875
0 0.28076171875 0.7626953125 0.03125 0.0390625
0 0.16162109375 0.68994140625 0.0283203125 0.044921875
0 0.7666015625 0.869140625 0.0263671875 0.05078125
0 0.7900390625 0.66943359375 0.0263671875 0.0380859375
0 0.689453125 0.96875 0.03125 0.0576171875
0 0.8662109375 0.666015625 0.02734375 0.0380859375
0 0.900390625 0.63525390625 0.0341796875 0.0595703125
0 0.1845703125 0.62353515625 0.0263671875 0.04296875
0 0.89013671875 0.35595703125 0.0185546875 0.029296875
0 0.50048828125 0.4091796875 0.015625 0.025390625
0 0.25 0.63671875 0.0234375 0.041015625
0 0.4599609375 0.8671875 0.0263671875 0.048828125
0 0.5947265625 0.7177734375 0.021484375 0.0400390625
0 0.79736328125 0.48779296875 0.0234375 0.029296875
0 0.53173828125 0.5537109375 0.02734375 0.0361328125
0 0.49365234375 0.8486328125 0.02734375 0.0498046875
0 0.1318359375 0.74169921875 0.0263671875 0.046875
0 0.78369140625 0.6162109375 0.0263671875 0.0322265625
0 0.947265625 0.37353515625 0.0205078125 0.025390625
0 0.9697265625 0.43017578125 0.0244140625 0.0263671875
0 0.73779296875 0.453125 0.0146484375 0.0185546875
0 0.8642578125 0.5 0.017578125 0.0283203125
0 0.2578125 0.77783203125 0.03125 0.0615234375
0 0.9345703125 0.75390625 0.0244140625 0.03125
0 0.07568359375 0.79931640625 0.0283203125 0.05078125
0 0.30078125 0.865234375 0.03125 0.037109375
0 0.4736328125 0.8251953125 0.0244140625 0.0458984375
0 0.08447265625 0.6826171875 0.029296875 0.048828125
0 0.7958984375 0.765625 0.029296875 0.044921875
0 0.71923828125 0.48291015625 0.015625 0.0244140625
0 0.3544921875 0.93359375 0.021484375 0.0322265625
0 0.89208984375 0.39892578125 0.013671875 0.0224609375
0 0.830078125 0.580078125 0.0185546875 0.03125
0 0.6259765625 0.97119140625 0.0263671875 0.0458984375
0 0.92724609375 0.6005859375 0.021484375 0.0302734375
0 0.72705078125 0.46142578125 0.0146484375 0.0224609375
0 0.87451171875 0.35107421875 0.0126953125 0.0205078125
0 0.90234375 0.62109375 0.0224609375 0.02734375
0 0.9560546875 0.4580078125 0.0234375 0.0244140625
0 0.888671875 0.51708984375 0.017578125 0.025390625
0 0.822265625 0.48388671875 0.015625 0.0234375
0 0.8369140625 0.48291015625 0.021484375 0.0283203125
0 0.767578125 0.86083984375 0.0185546875 0.02734375
0 0.98388671875 0.3408203125 0.0244140625 0.0263671875