0 0.0751953125 0.17626953125 0.0205078125 0.0302734375
0 0.3388671875 0.8623046875 0.021484375 0.0322265625
0 0.24951171875 0.5107421875 0.017578125 0.03515625
0 0.091796875 0.3779296875 0.0224609375 0.037109375
0 0.5947265625 0.25244140625 0.0234375 0.025390625
0 0.5185546875 0.72265625 0.0146484375 0.0244140625
0 0.06884765625 0.0302734375 0.01953125 0.037109375
0 0.40087890625 0.57275390625 0.0283203125 0.0361328125
0 0.0234375 0.8759765625 0.0126953125 0.029296875
0 0.24755859375 0.6015625 0.01953125 0.0302734375
0 0.59228515625 0.80712890625 0.0224609375 0.0283203125
0 0.6845703125 0.505859375 0.0234375 0.0322265625
0 0.1259765625 0.53466796875 0.021484375 0.025390625
0 0.091796875 0.3310546875 0.0185546875 0.025390625
0 0.4580078125 0.13427734375 0.0185546875 0.0361328125
0 0.8740234375 0.03076171875 0.02734375 0.0263671875
0 0.453125 0.43798828125 0.0234375 0.0302734375
0 0.5947265625 0.52294921875 0.02734375 0.037109375
0 0.12158203125 0.59423828125 0.025390625 0.0341796875
0 0.00927734375 0.3505859375 0.009765625 0.033203125
0 0.595703125 0.1923828125 0.0146484375 0.0205078125
0 0.0673828125 0.30859375 0.0224609375 0.03515625
0 0.23974609375 0.41552734375 0.017578125 0.037109375
0 0.265625 0.66259765625 0.0224609375 0.033203125
0 0.0732421875 0.94091796875 0.0234375 0.0361328125
0 0.01025390625 0.60986328125 0.0205078125 0.0341796875
0 0.28515625 0.13525390625 0.0244140625 0.02734375
0 0.70703125 0.482421875 0.021484375 0.0361328125
0 0.73046875 0.41845703125 0.0234375 0.03125
0 0.55810546875 0.25244140625 0.0166015625 0.0234375
0 0.04296875 0.943359375 0.0185546875 0.0302734375
0 0.4716796875 0.29931640625 0.015625 0.0283203125
0 0.50146484375 0.515625 0.0263671875 0.029296875
0 0.1591796875 0.03515625 0.0185546875 0.0556640625
0 0.1796875 0.12646484375 0.0185546875 0.0380859375
0 0.28515625 0.10400390625 0.0244140625 0.0263671875
0 0.49853515625 0.26513671875 0.0166015625 0.0390625
0 0.43505859375 0.12158203125 0.02734375 0.0283203125
0 0.734375 0.55517578125 0.0224609375 0.02734375
0 0.09716796875 0.09423828125 0.021484375 0.0283203125
0 0.0283203125 0.6728515625 0.017578125 0.0224609375
0 0.7490234375 0.8076171875 0.0205078125 0.0322265625
0 0.63330078125 0.43798828125 0.02734375 0.033203125
0 0.7724609375 0.4228515625 0.0234375 0.029296875
0 0.7431640625 0.39453125 0.02734375 0.029296875
0 0.3212890625 0.24658203125 0.0107421875 0.03515625
0 0.45654296875 0.23828125 0.0224609375 0.0390625
0 0.302734375 0.52392578125 0.021484375 0.021484375
0 0.72802734375 0.73583984375 0.021484375 0.0302734375
0 0.546875 0.35595703125 0.0146484375 0.0234375
0 0.6376953125 0.72607421875 0.0107421875 0.025390625
0 0.4951171875 0.36474609375 0.021484375 0.0263671875
0 0.0302734375 0.72412109375 0.0126953125 0.0224609375
0 0.4970703125 0.2236328125 0.0224609375 0.041015625
0 0.2734375 0.1787109375 0.0166015625 0.0439453125
0 0.50146484375 0.48291015625 0.0244140625 0.0341796875
0 0.21826171875 0.86669921875 0.017578125 0.0283203125
0 0.7646484375 0.1484375 0.0205078125 0.0185546875
0 0.51708984375 0.185546875 0.017578125 0.0205078125
0 0.32177734375 0.01025390625 0.0224609375 0.0205078125
0 0.76806640625 0.7373046875 0.0146484375 0.02734375
0 0.74560546875 0.46142578125 0.02734375 0.025390625
0 0.41796875 0.91357421875 0.017578125 0.0224609375
0 0.5390625 0.2119140625 0.0185546875 0.0205078125
0 0.54150390625 0.3134765625 0.0185546875 0.0234375
0 0.6455078125 0.69873046875 0.0205078125 0.0224609375
0 0.59521484375 0.35107421875 0.0126953125 0.029296875
0 0.68603515625 0.9931640625 0.0185546875 0.013671875
0 0.66748046875 0.76708984375 0.01953125 0.0390625
0 0.68359375 0.54736328125 0.0185546875 0.0390625
0 0.74169921875 0.49462890625 0.0224609375 0.01953125
0 0.798828125 0.66259765625 0.0146484375 0.0205078125
0 0.27099609375 0.759765625 0.009765625 0.0244140625
0 0.46142578125 0.91845703125 0.0078125 0.017578125
0 0.6796875 0.93359375 0.021484375 0.03515625
0 0.6708984375 0.77685546875 0.0107421875 0.021484375
0 0.75732421875 0.140625 0.0146484375 0.0185546875
0 0.1796875 0.19873046875 0.017578125 0.0361328125
0 0.19091796875 0.35546875 0.0107421875 0.017578125
0 0.21337890625 0.7041015625 0.0224609375 0.0234375
0 0.68994140625 0.5146484375 0.01171875 0.01953125
0 0.14306640625 0.07763671875 0.0087890625 0.0146484375
0 0.88232421875 0.03662109375 0.0126953125 0.0146484375
0 0.7548828125 0.81396484375 0.01171875 0.01953125
0 0.9267578125 0.150390625 0.015625 0.0205078125
0 0.037109375 0.978515625 0.01171875 0.009765625
0 0.29931640625 0.890625 0.0068359375 0.0126953125
0 0.2001953125 0.2392578125 0.0107421875 0.017578125