0 0.54296875 0.13427734375 0.0556640625 0.0732421875
0 0.15625 0.36572265625 0.052734375 0.0556640625
0 0.4755859375 0.40234375 0.037109375 0.072265625
0 0.04541015625 0.23388671875 0.046875 0.048828125
0 0.5810546875 0.66162109375 0.041015625 0.0625
0 0.17431640625 0.11669921875 0.0380859375 0.0556640625
0 0.63427734375 0.78125 0.046875 0.037109375
0 0.09716796875 0.74609375 0.037109375 0.0693359375
0 0.59765625 0.89794921875 0.0556640625 0.048828125
0 0.697265625 0.87646484375 0.0478515625 0.0400390625
0 0.4365234375 0.5849609375 0.0390625 0.0615234375
0 0.75732421875 0.6953125 0.03515625 0.0654296875
0 0.67138671875 0.4599609375 0.04296875 0.0654296875
0 0.2080078125 0.6103515625 0.0400390625 0.046875
0 0.19775390625 0.716796875 0.044921875 0.0478515625
0 0.26318359375 0.15869140625 0.0439453125 0.068359375
0 0.755859375 0.45068359375 0.0361328125 0.08203125
0 0.44580078125 0.986328125 0.0419921875 0.02734375
0 0.17626953125 0.22216796875 0.0400390625 0.0595703125
0 0.62353515625 0.47998046875 0.0400390625 0.0732421875
0 0.38037109375 0.93603515625 0.04296875 0.0380859375
0 0.16064453125 0.46337890625 0.04296875 0.0439453125
0 0.03564453125 0.7373046875 0.01171875 0.0263671875
0 0.1611328125 0.49951171875 0.0390625 0.0390625
0 0.38427734375 0.1865234375 0.0498046875 0.05078125
0 0.4404296875 0.17626953125 0.029296875 0.0751953125
0 0.0751953125 0.8896484375 0.0439453125 0.0478515625