0 0.96240234375 0.07568359375 0.02685546875 0.068359375
0 0.37158203125 0.05224609375 0.02587890625 0.06298828125
0 0.6572265625 0.77734375 0.033203125 0.07958984375
0 0.2138671875 0.23583984375 0.03173828125 0.0576171875
0 0.80029296875 0.6513671875 0.0263671875 0.08251953125
0 0.220703125 0.708984375 0.02685546875 0.07666015625
0 0.486328125 0.0322265625 0.0361328125 0.06396484375
0 0.0869140625 0.0830078125 0.02783203125 0.06640625
0 0.8564453125 0.5263671875 0.03369140625 0.0751953125
0 0.77490234375 0.490234375 0.02392578125 0.06689453125
0 0.36865234375 0.35400390625 0.02294921875 0.05078125
0 0.1357421875 0.6357421875 0.0380859375 0.04345703125
0 0.353515625 0.1181640625 0.02099609375 0.06396484375
0 0.287109375 0.6865234375 0.0341796875 0.0712890625
0 0.4912109375 0.091796875 0.04248046875 0.04931640625
0 0.755859375 0.88818359375 0.0341796875 0.0634765625
0 0.94384765625 0.513671875 0.02880859375 0.0654296875
0 0.970703125 0.7392578125 0.04443359375 0.048828125
0 0.0830078125 0.21875 0.03515625 0.044921875
0 0.26904296875 0.8232421875 0.02587890625 0.05859375
0 0.27685546875 0.4462890625 0.01708984375 0.07177734375
0 0.341796875 0.791015625 0.0400390625 0.04931640625
0 0.501953125 0.93212890625 0.03173828125 0.08203125
0 0.05712890625 0.9775390625 0.03369140625 0.04345703125
0 0.60693359375 0.126953125 0.02587890625 0.0517578125
0 0.1337890625 0.96630859375 0.02490234375 0.0478515625
0 0.9140625 0.32080078125 0.03125 0.07958984375
0 0.71142578125 0.06982421875 0.03125 0.0693359375
0 0.29541015625 0.40966796875 0.03466796875 0.03369140625
0 0.26171875 0.8076171875 0.0107421875 0.02783203125
0 0.2783203125 0.6669921875 0.01416015625 0.03076171875
0 0.2578125 0.865234375 0.0390625 0.03515625
0 0.56494140625 0.16943359375 0.02392578125 0.0498046875
0 0.5478515625 0.1845703125 0.02978515625 0.05810546875
0 0.3046875 0.72509765625 0.02490234375 0.05712890625
0 0.330078125 0.779296875 0.01416015625 0.02490234375