0 0.583984375 0.91064453125 0.0380859375 0.056640625
0 0.69970703125 0.7255859375 0.0537109375 0.0654296875
0 0.71435546875 0.82373046875 0.033203125 0.0537109375
0 0.802734375 0.8974609375 0.08203125 0.103515625
0 0.70751953125 0.9111328125 0.041015625 0.056640625
0 0.44091796875 0.966796875 0.0419921875 0.0556640625
0 0.83251953125 0.92333984375 0.033203125 0.0546875
0 0.310546875 0.66748046875 0.060546875 0.07421875
0 0.42138671875 0.740234375 0.01953125 0.0439453125
0 0.76025390625 0.7275390625 0.017578125 0.041015625
0 0.5322265625 0.71826171875 0.0537109375 0.1025390625
0 0.52880859375 0.87158203125 0.0302734375 0.048828125
0 0.24951171875 0.97021484375 0.033203125 0.0439453125
0 0.37060546875 0.8359375 0.0341796875 0.03125
0 0.1328125 0.90234375 0.080078125 0.0732421875
0 0.42333984375 0.828125 0.0244140625 0.0458984375
0 0.1435546875 0.89501953125 0.0205078125 0.0517578125
0 0.33251953125 0.671875 0.029296875 0.037109375
0 0.646484375 0.90283203125 0.0361328125 0.0478515625
0 0.72998046875 0.79833984375 0.0263671875 0.025390625
0 0.46044921875 0.92529296875 0.033203125 0.05859375
0 0.7099609375 0.724609375 0.017578125 0.0390625
0 0.81982421875 0.73779296875 0.017578125 0.044921875
0 0.96142578125 0.79638671875 0.0556640625 0.0537109375
0 0.8916015625 0.87890625 0.02734375 0.0390625
0 0.51025390625 0.8837890625 0.064453125 0.0693359375
0 0.02734375 0.76171875 0.025390625 0.029296875
0 0.12939453125 0.71533203125 0.0166015625 0.037109375
0 0.17041015625 0.88916015625 0.01953125 0.0439453125
0 0.47705078125 0.80615234375 0.0166015625 0.0361328125
0 0.29248046875 0.8623046875 0.0146484375 0.046875
0 0.0537109375 0.7822265625 0.025390625 0.0361328125
0 0.03466796875 0.93017578125 0.0283203125 0.056640625
0 0.48681640625 0.6748046875 0.017578125 0.0390625
0 0.0361328125 0.56787109375 0.0146484375 0.0341796875
0 0.47705078125 0.97412109375 0.0185546875 0.05078125
0 0.0224609375 0.7900390625 0.015625 0.0478515625
0 0.34326171875 0.78955078125 0.0244140625 0.048828125
0 0.16552734375 0.6162109375 0.03125 0.0517578125
0 0.2666015625 0.80615234375 0.017578125 0.046875
0 0.98291015625 0.794921875 0.0166015625 0.04296875
0 0.54443359375 0.67919921875 0.017578125 0.041015625
0 0.21240234375 0.5703125 0.0146484375 0.0205078125
0 0.29296875 0.63818359375 0.01953125 0.0302734375
0 0.00927734375 0.82421875 0.0185546875 0.037109375
0 0.203125 0.740234375 0.0205078125 0.0458984375
0 0.2890625 0.81591796875 0.029296875 0.03125
0 0.048828125 0.72021484375 0.029296875 0.041015625
0 0.14501953125 0.76708984375 0.021484375 0.044921875
0 0.2763671875 0.8388671875 0.015625 0.0517578125
0 0.64599609375 0.9892578125 0.0205078125 0.021484375
0 0.54443359375 0.73388671875 0.02734375 0.0478515625
0 0.109375 0.79345703125 0.01953125 0.05078125
0 0.0986328125 0.70654296875 0.0185546875 0.0380859375
0 0.39453125 0.6591796875 0.0185546875 0.025390625
0 0.97900390625 0.93359375 0.013671875 0.0625
0 0.068359375 0.69189453125 0.017578125 0.0361328125
0 0.54052734375 0.82763671875 0.0205078125 0.0322265625
0 0.16259765625 0.60205078125 0.017578125 0.0185546875
0 0.00537109375 0.84814453125 0.0107421875 0.0498046875
0 0.0029296875 0.7529296875 0.005859375 0.04296875
0 0.03076171875 0.75146484375 0.0146484375 0.0146484375
0 0.0029296875 0.814453125 0.005859375 0.021484375
0 0.69580078125 0.890625 0.015625 0.021484375
0 0.4794921875 0.9423828125 0.0205078125 0.0400390625
0 0.65576171875 0.91455078125 0.01953125 0.02734375
0 0.73876953125 0.80322265625 0.009765625 0.0185546875
0 0.1025390625 0.71826171875 0.01171875 0.02734375
0 0.20849609375 0.74951171875 0.0107421875 0.0224609375
0 0.10595703125 0.775390625 0.0126953125 0.01953125
0 0.14111328125 0.75439453125 0.0126953125 0.017578125
0 0.296875 0.6298828125 0.0087890625 0.015625
0 0.89892578125 0.86767578125 0.0107421875 0.015625