0 0.861328125 0.21142578125 0.04833984375 0.07666015625
0 0.9228515625 0.62255859375 0.048828125 0.0849609375
0 0.625 0.28515625 0.05859375 0.07080078125
0 0.94091796875 0.951171875 0.05615234375 0.052734375
0 0.5888671875 0.38720703125 0.05029296875 0.05224609375
0 0.861328125 0.44091796875 0.0478515625 0.06494140625
0 0.9306640625 0.53662109375 0.05419921875 0.07080078125
0 0.69873046875 0.416015625 0.0458984375 0.0703125
0 0.8720703125 0.55712890625 0.0498046875 0.0673828125
0 0.80029296875 0.50927734375 0.04443359375 0.0703125
0 0.740234375 0.39990234375 0.04443359375 0.072265625