0 0.33447265625 0.91552734375 0.04736328125 0.04052734375
0 0.4208984375 0.82080078125 0.03662109375 0.03466796875
0 0.72705078125 0.9638671875 0.04736328125 0.04443359375
0 0.72216796875 0.890625 0.0361328125 0.04443359375
0 0.779296875 0.76220703125 0.01611328125 0.037109375
0 0.8369140625 0.876953125 0.03759765625 0.044921875
0 0.490234375 0.779296875 0.0302734375 0.03173828125
0 0.92431640625 0.935546875 0.04638671875 0.0498046875
0 0.98681640625 0.77978515625 0.0263671875 0.0322265625
0 0.7265625 0.7421875 0.0263671875 0.0263671875
0 0.76904296875 0.87744140625 0.0322265625 0.03662109375
0 0.0703125 0.93310546875 0.02099609375 0.04150390625
0 0.9560546875 0.7509765625 0.0263671875 0.0322265625
0 0.80029296875 0.9521484375 0.01904296875 0.0576171875
0 0.8095703125 0.771484375 0.01953125 0.0380859375
0 0.85595703125 0.73046875 0.01904296875 0.03125
0 0.953125 0.8193359375 0.03759765625 0.0419921875
0 0.984375 0.9541015625 0.03125 0.04248046875
0 0.85009765625 0.80419921875 0.0283203125 0.03662109375
0 0.50146484375 0.75732421875 0.021484375 0.0341796875
0 0.57666015625 0.83154296875 0.01708984375 0.03271484375
0 0.33984375 0.93505859375 0.0263671875 0.04248046875
0 0.791015625 0.75341796875 0.01513671875 0.02294921875
0 0.53759765625 0.84326171875 0.02734375 0.01904296875
0 0.833984375 0.78662109375 0.03076171875 0.03662109375
0 0.33203125 0.80029296875 0.03955078125 0.0400390625
0 0.71728515625 0.93408203125 0.0234375 0.0224609375
0 0.4560546875 0.76171875 0.009765625 0.02734375
0 0.00927734375 0.8671875 0.01611328125 0.02734375
0 0.82421875 0.79150390625 0.0126953125 0.0205078125