0 0.44873046875 0.6005859375 0.015625 0.0205078125
0 0.578125 0.62548828125 0.01953125 0.0224609375
0 0.52001953125 0.7041015625 0.0185546875 0.0205078125
0 0.552734375 0.72509765625 0.0185546875 0.0234375
0 0.5771484375 0.5869140625 0.01953125 0.01953125
0 0.646484375 0.671875 0.0185546875 0.0205078125
0 0.5595703125 0.5849609375 0.0166015625 0.0205078125
0 0.54736328125 0.619140625 0.0146484375 0.01953125
0 0.51318359375 0.595703125 0.0166015625 0.017578125
0 0.38916015625 0.55078125 0.017578125 0.0205078125
0 0.486328125 0.68798828125 0.0146484375 0.0166015625
0 0.9296875 0.654296875 0.0185546875 0.0185546875
0 0.89794921875 0.5859375 0.01953125 0.01953125
0 0.4052734375 0.580078125 0.0205078125 0.0224609375
0 0.67431640625 0.63720703125 0.013671875 0.0185546875
0 0.59912109375 0.56640625 0.017578125 0.021484375
0 0.41357421875 0.64794921875 0.013671875 0.0234375
0 0.5859375 0.56201171875 0.0146484375 0.01953125
0 0.2421875 0.6005859375 0.0146484375 0.017578125
0 0.43701171875 0.6044921875 0.0126953125 0.01953125
0 0.427734375 0.60546875 0.013671875 0.01953125
0 0.41650390625 0.5908203125 0.0146484375 0.0234375
0 0.39892578125 0.70361328125 0.0146484375 0.01953125
0 0.228515625 0.8115234375 0.0166015625 0.0244140625
0 0.666015625 0.67236328125 0.0185546875 0.0185546875
0 0.37744140625 0.7646484375 0.0166015625 0.0224609375
0 0.49609375 0.5244140625 0.017578125 0.017578125
0 0.85107421875 0.66552734375 0.01953125 0.0244140625
0 0.78271484375 0.69677734375 0.021484375 0.0244140625
0 0.8466796875 0.6533203125 0.017578125 0.017578125
0 0.0986328125 0.92333984375 0.009765625 0.03125