0 0.52099609375 0.609375 0.03515625 0.0361328125
0 0.71484375 0.92822265625 0.041015625 0.0322265625
0 0.75439453125 0.89404296875 0.0361328125 0.0419921875
0 0.431640625 0.73779296875 0.0224609375 0.03515625
0 0.2548828125 0.7978515625 0.0234375 0.0498046875
0 0.29833984375 0.39990234375 0.0283203125 0.0302734375
0 0.13330078125 0.9296875 0.0263671875 0.0390625
0 0.1484375 0.57568359375 0.03125 0.03125
0 0.45263671875 0.7509765625 0.0341796875 0.02734375
0 0.439453125 0.8369140625 0.03125 0.03125
0 0.26708984375 0.4267578125 0.0244140625 0.0380859375
0 0.5302734375 0.80859375 0.0185546875 0.0478515625
0 0.59033203125 0.849609375 0.0205078125 0.0517578125
0 0.291015625 0.45556640625 0.0244140625 0.046875
0 0.48046875 0.8193359375 0.0244140625 0.0361328125
0 0.27978515625 0.8662109375 0.0234375 0.0556640625
0 0.9404296875 0.79541015625 0.03125 0.0361328125
0 0.49853515625 0.802734375 0.017578125 0.0439453125