0 0.81982421875 0.1826171875 0.021484375 0.021484375
0 0.958984375 0.083984375 0.0234375 0.0244140625
0 0.8740234375 0.18701171875 0.0283203125 0.0283203125
0 0.8544921875 0.32421875 0.021484375 0.0263671875
0 0.8447265625 0.2080078125 0.025390625 0.033203125
0 0.78173828125 0.0361328125 0.0224609375 0.025390625
0 0.74853515625 0.103515625 0.025390625 0.0244140625
0 0.91357421875 0.31005859375 0.025390625 0.0234375
0 0.73583984375 0.13330078125 0.0146484375 0.0234375
0 0.82275390625 0.26611328125 0.021484375 0.03125
0 0.92724609375 0.138671875 0.025390625 0.029296875
0 0.744140625 0.06591796875 0.0205078125 0.0224609375
0 0.845703125 0.279296875 0.021484375 0.02734375
0 0.96923828125 0.35986328125 0.0283203125 0.021484375
0 0.9365234375 0.1669921875 0.0263671875 0.02734375
0 0.94482421875 0.18896484375 0.0263671875 0.0302734375
0 0.91845703125 0.09765625 0.021484375 0.021484375
0 0.93017578125 0.25927734375 0.01953125 0.0302734375
0 0.89404296875 0.36181640625 0.0205078125 0.0302734375
0 0.8173828125 0.248046875 0.02734375 0.0361328125