0 0.06201171875 0.72412109375 0.00732421875 0.01806640625
0 0.06103515625 0.73876953125 0.00634765625 0.009765625
0 0.05615234375 0.72265625 0.005859375 0.01611328125
0 0.02978515625 0.71142578125 0.0107421875 0.01416015625
0 0.03271484375 0.7314453125 0.00927734375 0.01220703125
0 0.1298828125 0.67578125 0.009765625 0.013671875
0 0.06884765625 0.7412109375 0.01171875 0.01416015625
0 0.0849609375 0.71240234375 0.0078125 0.01123046875
0 0.05224609375 0.541015625 0.00732421875 0.02001953125
0 0.0693359375 0.67431640625 0.0107421875 0.01220703125
0 0.1005859375 0.681640625 0.0078125 0.0146484375
0 0.01123046875 0.7060546875 0.0078125 0.0107421875
0 0.0322265625 0.61474609375 0.0126953125 0.0126953125
0 0.02734375 0.7001953125 0.01123046875 0.01025390625