0 0.64501953125 0.7353515625 0.01318359375 0.0322265625
0 0.39990234375 0.6650390625 0.01171875 0.0244140625
0 0.361328125 0.72900390625 0.0068359375 0.0205078125
0 0.56201171875 0.728515625 0.00830078125 0.025390625
0 0.35400390625 0.94091796875 0.009765625 0.02001953125
0 0.38525390625 0.79931640625 0.00927734375 0.02392578125
0 0.48828125 0.77783203125 0.01171875 0.02392578125
0 0.43994140625 0.7490234375 0.0078125 0.0205078125
0 0.36181640625 0.9130859375 0.0087890625 0.025390625
0 0.3740234375 0.9541015625 0.0107421875 0.0244140625
0 0.6064453125 0.8154296875 0.0146484375 0.017578125
0 0.484375 0.826171875 0.01123046875 0.02392578125
0 0.60009765625 0.77001953125 0.01123046875 0.02294921875
0 0.439453125 0.8203125 0.0068359375 0.0224609375
0 0.44091796875 0.78662109375 0.00927734375 0.02099609375
0 0.5703125 0.7841796875 0.01025390625 0.01904296875
0 0.59228515625 0.84033203125 0.0068359375 0.021484375
0 0.73974609375 0.85791015625 0.0068359375 0.02294921875
0 0.79638671875 0.9228515625 0.00732421875 0.01953125
0 0.6650390625 0.81591796875 0.01318359375 0.03515625
0 0.556640625 0.90625 0.00927734375 0.0185546875
0 0.376953125 0.740234375 0.01025390625 0.02294921875
0 0.40771484375 0.970703125 0.0087890625 0.01953125
0 0.65087890625 0.86376953125 0.00830078125 0.0244140625
0 0.72265625 0.9755859375 0.00830078125 0.0205078125
0 0.8134765625 0.94189453125 0.00830078125 0.017578125
0 0.38623046875 0.9287109375 0.0166015625 0.025390625
0 0.76220703125 0.9130859375 0.009765625 0.02099609375
0 0.53271484375 0.8544921875 0.01171875 0.0224609375
0 0.73486328125 0.94970703125 0.00927734375 0.02001953125
0 0.67578125 0.87060546875 0.01025390625 0.02294921875
0 0.61376953125 0.8828125 0.009765625 0.02294921875
0 0.37841796875 0.75244140625 0.01416015625 0.03515625
0 0.4130859375 0.89599609375 0.0087890625 0.02490234375
0 0.755859375 0.95849609375 0.0107421875 0.01806640625
0 0.671875 0.90283203125 0.01171875 0.02490234375
0 0.51708984375 0.85595703125 0.00830078125 0.021484375
0 0.7802734375 0.96337890625 0.00732421875 0.01953125
0 0.40185546875 0.89404296875 0.01123046875 0.021484375
0 0.40283203125 0.87939453125 0.0107421875 0.02490234375
0 0.3427734375 0.98681640625 0.013671875 0.02490234375
0 0.41015625 0.80712890625 0.013671875 0.03173828125
0 0.828125 0.9931640625 0.0068359375 0.01318359375
0 0.53515625 0.98193359375 0.01025390625 0.02392578125
0 0.455078125 0.89404296875 0.009765625 0.02490234375
0 0.84912109375 0.99462890625 0.005859375 0.0107421875
0 0.63916015625 0.986328125 0.009765625 0.0166015625
0 0.7109375 0.95849609375 0.0087890625 0.02294921875
0 0.64013671875 0.93505859375 0.0078125 0.01904296875
0 0.62109375 0.9365234375 0.00830078125 0.01806640625
0 0.49462890625 0.88525390625 0.01025390625 0.0205078125
0 0.4462890625 0.85693359375 0.00927734375 0.0185546875
0 0.525390625 0.990234375 0.01416015625 0.017578125
0 0.61376953125 0.96630859375 0.01416015625 0.02197265625
0 0.798828125 0.97412109375 0.0126953125 0.0146484375
0 0.43994140625 0.916015625 0.0107421875 0.0224609375
0 0.525390625 0.875 0.0107421875 0.0224609375
0 0.576171875 0.984375 0.01123046875 0.02099609375
0 0.47021484375 0.994140625 0.00732421875 0.01123046875
0 0.646484375 0.96337890625 0.0107421875 0.01806640625
0 0.4775390625 0.8798828125 0.01171875 0.02099609375
0 0.70068359375 0.9931640625 0.0078125 0.01318359375
0 0.5908203125 0.9150390625 0.0087890625 0.02294921875
0 0.84326171875 0.9697265625 0.00537109375 0.01708984375
0 0.4453125 0.96337890625 0.009765625 0.0234375
0 0.56005859375 0.9912109375 0.009765625 0.01513671875
0 0.60791015625 0.98876953125 0.0087890625 0.01806640625
0 0.47802734375 0.986328125 0.0078125 0.0185546875
0 0.58935546875 0.99462890625 0.00732421875 0.0107421875
0 0.5048828125 0.9853515625 0.0166015625 0.029296875
0 0.8076171875 0.9912109375 0.00634765625 0.015625
0 0.60107421875 0.91943359375 0.009765625 0.02294921875
0 0.435546875 0.95703125 0.00537109375 0.02392578125
0 0.45556640625 0.873046875 0.0126953125 0.029296875
0 0.521484375 0.9462890625 0.01318359375 0.02490234375
0 0.4541015625 0.9736328125 0.0087890625 0.02197265625
0 0.5224609375 0.91357421875 0.0126953125 0.0185546875
0 0.4755859375 0.943359375 0.01220703125 0.0244140625
0 0.5087890625 0.90625 0.009765625 0.03125
0 0.4775390625 0.9140625 0.0126953125 0.0205078125
0 0.51953125 0.92236328125 0.01171875 0.021484375
0 0.4228515625 0.94287109375 0.01318359375 0.017578125
0 0.4912109375 0.95068359375 0.0146484375 0.02880859375
0 0.4111328125 0.99658203125 0.00732421875 0.0068359375
0 0.49462890625 0.92626953125 0.01513671875 0.03271484375
0 0.6474609375 0.947265625 0.00830078125 0.0244140625
0 0.49951171875 0.939453125 0.0146484375 0.03173828125
0 0.8037109375 0.9365234375 0.01416015625 0.029296875
0 0.37841796875 0.99658203125 0.0068359375 0.00634765625
0 0.4619140625 0.93310546875 0.0078125 0.015625
0 0.74755859375 0.9970703125 0.00927734375 0.00537109375
0 0.82177734375 0.9912109375 0.0087890625 0.013671875
0 0.63525390625 0.99609375 0.0068359375 0.0078125
0 0.48388671875 0.9716796875 0.01513671875 0.02490234375
0 0.6474609375 0.91796875 0.00732421875 0.02587890625
0 0.88671875 0.87841796875 0.01025390625 0.02490234375
0 0.50341796875 0.7958984375 0.017578125 0.01806640625
0 0.4423828125 0.7734375 0.0126953125 0.021484375
0 0.44921875 0.7548828125 0.01220703125 0.02392578125
0 0.4970703125 0.78173828125 0.0166015625 0.0166015625
0 0.56884765625 0.76318359375 0.01220703125 0.02001953125
0 0.60498046875 0.7958984375 0.01416015625 0.01904296875
0 0.50732421875 0.91845703125 0.01025390625 0.021484375
0 0.4443359375 0.93994140625 0.01220703125 0.017578125
0 0.45556640625 0.94287109375 0.00927734375 0.01220703125
0 0.45703125 0.95751953125 0.0087890625 0.01806640625
0 0.51708984375 0.89306640625 0.013671875 0.01806640625
0 0.5966796875 0.83837890625 0.00732421875 0.01708984375
0 0.44580078125 0.818359375 0.01123046875 0.01708984375
0 0.400390625 0.79150390625 0.00927734375 0.017578125
0 0.4873046875 0.9091796875 0.0126953125 0.02099609375