0 0.6953125 0.6982421875 0.015625 0.015625
0 0.7783203125 0.68994140625 0.01171875 0.0185546875
0 0.75390625 0.68603515625 0.013671875 0.015625
0 0.8984375 0.71728515625 0.015625 0.0205078125
0 0.701171875 0.68115234375 0.0146484375 0.01953125
0 0.87255859375 0.7177734375 0.009765625 0.021484375
0 0.935546875 0.697265625 0.0087890625 0.017578125
0 0.9013671875 0.7021484375 0.0087890625 0.015625
0 0.970703125 0.70263671875 0.0107421875 0.021484375
0 0.9541015625 0.830078125 0.009765625 0.025390625
0 0.92626953125 0.70751953125 0.01171875 0.01953125