0 0.771484375 0.15771484375 0.01708984375 0.0302734375
0 0.93798828125 0.26220703125 0.0224609375 0.033203125
0 0.83251953125 0.07861328125 0.0185546875 0.02685546875
0 0.904296875 0.0107421875 0.0185546875 0.021484375
0 0.923828125 0.169921875 0.0166015625 0.03173828125
0 0.97705078125 0.15966796875 0.0263671875 0.04296875
0 0.84765625 0.20263671875 0.02001953125 0.0205078125
0 0.9091796875 0.0947265625 0.01806640625 0.0205078125
0 0.9541015625 0.21142578125 0.01611328125 0.0244140625
0 0.84423828125 0.15673828125 0.01416015625 0.02978515625
0 0.9345703125 0.0419921875 0.013671875 0.02099609375
0 0.95751953125 0.30517578125 0.017578125 0.02587890625
0 0.95849609375 0.10107421875 0.01708984375 0.0234375
0 0.79541015625 0.1015625 0.01025390625 0.02734375
0 0.80224609375 0.0107421875 0.0107421875 0.021484375
0 0.79248046875 0.34521484375 0.01513671875 0.02490234375
0 0.92724609375 0.107421875 0.01904296875 0.01953125
0 0.80859375 0.33740234375 0.015625 0.0244140625
0 0.8974609375 0.3251953125 0.0166015625 0.02734375
0 0.87890625 0.37255859375 0.015625 0.02880859375
0 0.81640625 0.29736328125 0.01806640625 0.0283203125
0 0.98193359375 0.29150390625 0.01708984375 0.0185546875
0 0.93798828125 0.00439453125 0.015625 0.00830078125
0 0.93310546875 0.13037109375 0.01513671875 0.02734375
0 0.92236328125 0.1279296875 0.0185546875 0.02783203125
0 0.8203125 0.03759765625 0.0146484375 0.025390625
0 0.888671875 0.1142578125 0.01708984375 0.02392578125
0 0.8740234375 0.216796875 0.0185546875 0.0283203125
0 0.8154296875 0.1708984375 0.0146484375 0.0263671875
0 0.81396484375 0.15234375 0.01123046875 0.021484375
0 0.794921875 0.388671875 0.01220703125 0.03515625
0 0.80029296875 0.16552734375 0.01220703125 0.0361328125
0 0.79443359375 0.2373046875 0.01171875 0.02783203125
0 0.96337890625 0.046875 0.01708984375 0.0205078125
0 0.97412109375 0.33642578125 0.01806640625 0.0205078125
0 0.8212890625 0.2783203125 0.017578125 0.0234375
0 0.7744140625 0.05078125 0.0107421875 0.0302734375
0 0.81787109375 0.021484375 0.015625 0.02099609375
0 0.96240234375 0.03466796875 0.0166015625 0.0146484375