0 0.24169921875 0.25830078125 0.0166015625 0.0166015625
0 0.83984375 0.109375 0.01953125 0.015625
0 0.84423828125 0.33984375 0.017578125 0.0146484375
0 0.76904296875 0.306640625 0.0166015625 0.0146484375
0 0.0634765625 0.1728515625 0.0166015625 0.01953125
0 0.3935546875 0.08935546875 0.0107421875 0.013671875
0 0.37841796875 0.83544921875 0.0185546875 0.021484375
0 0.24951171875 0.25830078125 0.0107421875 0.013671875
0 0.9560546875 0.72998046875 0.0244140625 0.0244140625
0 0.38427734375 0.82861328125 0.009765625 0.013671875
0 0.962890625 0.7255859375 0.0146484375 0.01953125