0 0.5771484375 0.552734375 0.01318359375 0.02197265625
0 0.3515625 0.25439453125 0.0146484375 0.013671875
0 0.390625 0.228515625 0.01220703125 0.0263671875
0 0.9541015625 0.166015625 0.0146484375 0.01953125
0 0.408203125 0.23095703125 0.009765625 0.02197265625
0 0.541015625 0.45166015625 0.00927734375 0.02099609375
0 0.38623046875 0.3583984375 0.0087890625 0.02490234375
0 0.45751953125 0.408203125 0.0107421875 0.01953125
0 0.55859375 0.6826171875 0.01171875 0.0205078125
0 0.5361328125 0.51904296875 0.0107421875 0.025390625
0 0.53369140625 0.544921875 0.01318359375 0.01708984375
0 0.875 0.22314453125 0.01025390625 0.0244140625
0 0.52734375 0.611328125 0.0126953125 0.0146484375
0 0.544921875 0.56982421875 0.01513671875 0.0146484375
0 0.3125 0.3330078125 0.0126953125 0.017578125
0 0.9736328125 0.119140625 0.013671875 0.0107421875
0 0.8857421875 0.28125 0.013671875 0.01220703125
0 0.82568359375 0.47509765625 0.01123046875 0.01953125
0 0.82763671875 0.544921875 0.01171875 0.01708984375
0 0.68212890625 0.642578125 0.00830078125 0.02685546875
0 0.97998046875 0.15625 0.01123046875 0.017578125
0 0.84765625 0.5712890625 0.0146484375 0.015625
0 0.91943359375 0.5205078125 0.0087890625 0.01708984375
0 0.8125 0.34033203125 0.0146484375 0.013671875
0 0.69775390625 0.509765625 0.01416015625 0.0126953125
0 0.62841796875 0.65283203125 0.00927734375 0.017578125
0 0.84814453125 0.283203125 0.015625 0.01513671875
0 0.8271484375 0.2724609375 0.01416015625 0.01416015625
0 0.82080078125 0.5439453125 0.01123046875 0.02294921875