0 0.95263671875 0.51220703125 0.0947265625 0.2783203125
0 0.27001953125 0.2958984375 0.1201171875 0.265625
0 0.34912109375 0.73095703125 0.1064453125 0.2646484375
0 0.9013671875 0.74658203125 0.09375 0.2607421875
0 0.69482421875 0.69873046875 0.0986328125 0.2490234375
0 0.580078125 0.35107421875 0.119140625 0.2109375
0 0.36474609375 0.38525390625 0.0986328125 0.2314453125
0 0.283203125 0.96630859375 0.087890625 0.0673828125
0 0.53857421875 0.595703125 0.1044921875 0.2666015625
0 0.12109375 0.9814453125 0.1015625 0.037109375
0 0.8916015625 0.2607421875 0.095703125 0.2900390625
0 0.7939453125 0.4326171875 0.1103515625 0.255859375
0 0.814453125 0.064453125 0.111328125 0.12890625
0 0.47314453125 0.08349609375 0.0869140625 0.1669921875
0 0.83642578125 0.26904296875 0.0986328125 0.2841796875
0 0.05078125 0.19189453125 0.1015625 0.2724609375
0 0.65087890625 0.12353515625 0.1005859375 0.2470703125
0 0.88720703125 0.07763671875 0.1337890625 0.1552734375
0 0.93701171875 0.90673828125 0.1259765625 0.0869140625
0 0.49755859375 0.962890625 0.0927734375 0.07421875