0 0.6376953125 0.47509765625 0.01708984375 0.03662109375
0 0.7666015625 0.814453125 0.01220703125 0.04931640625
0 0.58154296875 0.64501953125 0.01220703125 0.041015625
0 0.50634765625 0.86181640625 0.01123046875 0.04638671875
0 0.50244140625 0.60107421875 0.015625 0.03955078125
0 0.61328125 0.09130859375 0.01806640625 0.02783203125
0 0.6884765625 0.7255859375 0.013671875 0.0400390625
0 0.6953125 0.267578125 0.01171875 0.04443359375
0 0.6728515625 0.64208984375 0.01220703125 0.041015625
0 0.822265625 0.96435546875 0.0205078125 0.037109375
0 0.8623046875 0.51611328125 0.01806640625 0.02783203125
0 0.65869140625 0.6630859375 0.01611328125 0.0439453125
0 0.69140625 0.560546875 0.01611328125 0.0361328125
0 0.57763671875 0.36328125 0.01708984375 0.029296875
0 0.6533203125 0.208984375 0.01220703125 0.04248046875
0 0.7333984375 0.0146484375 0.0166015625 0.02880859375
0 0.7568359375 0.541015625 0.01220703125 0.04150390625
0 0.80224609375 0.82861328125 0.01708984375 0.05029296875
0 0.77978515625 0.54443359375 0.01220703125 0.0439453125
0 0.75 0.13232421875 0.01171875 0.0341796875
0 0.8525390625 0.23681640625 0.01318359375 0.03369140625
0 0.8359375 0.6123046875 0.0166015625 0.04638671875
0 0.94970703125 0.251953125 0.01904296875 0.04248046875
0 0.904296875 0.03466796875 0.01318359375 0.0322265625
0 0.89599609375 0.1455078125 0.01220703125 0.03271484375
0 0.931640625 0.32080078125 0.01611328125 0.029296875
0 0.73486328125 0.47998046875 0.01220703125 0.0439453125
0 0.91748046875 0.0224609375 0.01513671875 0.03515625
0 0.9853515625 0.5 0.01513671875 0.0380859375
0 0.95849609375 0.6787109375 0.0185546875 0.04736328125
0 0.74560546875 0.37255859375 0.0126953125 0.03759765625
0 0.76123046875 0.50634765625 0.01611328125 0.04638671875
0 0.9384765625 0.478515625 0.01220703125 0.0361328125
0 0.97900390625 0.2412109375 0.01416015625 0.046875
0 0.65966796875 0.318359375 0.0107421875 0.0341796875
0 0.984375 0.06201171875 0.0185546875 0.03662109375
0 0.7646484375 0.11572265625 0.01171875 0.0380859375
0 0.77490234375 0.20068359375 0.015625 0.03857421875
0 0.62158203125 0.23193359375 0.0126953125 0.0478515625
0 0.90771484375 0.32470703125 0.017578125 0.0302734375
0 0.89208984375 0.677734375 0.01806640625 0.041015625
0 0.8662109375 0.6611328125 0.01123046875 0.0390625
0 0.802734375 0.228515625 0.01416015625 0.03515625
0 0.984375 0.7041015625 0.0166015625 0.02099609375
0 0.61669921875 0.3251953125 0.01171875 0.037109375
0 0.59375 0.333984375 0.01123046875 0.03955078125
0 0.9150390625 0.23681640625 0.01513671875 0.0341796875
0 0.95654296875 0.45458984375 0.013671875 0.03564453125
0 0.6259765625 0.18408203125 0.013671875 0.04345703125
0 0.53076171875 0.6640625 0.0126953125 0.0517578125
0 0.89501953125 0.58203125 0.01611328125 0.0439453125
0 0.806640625 0.0244140625 0.015625 0.03955078125
0 0.77978515625 0.01416015625 0.01025390625 0.02685546875
0 0.9873046875 0.0947265625 0.01611328125 0.0380859375
0 0.41162109375 0.986328125 0.01904296875 0.02734375
0 0.99609375 0.650390625 0.0078125 0.03369140625
0 0.78076171875 0.080078125 0.0146484375 0.04443359375
0 0.47216796875 0.541015625 0.01123046875 0.0439453125
0 0.8173828125 0.2080078125 0.01416015625 0.04052734375
0 0.521484375 0.98974609375 0.01416015625 0.01904296875
0 0.6748046875 0.38916015625 0.0166015625 0.03271484375
0 0.4755859375 0.51318359375 0.01171875 0.04443359375
0 0.81982421875 0.08740234375 0.01171875 0.02783203125
0 0.7939453125 0.015625 0.009765625 0.0302734375
0 0.4814453125 0.77392578125 0.03173828125 0.03857421875