0 0.52783203125 0.7470703125 0.01318359375 0.0302734375
0 0.7626953125 0.66650390625 0.01708984375 0.02294921875
0 0.82958984375 0.75390625 0.01806640625 0.01806640625
0 0.51513671875 0.947265625 0.0107421875 0.02490234375
0 0.5546875 0.69384765625 0.01611328125 0.02099609375
0 0.58935546875 0.63232421875 0.0126953125 0.02392578125
0 0.5048828125 0.8779296875 0.01708984375 0.0205078125
0 0.42578125 0.908203125 0.009765625 0.02392578125
0 0.85595703125 0.732421875 0.01123046875 0.02783203125
0 0.8427734375 0.4375 0.01220703125 0.02294921875
0 0.642578125 0.615234375 0.0126953125 0.02392578125
0 0.4912109375 0.80419921875 0.0146484375 0.0185546875
0 0.96533203125 0.45751953125 0.015625 0.015625
0 0.7236328125 0.802734375 0.01611328125 0.03076171875
0 0.4609375 0.7568359375 0.01025390625 0.0263671875
0 0.3876953125 0.9609375 0.01318359375 0.029296875
0 0.65625 0.57275390625 0.0146484375 0.01611328125
0 0.52685546875 0.98193359375 0.0078125 0.0322265625
0 0.9169921875 0.7568359375 0.00830078125 0.02099609375
0 0.8544921875 0.443359375 0.013671875 0.02392578125
0 0.5537109375 0.83154296875 0.0087890625 0.03564453125
0 0.7822265625 0.5751953125 0.01611328125 0.02880859375
0 0.57275390625 0.6640625 0.00732421875 0.02587890625
0 0.51611328125 0.77685546875 0.0078125 0.0322265625
0 0.7861328125 0.64306640625 0.0126953125 0.03759765625
0 0.5966796875 0.892578125 0.009765625 0.0361328125
0 0.98291015625 0.638671875 0.015625 0.0263671875
0 0.78076171875 0.44970703125 0.013671875 0.02001953125