0 0.55859375 0.501953125 0.0078125 0.0283203125
0 0.54443359375 0.6845703125 0.00830078125 0.03271484375
0 0.69873046875 0.47216796875 0.0087890625 0.025390625
0 0.6435546875 0.4951171875 0.00927734375 0.02490234375
0 0.8974609375 0.65771484375 0.009765625 0.0205078125
0 0.65283203125 0.470703125 0.01123046875 0.02734375
0 0.767578125 0.748046875 0.00927734375 0.02490234375
0 0.703125 0.8525390625 0.00634765625 0.01953125
0 0.80224609375 0.74951171875 0.0078125 0.02197265625
0 0.7705078125 0.7412109375 0.005859375 0.0126953125
0 0.68896484375 0.5341796875 0.00927734375 0.0302734375