0 0.56298828125 0.37548828125 0.015625 0.021484375
0 0.97021484375 0.5078125 0.015625 0.0205078125
0 0.990234375 0.50146484375 0.0087890625 0.0166015625
0 0.9814453125 0.5048828125 0.0126953125 0.017578125
0 0.78271484375 0.369140625 0.01171875 0.0166015625
0 0.58642578125 0.3359375 0.0146484375 0.015625
0 0.82421875 0.3447265625 0.015625 0.01953125
0 0.63427734375 0.3427734375 0.0146484375 0.015625
0 0.79931640625 0.36962890625 0.0126953125 0.013671875
0 0.8115234375 0.33056640625 0.0087890625 0.017578125
0 0.98291015625 0.68603515625 0.009765625 0.017578125
0 0.90234375 0.591796875 0.015625 0.0224609375
0 0.96630859375 0.66845703125 0.0185546875 0.0185546875
0 0.693359375 0.3828125 0.009765625 0.0166015625
0 0.654296875 0.400390625 0.0087890625 0.0205078125
0 0.9326171875 0.53125 0.0087890625 0.017578125
0 0.7626953125 0.3515625 0.0146484375 0.0146484375
0 0.83837890625 0.35302734375 0.0107421875 0.0205078125
0 0.96826171875 0.4560546875 0.0078125 0.0146484375
0 0.92138671875 0.423828125 0.009765625 0.0166015625
0 0.7548828125 0.4169921875 0.0087890625 0.0146484375
0 0.8330078125 0.34228515625 0.01171875 0.017578125
0 0.5751953125 0.37744140625 0.017578125 0.0185546875
0 0.802734375 0.3798828125 0.017578125 0.0146484375