0 0.6962890625 0.63232421875 0.025390625 0.0302734375
0 0.32568359375 0.806640625 0.04296875 0.0439453125
0 0.29443359375 0.86865234375 0.052734375 0.0517578125
0 0.5361328125 0.70556640625 0.0322265625 0.033203125
0 0.77490234375 0.68212890625 0.029296875 0.041015625
0 0.71923828125 0.63134765625 0.0322265625 0.037109375
0 0.18115234375 0.98681640625 0.0654296875 0.0263671875
0 0.90869140625 0.65625 0.052734375 0.056640625
0 0.8154296875 0.705078125 0.048828125 0.0537109375
0 0.978515625 0.55126953125 0.0302734375 0.037109375
0 0.560546875 0.6943359375 0.0263671875 0.0322265625
0 0.7783203125 0.7333984375 0.0458984375 0.0546875
0 0.5078125 0.73583984375 0.0263671875 0.0244140625
0 0.74267578125 0.62646484375 0.0400390625 0.0400390625
0 0.67919921875 0.7177734375 0.04296875 0.0439453125
0 0.3955078125 0.77587890625 0.0390625 0.0419921875
0 0.921875 0.52978515625 0.0185546875 0.0263671875
0 0.197265625 0.86865234375 0.025390625 0.0439453125
0 0.87890625 0.6279296875 0.0244140625 0.0390625
0 0.99365234375 0.54541015625 0.0126953125 0.0380859375
0 0.869140625 0.56640625 0.0322265625 0.0361328125
0 0.99560546875 0.49853515625 0.0087890625 0.0224609375
0 0.89453125 0.65966796875 0.01953125 0.0458984375
0 0.51025390625 0.7138671875 0.0341796875 0.0361328125
0 0.70556640625 0.64501953125 0.03125 0.03515625