0 0.89453125 0.06201171875 0.0478515625 0.04296875
0 0.08251953125 0.10595703125 0.01904296875 0.0556640625
0 0.1064453125 0.271484375 0.0263671875 0.0625
0 0.6201171875 0.3515625 0.02880859375 0.0751953125
0 0.578125 0.3740234375 0.02978515625 0.04052734375
0 0.26708984375 0.470703125 0.0283203125 0.06494140625
0 0.91259765625 0.5 0.04248046875 0.0888671875
0 0.9833984375 0.9501953125 0.033203125 0.06640625
0 0.642578125 0.884765625 0.02978515625 0.0732421875
0 0.9189453125 0.03125 0.0234375 0.0625
0 0.7080078125 0.28271484375 0.03759765625 0.0732421875
0 0.1435546875 0.90966796875 0.0224609375 0.06396484375