0 0.5751953125 0.35107421875 0.029296875 0.046875
0 0.5615234375 0.37060546875 0.0263671875 0.04052734375
0 0.361328125 0.97119140625 0.04052734375 0.0546875
0 0.30908203125 0.5888671875 0.04150390625 0.03857421875
0 0.65478515625 0.033203125 0.02490234375 0.04345703125
0 0.5927734375 0.1630859375 0.03759765625 0.05078125
0 0.61669921875 0.3193359375 0.03076171875 0.064453125
0 0.927734375 0.5146484375 0.0380859375 0.09375
0 0.36279296875 0.2958984375 0.02490234375 0.05859375
0 0.9833984375 0.93701171875 0.033203125 0.0673828125
0 0.38623046875 0.54345703125 0.03369140625 0.06103515625
0 0.15185546875 0.8056640625 0.04345703125 0.04541015625
0 0.2255859375 0.4169921875 0.03515625 0.0556640625
0 0.09521484375 0.4013671875 0.04248046875 0.056640625
0 0.68017578125 0.96337890625 0.037109375 0.07275390625
0 0.29541015625 0.64111328125 0.02734375 0.099609375
0 0.240234375 0.89599609375 0.02880859375 0.0927734375
0 0.8193359375 0.837890625 0.03125 0.0771484375
0 0.498046875 0.263671875 0.04052734375 0.05029296875
0 0.91259765625 0.15380859375 0.04248046875 0.0498046875
0 0.79052734375 0.673828125 0.02587890625 0.052734375
0 0.37939453125 0.2412109375 0.033203125 0.068359375
0 0.54931640625 0.02978515625 0.0322265625 0.0595703125
0 0.0966796875 0.259765625 0.03173828125 0.06787109375
0 0.49169921875 0.2158203125 0.03759765625 0.06884765625
0 0.71826171875 0.259765625 0.0361328125 0.06884765625
0 0.3125 0.88134765625 0.044921875 0.099609375
0 0.29736328125 0.115234375 0.0302734375 0.0673828125
0 0.96875 0.2568359375 0.02490234375 0.0625
0 0.96142578125 0.71630859375 0.03173828125 0.0908203125
0 0.8759765625 0.7314453125 0.0390625 0.1044921875