0 0.2978515625 0.234375 0.1005859375 0.0771484375
0 0.322265625 0.4951171875 0.1337890625 0.1328125
0 0.6982421875 0.22509765625 0.111328125 0.1103515625
0 0.62451171875 0.04150390625 0.0908203125 0.0830078125
0 0.3505859375 0.45947265625 0.1162109375 0.126953125
0 0.52685546875 0.13916015625 0.0703125 0.076171875
0 0.73193359375 0.18310546875 0.087890625 0.1220703125
0 0.31787109375 0.3193359375 0.080078125 0.1240234375
0 0.75146484375 0.28857421875 0.095703125 0.1357421875
0 0.32666015625 0.08984375 0.056640625 0.068359375
0 0.9013671875 0.09619140625 0.0849609375 0.080078125