0 0.5615234375 0.30224609375 0.0234375 0.037109375
0 0.49853515625 0.35400390625 0.03125 0.0361328125
0 0.55712890625 0.017578125 0.0234375 0.033203125
0 0.6953125 0.1962890625 0.0244140625 0.025390625
0 0.6826171875 0.69384765625 0.0263671875 0.048828125
0 0.59814453125 0.88427734375 0.0234375 0.0390625
0 0.54443359375 0.02197265625 0.0234375 0.029296875
0 0.48046875 0.38623046875 0.0185546875 0.03125
0 0.48193359375 0.43310546875 0.0234375 0.03515625
0 0.759765625 0.40869140625 0.0205078125 0.03125
0 0.6884765625 0.0224609375 0.0185546875 0.02734375
0 0.7900390625 0.83837890625 0.015625 0.03125
0 0.52978515625 0.0458984375 0.0166015625 0.03125
0 0.759765625 0.837890625 0.0185546875 0.0224609375
0 0.55322265625 0.03369140625 0.015625 0.0302734375
0 0.8095703125 0.83251953125 0.0185546875 0.037109375