0 0.36328125 0.63623046875 0.0341796875 0.0673828125
0 0.4072265625 0.671875 0.0322265625 0.0625
0 0.23046875 0.73193359375 0.03125 0.080078125
0 0.47998046875 0.70263671875 0.048828125 0.0634765625
0 0.119140625 0.521484375 0.0439453125 0.0615234375
0 0.47119140625 0.91845703125 0.0419921875 0.0810546875
0 0.65380859375 0.728515625 0.0478515625 0.0771484375
0 0.8447265625 0.45263671875 0.041015625 0.0517578125
0 0.6201171875 0.8408203125 0.0673828125 0.0791015625
0 0.14306640625 0.64111328125 0.0380859375 0.0634765625
0 0.97119140625 0.61376953125 0.0419921875 0.06640625
0 0.5859375 0.892578125 0.05859375 0.0966796875
0 0.65771484375 0.50537109375 0.0498046875 0.05078125
0 0.4951171875 0.240234375 0.0263671875 0.0458984375
0 0.9306640625 0.79443359375 0.029296875 0.083984375
0 0.77783203125 0.68310546875 0.02734375 0.076171875
0 0.6142578125 0.7001953125 0.05859375 0.0498046875
0 0.74560546875 0.70849609375 0.0556640625 0.04296875
0 0.94775390625 0.44140625 0.0185546875 0.0498046875
0 0.3046875 0.4326171875 0.02734375 0.0517578125
0 0.6826171875 0.35546875 0.017578125 0.0439453125
0 0.7822265625 0.51171875 0.0419921875 0.0615234375
0 0.5927734375 0.3798828125 0.04296875 0.046875
0 0.02099609375 0.3974609375 0.037109375 0.0498046875
0 0.9111328125 0.556640625 0.0498046875 0.0576171875
0 0.92578125 0.541015625 0.0361328125 0.0556640625
0 0.42333984375 0.77197265625 0.0322265625 0.041015625
0 0.5595703125 0.5419921875 0.060546875 0.05859375
0 0.3642578125 0.29541015625 0.0341796875 0.0478515625
0 0.986328125 0.7734375 0.02734375 0.09765625
0 0.4775390625 0.5302734375 0.0380859375 0.0537109375
0 0.54736328125 0.25927734375 0.0234375 0.0400390625
0 0.33251953125 0.28271484375 0.021484375 0.0458984375
0 0.20068359375 0.34814453125 0.0263671875 0.044921875
0 0.72802734375 0.6015625 0.0498046875 0.076171875
0 0.22314453125 0.66796875 0.03515625 0.0380859375
0 0.4931640625 0.57666015625 0.037109375 0.0615234375
0 0.25927734375 0.830078125 0.0458984375 0.0615234375
0 0.3291015625 0.75830078125 0.0244140625 0.0361328125
0 0.30810546875 0.5703125 0.033203125 0.0283203125
0 0.771484375 0.55029296875 0.0439453125 0.05859375
0 0.48583984375 0.328125 0.02734375 0.0244140625
0 0.837890625 0.3544921875 0.0205078125 0.0517578125
0 0.1435546875 0.3515625 0.044921875 0.0537109375
0 0.79443359375 0.43017578125 0.0224609375 0.0556640625
0 0.82666015625 0.40283203125 0.03125 0.02734375
0 0.96728515625 0.31396484375 0.0146484375 0.033203125
0 0.89697265625 0.6044921875 0.02734375 0.033203125
0 0.24609375 0.55419921875 0.029296875 0.0537109375
0 0.27001953125 0.49755859375 0.052734375 0.0556640625
0 0.3056640625 0.48095703125 0.0498046875 0.04296875
0 0.7412109375 0.306640625 0.0234375 0.0390625
0 0.265625 0.8740234375 0.04296875 0.052734375
0 0.10009765625 0.369140625 0.05078125 0.056640625
0 0.15576171875 0.40576171875 0.0205078125 0.0556640625
0 0.18212890625 0.44775390625 0.0263671875 0.0517578125
0 0.62646484375 0.29248046875 0.02734375 0.0458984375
0 0.845703125 0.33203125 0.02734375 0.01953125
0 0.05908203125 0.763671875 0.0400390625 0.08203125
0 0.373046875 0.48095703125 0.0537109375 0.064453125
0 0.748046875 0.32373046875 0.0146484375 0.044921875
0 0.92626953125 0.96533203125 0.03515625 0.0283203125
0 0.96728515625 0.68896484375 0.052734375 0.06640625
0 0.51708984375 0.5712890625 0.03125 0.0634765625
0 0.62841796875 0.45068359375 0.0224609375 0.0244140625
0 0.53662109375 0.2822265625 0.0244140625 0.041015625
0 0.59619140625 0.31103515625 0.01953125 0.0439453125
0 0.443359375 0.4521484375 0.01953125 0.056640625
0 0.99169921875 0.49951171875 0.0166015625 0.0478515625
0 0.94140625 0.48583984375 0.037109375 0.0302734375
0 0.74951171875 0.5234375 0.025390625 0.0234375
0 0.98779296875 0.37939453125 0.0146484375 0.0390625
0 0.6025390625 0.92529296875 0.0947265625 0.09765625
0 0.17724609375 0.41943359375 0.0576171875 0.052734375