0 0.298828125 0.23583984375 0.0283203125 0.0634765625
0 0.3603515625 0.421875 0.02294921875 0.05859375
0 0.314453125 0.55859375 0.02294921875 0.0625
0 0.52587890625 0.1474609375 0.03076171875 0.04052734375
0 0.599609375 0.11962890625 0.02197265625 0.06298828125
0 0.4423828125 0.11279296875 0.02197265625 0.0576171875
0 0.3583984375 0.74169921875 0.0234375 0.064453125
0 0.482421875 0.76123046875 0.0234375 0.06884765625
0 0.61083984375 0.19921875 0.017578125 0.0693359375
0 0.3935546875 0.02978515625 0.0263671875 0.0595703125
0 0.53369140625 0.02880859375 0.03369140625 0.0380859375
0 0.400390625 0.72119140625 0.0400390625 0.0458984375
0 0.50244140625 0.517578125 0.0263671875 0.0673828125
0 0.2294921875 0.880859375 0.0263671875 0.087890625
0 0.71923828125 0.0537109375 0.0419921875 0.04638671875
0 0.583984375 0.36962890625 0.02783203125 0.06591796875
0 0.4755859375 0.44775390625 0.0439453125 0.04150390625
0 0.7265625 0.4384765625 0.03662109375 0.03662109375
0 0.47607421875 0.56982421875 0.02001953125 0.072265625
0 0.3046875 0.8896484375 0.03759765625 0.05517578125
0 0.7958984375 0.583984375 0.0322265625 0.0751953125
0 0.87890625 0.30908203125 0.02294921875 0.044921875
0 0.50390625 0.3662109375 0.04345703125 0.037109375
0 0.98486328125 0.943359375 0.02587890625 0.08447265625
0 0.375 0.900390625 0.03955078125 0.0654296875
0 0.69482421875 0.34716796875 0.0302734375 0.05517578125
0 0.97607421875 0.0419921875 0.037109375 0.0791015625
0 0.92236328125 0.71630859375 0.0439453125 0.06103515625
0 0.4619140625 0.87353515625 0.0419921875 0.0419921875
0 0.84814453125 0.6474609375 0.02978515625 0.05078125
0 0.8828125 0.50390625 0.02734375 0.0732421875
0 0.92578125 0.45703125 0.03564453125 0.0439453125
0 0.75927734375 0.26123046875 0.02734375 0.05712890625
0 0.6982421875 0.181640625 0.0322265625 0.048828125
0 0.81982421875 0.64306640625 0.0400390625 0.04833984375
0 0.736328125 0.21630859375 0.02392578125 0.064453125