0 0.2177734375 0.58251953125 0.00732421875 0.0087890625
0 0.21240234375 0.58935546875 0.01025390625 0.01220703125
0 0.1728515625 0.5869140625 0.00732421875 0.00927734375
0 0.03857421875 0.60205078125 0.0078125 0.01025390625
0 0.1904296875 0.58544921875 0.0068359375 0.0087890625
0 0.0927734375 0.5927734375 0.00634765625 0.009765625
0 0.0458984375 0.6005859375 0.0078125 0.01025390625
0 0.10546875 0.6005859375 0.0126953125 0.01416015625
0 0.05615234375 0.6328125 0.0068359375 0.0107421875
0 0.07666015625 0.59765625 0.00927734375 0.01708984375
0 0.01611328125 0.60205078125 0.0068359375 0.0126953125
0 0.13720703125 0.9931640625 0.0185546875 0.013671875
0 0.06689453125 0.99609375 0.01171875 0.00732421875
0 0.0048828125 0.60400390625 0.005859375 0.01220703125