0 0.64501953125 0.82080078125 0.0302734375 0.0458984375
0 0.705078125 0.81103515625 0.025390625 0.025390625
0 0.80419921875 0.9599609375 0.037109375 0.0546875
0 0.365234375 0.93408203125 0.0400390625 0.0556640625
0 0.73828125 0.78271484375 0.0224609375 0.015625
0 0.857421875 0.84423828125 0.0302734375 0.0244140625
0 0.66162109375 0.81005859375 0.0244140625 0.0244140625
0 0.88037109375 0.92333984375 0.0390625 0.041015625
0 0.91455078125 0.796875 0.03125 0.0341796875
0 0.53369140625 0.8583984375 0.0478515625 0.0458984375
0 0.35205078125 0.89501953125 0.0478515625 0.05859375
0 0.93212890625 0.9169921875 0.033203125 0.0439453125
0 0.77001953125 0.97265625 0.048828125 0.0498046875
0 0.9375 0.82958984375 0.0390625 0.0419921875
0 0.822265625 0.81103515625 0.0390625 0.0361328125
0 0.79345703125 0.7607421875 0.0361328125 0.03515625
0 0.95166015625 0.77783203125 0.029296875 0.0322265625
0 0.81103515625 0.83544921875 0.033203125 0.041015625
0 0.69873046875 0.79248046875 0.0380859375 0.0361328125
0 0.0205078125 0.83154296875 0.041015625 0.0537109375
0 0.728515625 0.86328125 0.037109375 0.0322265625
0 0.685546875 0.8369140625 0.04296875 0.04296875
0 0.78515625 0.85302734375 0.03125 0.0419921875
0 0.4169921875 0.9775390625 0.0537109375 0.0380859375