0 0.5009765625 0.8798828125 0.01220703125 0.04736328125
0 0.6103515625 0.3154296875 0.01318359375 0.046875
0 0.49609375 0.599609375 0.01513671875 0.03857421875
0 0.607421875 0.08984375 0.01806640625 0.0283203125
0 0.47021484375 0.513671875 0.01171875 0.04345703125
0 0.6298828125 0.4765625 0.01513671875 0.0400390625
0 0.85693359375 0.5146484375 0.01904296875 0.02734375
0 0.68408203125 0.556640625 0.01708984375 0.0400390625
0 0.615234375 0.2275390625 0.01318359375 0.0458984375
0 0.64697265625 0.2060546875 0.01171875 0.04443359375
0 0.7529296875 0.54150390625 0.01220703125 0.0458984375
0 0.572265625 0.36328125 0.01953125 0.02783203125
0 0.76171875 0.8154296875 0.01171875 0.0439453125
0 0.79638671875 0.826171875 0.0166015625 0.0478515625
0 0.97998046875 0.70263671875 0.01904296875 0.02685546875
0 0.84765625 0.23388671875 0.01318359375 0.03369140625
0 0.466796875 0.54052734375 0.0107421875 0.041015625
0 0.72802734375 0.01220703125 0.0166015625 0.0244140625
0 0.818359375 0.96435546875 0.0205078125 0.0380859375
0 0.65478515625 0.31640625 0.0107421875 0.03662109375
0 0.89111328125 0.1435546875 0.01318359375 0.0341796875
0 0.6904296875 0.26806640625 0.0107421875 0.03857421875
0 0.5244140625 0.6591796875 0.01220703125 0.05029296875
0 0.5869140625 0.333984375 0.0107421875 0.0380859375
0 0.6201171875 0.18017578125 0.013671875 0.041015625
0 0.77490234375 0.544921875 0.01171875 0.04443359375
0 0.75830078125 0.1123046875 0.01171875 0.03466796875
0 0.68359375 0.724609375 0.01513671875 0.04052734375
0 0.98876953125 0.650390625 0.017578125 0.037109375
0 0.8310546875 0.611328125 0.01611328125 0.04736328125
0 0.6689453125 0.3828125 0.01708984375 0.03515625
0 0.75634765625 0.50537109375 0.015625 0.04736328125
0 0.9814453125 0.4990234375 0.0146484375 0.0390625
0 0.912109375 0.01708984375 0.013671875 0.0341796875
0 0.92724609375 0.3203125 0.01904296875 0.0322265625
0 0.72900390625 0.478515625 0.01171875 0.041015625
0 0.88916015625 0.5791015625 0.015625 0.046875
0 0.74072265625 0.36865234375 0.0146484375 0.03759765625
0 0.8994140625 0.03466796875 0.01171875 0.0322265625
0 0.744140625 0.1298828125 0.01123046875 0.0322265625
0 0.6513671875 0.6591796875 0.01611328125 0.04638671875
0 0.515625 0.990234375 0.0185546875 0.01904296875
0 0.98876953125 0.08154296875 0.01953125 0.04345703125
0 0.76904296875 0.197265625 0.0166015625 0.0380859375
0 0.5751953125 0.64208984375 0.013671875 0.041015625
0 0.6689453125 0.654296875 0.01171875 0.04345703125
0 0.93359375 0.4765625 0.013671875 0.03662109375
0 0.9521484375 0.455078125 0.0146484375 0.03271484375
0 0.9736328125 0.23779296875 0.0146484375 0.0498046875
0 0.9150390625 0.2470703125 0.0166015625 0.03857421875
0 0.9443359375 0.24755859375 0.01953125 0.04296875
0 0.77490234375 0.0126953125 0.01025390625 0.025390625
0 0.7978515625 0.22314453125 0.01513671875 0.04052734375
0 0.95361328125 0.6787109375 0.017578125 0.04736328125
0 0.40625 0.98388671875 0.02099609375 0.0322265625
0 0.775390625 0.07763671875 0.01513671875 0.041015625
0 0.99658203125 0.20361328125 0.0068359375 0.0146484375
0 0.90185546875 0.32275390625 0.0185546875 0.03173828125
0 0.86181640625 0.6572265625 0.0107421875 0.03857421875
0 0.8154296875 0.22021484375 0.013671875 0.037109375
0 0.349609375 0.23974609375 0.01318359375 0.02783203125
0 0.8017578125 0.02197265625 0.01513671875 0.03955078125
0 0.47412109375 0.7724609375 0.02880859375 0.03515625
0 0.88720703125 0.67529296875 0.01611328125 0.037109375
0 0.81494140625 0.087890625 0.009765625 0.0234375
0 0.462890625 0.21142578125 0.0166015625 0.0400390625
0 0.80810546875 0.60498046875 0.0078125 0.017578125
0 0.66064453125 0.990234375 0.01416015625 0.01708984375
0 0.78955078125 0.0146484375 0.00830078125 0.0283203125