0 0.93505859375 0.2705078125 0.03125 0.0595703125
0 0.61181640625 0.060546875 0.02294921875 0.0419921875
0 0.6162109375 0.025390625 0.029296875 0.0283203125
0 0.7978515625 0.5078125 0.02685546875 0.07958984375
0 0.462890625 0.29638671875 0.03515625 0.05078125
0 0.4736328125 0.12939453125 0.02197265625 0.04736328125
0 0.9765625 0.05078125 0.02001953125 0.03662109375
0 0.51904296875 0.244140625 0.03271484375 0.0390625
0 0.7509765625 0.482421875 0.0224609375 0.072265625
0 0.4951171875 0.39453125 0.02734375 0.06591796875
0 0.8427734375 0.42578125 0.0205078125 0.07275390625
0 0.50390625 0.11865234375 0.02294921875 0.0478515625
0 0.9208984375 0.01513671875 0.0234375 0.021484375
0 0.3828125 0.216796875 0.02001953125 0.056640625
0 0.50537109375 0.29345703125 0.02294921875 0.05712890625
0 0.517578125 0.158203125 0.0341796875 0.0517578125
0 0.62646484375 0.10693359375 0.015625 0.044921875
0 0.90625 0.6396484375 0.02734375 0.076171875
0 0.568359375 0.2578125 0.03515625 0.0439453125
0 0.47119140625 0.455078125 0.02490234375 0.0654296875
0 0.490234375 0.0234375 0.02734375 0.04541015625
0 0.5703125 0.3388671875 0.01611328125 0.06201171875
0 0.80322265625 0.03173828125 0.03515625 0.03759765625
0 0.8271484375 0.15283203125 0.01806640625 0.02880859375