0 0.291015625 0.2626953125 0.0283203125 0.0234375
0 0.26904296875 0.35693359375 0.0185546875 0.0224609375
0 0.14306640625 0.28173828125 0.02734375 0.0234375
0 0.216796875 0.42138671875 0.0234375 0.025390625
0 0.26708984375 0.3984375 0.0244140625 0.0224609375
0 0.40576171875 0.52783203125 0.029296875 0.0263671875
0 0.326171875 0.27978515625 0.0244140625 0.0224609375
0 0.4423828125 0.35205078125 0.0244140625 0.025390625
0 0.203125 0.2880859375 0.0205078125 0.01953125
0 0.47216796875 0.14990234375 0.0244140625 0.0244140625
0 0.2919921875 0.33984375 0.0205078125 0.0185546875
0 0.52490234375 0.25732421875 0.0244140625 0.0263671875
0 0.14794921875 0.08935546875 0.025390625 0.0244140625
0 0.5283203125 0.47705078125 0.0205078125 0.0205078125
0 0.1083984375 0.17626953125 0.0263671875 0.0234375
0 0.47900390625 0.55029296875 0.0302734375 0.0244140625
0 0.50830078125 0.45166015625 0.0234375 0.02734375
0 0.25439453125 0.41845703125 0.0224609375 0.025390625
0 0.44384765625 0.392578125 0.02734375 0.0224609375
0 0.3564453125 0.4580078125 0.02734375 0.0224609375
0 0.34423828125 0.4013671875 0.03125 0.0234375
0 0.3388671875 0.05419921875 0.0244140625 0.0224609375
0 0.73681640625 0.03271484375 0.01953125 0.015625
0 0.2548828125 0.494140625 0.0166015625 0.017578125
0 0.52783203125 0.23291015625 0.0166015625 0.017578125
0 0.1171875 0.099609375 0.02734375 0.0244140625
0 0.64013671875 0.1826171875 0.021484375 0.0244140625
0 0.5927734375 0.07861328125 0.0205078125 0.0185546875
0 0.275390625 0.59228515625 0.0283203125 0.025390625
0 0.4306640625 0.4140625 0.0244140625 0.0205078125
0 0.5224609375 0.98876953125 0.013671875 0.0224609375
0 0.6171875 0.23046875 0.0205078125 0.02734375
0 0.60888671875 0.4306640625 0.0205078125 0.0263671875
0 0.19384765625 0.353515625 0.0224609375 0.0224609375
0 0.34423828125 0.67236328125 0.03125 0.037109375
0 0.18505859375 0.4072265625 0.0244140625 0.02734375
0 0.0263671875 0.3681640625 0.0234375 0.0234375
0 0.51806640625 0.3154296875 0.02734375 0.0302734375
0 0.62744140625 0.18701171875 0.021484375 0.0224609375
0 0.56396484375 0.97802734375 0.0205078125 0.0283203125
0 0.59814453125 0.435546875 0.0107421875 0.015625