0 0.86865234375 0.7255859375 0.03173828125 0.052734375
0 0.8203125 0.87060546875 0.037109375 0.04736328125
0 0.814453125 0.66650390625 0.0380859375 0.0302734375
0 0.3603515625 0.62890625 0.0419921875 0.05322265625
0 0.3603515625 0.927734375 0.03369140625 0.0576171875
0 0.85009765625 0.986328125 0.03857421875 0.02734375
0 0.388671875 0.71484375 0.05517578125 0.0517578125
0 0.9189453125 0.95068359375 0.0283203125 0.056640625
0 0.82421875 0.33544921875 0.03759765625 0.04052734375
0 0.78515625 0.42822265625 0.0419921875 0.04296875
0 0.9697265625 0.798828125 0.03515625 0.0556640625
0 0.94677734375 0.62255859375 0.03125 0.05078125
0 0.982421875 0.8525390625 0.03515625 0.05517578125
0 0.99462890625 0.7099609375 0.01025390625 0.06689453125
0 0.91748046875 0.43115234375 0.03466796875 0.0615234375
0 0.7998046875 0.22412109375 0.03369140625 0.0537109375
0 0.87060546875 0.24169921875 0.0361328125 0.044921875
0 0.59375 0.9912109375 0.02685546875 0.01708984375
0 0.96728515625 0.6298828125 0.03564453125 0.04248046875
0 0.40478515625 0.98876953125 0.025390625 0.021484375
0 0.8876953125 0.54443359375 0.03857421875 0.03564453125
0 0.93505859375 0.8251953125 0.04248046875 0.0283203125
0 0.87744140625 0.470703125 0.037109375 0.0400390625