0 0.2509765625 0.29296875 0.0107421875 0.013671875
0 0.22705078125 0.23681640625 0.01171875 0.0166015625
0 0.2041015625 0.271484375 0.0078125 0.015625
0 0.20361328125 0.365234375 0.009765625 0.013671875
0 0.2822265625 0.27783203125 0.0068359375 0.0107421875
0 0.2900390625 0.302734375 0.005859375 0.009765625
0 0.19775390625 0.3173828125 0.0078125 0.013671875
0 0.27978515625 0.3271484375 0.0078125 0.013671875
0 0.15625 0.31396484375 0.0068359375 0.0146484375
0 0.24365234375 0.341796875 0.005859375 0.013671875
0 0.2529296875 0.26220703125 0.0107421875 0.01953125
0 0.2216796875 0.31787109375 0.005859375 0.01171875
0 0.216796875 0.26513671875 0.009765625 0.015625
0 0.19140625 0.27392578125 0.0068359375 0.0107421875
0 0.18017578125 0.26318359375 0.0087890625 0.01953125
0 0.2685546875 0.3115234375 0.0078125 0.0126953125
0 0.2744140625 0.34130859375 0.0068359375 0.0126953125
0 0.271484375 0.248046875 0.0068359375 0.0146484375
0 0.21630859375 0.345703125 0.005859375 0.0107421875
0 0.1845703125 0.29296875 0.005859375 0.009765625
0 0.23046875 0.26220703125 0.0146484375 0.0185546875
0 0.1669921875 0.35107421875 0.009765625 0.01171875
0 0.19921875 0.3837890625 0.0068359375 0.01171875
0 0.2236328125 0.29150390625 0.005859375 0.0126953125
0 0.1923828125 0.24853515625 0.005859375 0.009765625
0 0.22802734375 0.2548828125 0.0107421875 0.0146484375
0 0.28369140625 0.29736328125 0.0087890625 0.0166015625
0 0.04931640625 0.51025390625 0.0068359375 0.01171875
0 0.15625 0.388671875 0.01171875 0.015625
0 0.17578125 0.31689453125 0.0087890625 0.013671875
0 0.2939453125 0.2568359375 0.0107421875 0.015625
0 0.23681640625 0.3134765625 0.005859375 0.0126953125
0 0.06103515625 0.43798828125 0.0068359375 0.0126953125
0 0.07373046875 0.56640625 0.0087890625 0.015625
0 0.240234375 0.28662109375 0.005859375 0.0166015625
0 0.1640625 0.26904296875 0.0068359375 0.01171875
0 0.1796875 0.32861328125 0.0068359375 0.017578125
0 0.1875 0.318359375 0.005859375 0.0107421875
0 0.02880859375 0.43896484375 0.0087890625 0.01171875
0 0.20703125 0.30029296875 0.0068359375 0.017578125
0 0.16796875 0.3037109375 0.0068359375 0.009765625
0 0.2109375 0.2333984375 0.0126953125 0.0166015625
0 0.2548828125 0.3349609375 0.005859375 0.0126953125
0 0.15869140625 0.2890625 0.0078125 0.0107421875
0 0.14697265625 0.38720703125 0.0078125 0.0166015625
0 0.1875 0.37109375 0.005859375 0.01171875
0 0.26708984375 0.29443359375 0.01171875 0.0146484375
0 0.1806640625 0.3623046875 0.0048828125 0.0107421875
0 0.22802734375 0.22021484375 0.0087890625 0.01171875
0 0.19921875 0.22216796875 0.0087890625 0.009765625
0 0.27001953125 0.267578125 0.0068359375 0.009765625
0 0.04248046875 0.65283203125 0.009765625 0.015625
0 0.302734375 0.2822265625 0.0078125 0.0107421875
0 0.1083984375 0.3623046875 0.009765625 0.0146484375
0 0.1943359375 0.2919921875 0.0068359375 0.01171875
0 0.26123046875 0.3134765625 0.0087890625 0.015625
0 0.265625 0.25927734375 0.0107421875 0.0126953125
0 0.2177734375 0.23779296875 0.0126953125 0.013671875
0 0.115234375 0.3388671875 0.0078125 0.013671875
0 0.0458984375 0.41552734375 0.005859375 0.01171875
0 0.052734375 0.41796875 0.0078125 0.0126953125
0 0.09765625 0.4619140625 0.0068359375 0.009765625
0 0.17822265625 0.21826171875 0.0068359375 0.009765625
0 0.19677734375 0.32373046875 0.025390625 0.0341796875
0 0.322265625 0.26611328125 0.0205078125 0.0205078125
0 0.12646484375 0.37646484375 0.009765625 0.01171875
0 0.09033203125 0.4873046875 0.0087890625 0.01171875
0 0.07861328125 0.509765625 0.005859375 0.0107421875
0 0.06689453125 0.513671875 0.013671875 0.02734375
0 0.21337890625 0.21435546875 0.0087890625 0.0126953125
0 0.3046875 0.2548828125 0.0146484375 0.0185546875
0 0.04052734375 0.6123046875 0.01171875 0.0126953125
0 0.0068359375 0.51123046875 0.0078125 0.013671875
0 0.23779296875 0.23779296875 0.0263671875 0.0234375
0 0.048828125 0.60107421875 0.009765625 0.013671875
0 0.30712890625 0.2734375 0.017578125 0.0234375
0 0.0927734375 0.57275390625 0.0068359375 0.0166015625
0 0.2021484375 0.37548828125 0.01171875 0.017578125
0 0.0634765625 0.3994140625 0.017578125 0.0224609375
0 0.09375 0.634765625 0.0087890625 0.013671875
0 0.04150390625 0.69287109375 0.0078125 0.0166015625
0 0.2607421875 0.2451171875 0.009765625 0.0146484375
0 0.43408203125 0.28076171875 0.009765625 0.0126953125
0 0.17236328125 0.375 0.009765625 0.0146484375
0 0.3564453125 0.2548828125 0.0205078125 0.01953125
0 0.31884765625 0.2548828125 0.021484375 0.025390625
0 0.04736328125 0.4326171875 0.009765625 0.013671875
0 0.318359375 0.24365234375 0.0068359375 0.01171875
0 0.0556640625 0.39990234375 0.0107421875 0.0166015625
0 0.10595703125 0.56103515625 0.0087890625 0.015625
0 0.39306640625 0.2763671875 0.0068359375 0.0107421875
0 0.19970703125 0.208984375 0.0087890625 0.0166015625
0 0.27783203125 0.26611328125 0.0078125 0.01171875
0 0.2744140625 0.24462890625 0.0068359375 0.0146484375
0 0.36669921875 0.25830078125 0.0224609375 0.01953125
0 0.25732421875 0.31005859375 0.009765625 0.0185546875
0 0.46337890625 0.28662109375 0.0126953125 0.015625
0 0.1162109375 0.189453125 0.0078125 0.0107421875
0 0.05517578125 0.16259765625 0.009765625 0.009765625
0 0.04833984375 0.51806640625 0.0087890625 0.015625
0 0.1357421875 0.1845703125 0.0078125 0.0107421875
0 0.13818359375 0.2109375 0.0068359375 0.0107421875
0 0.58740234375 0.32861328125 0.0068359375 0.0107421875
0 0.2451171875 0.95654296875 0.0087890625 0.013671875
0 0.42724609375 0.2939453125 0.005859375 0.0087890625
0 0.1904296875 0.9560546875 0.017578125 0.0107421875
0 0.53955078125 0.31689453125 0.03515625 0.0400390625
0 0.33740234375 0.3173828125 0.005859375 0.009765625
0 0.283203125 0.25341796875 0.01171875 0.0126953125