0 0.20458984375 0.7119140625 0.0390625 0.04296875
0 0.18212890625 0.84716796875 0.03564453125 0.041015625
0 0.2841796875 0.66455078125 0.04248046875 0.0390625
0 0.38525390625 0.97998046875 0.0419921875 0.03466796875
0 0.294921875 0.92529296875 0.03271484375 0.04736328125
0 0.509765625 0.37939453125 0.03662109375 0.03515625
0 0.3525390625 0.427734375 0.03564453125 0.03564453125
0 0.38134765625 0.7607421875 0.0283203125 0.02880859375
0 0.10302734375 0.9365234375 0.03662109375 0.03466796875
0 0.2841796875 0.81103515625 0.0400390625 0.0380859375
0 0.52978515625 0.52978515625 0.03564453125 0.0400390625
0 0.25 0.412109375 0.03857421875 0.04052734375
0 0.3154296875 0.388671875 0.04052734375 0.0341796875
0 0.1572265625 0.7744140625 0.03955078125 0.03955078125
0 0.755859375 0.14013671875 0.033203125 0.08154296875
0 0.15966796875 0.4736328125 0.0361328125 0.0419921875
0 0.37255859375 0.796875 0.04736328125 0.05712890625
0 0.50634765625 0.27197265625 0.03759765625 0.04052734375
0 0.31787109375 0.41259765625 0.0390625 0.03662109375
0 0.58349609375 0.24169921875 0.03955078125 0.04443359375
0 0.16796875 0.1865234375 0.03955078125 0.0361328125
0 0.48095703125 0.1298828125 0.04345703125 0.02392578125
0 0.13037109375 0.0322265625 0.03955078125 0.03857421875
0 0.0244140625 0.5498046875 0.0341796875 0.0537109375
0 0.501953125 0.4892578125 0.0390625 0.03271484375
0 0.1328125 0.89599609375 0.03759765625 0.0478515625
0 0.4619140625 0.23583984375 0.033203125 0.052734375
0 0.1259765625 0.30517578125 0.03515625 0.04443359375
0 0.2744140625 0.58984375 0.03759765625 0.03759765625
0 0.42431640625 0.67041015625 0.02978515625 0.0546875
0 0.05126953125 0.33203125 0.0361328125 0.0400390625
0 0.4169921875 0.2451171875 0.037109375 0.04931640625
0 0.2412109375 0.02734375 0.03369140625 0.0341796875
0 0.1748046875 0.23876953125 0.03515625 0.03466796875
0 0.02490234375 0.43359375 0.02197265625 0.0771484375
0 0.19580078125 0.3388671875 0.0390625 0.0400390625
0 0.25537109375 0.28759765625 0.0390625 0.0302734375
0 0.197265625 0.9912109375 0.02978515625 0.017578125
0 0.322265625 0.09912109375 0.037109375 0.05126953125
0 0.12109375 0.404296875 0.01708984375 0.07470703125
0 0.29248046875 0.0302734375 0.03515625 0.03076171875
0 0.27490234375 0.212890625 0.04296875 0.03173828125
0 0.27978515625 0.2509765625 0.0390625 0.04638671875
0 0.22998046875 0.240234375 0.02685546875 0.05908203125
0 0.4599609375 0.4951171875 0.01904296875 0.06298828125
0 0.29345703125 0.1865234375 0.03369140625 0.05322265625
0 0.2197265625 0.16796875 0.0380859375 0.04052734375
0 0.48095703125 0.5 0.025390625 0.060546875
0 0.00341796875 0.46044921875 0.0068359375 0.099609375