0 0.51708984375 0.234375 0.0234375 0.025390625
0 0.37548828125 0.55859375 0.0224609375 0.025390625
0 0.41064453125 0.2109375 0.0263671875 0.0361328125
0 0.490234375 0.275390625 0.0205078125 0.0341796875
0 0.47119140625 0.91845703125 0.025390625 0.029296875
0 0.259765625 0.25439453125 0.0205078125 0.037109375
0 0.80712890625 0.37158203125 0.0263671875 0.029296875
0 0.2666015625 0.31640625 0.01953125 0.0302734375
0 0.44482421875 0.853515625 0.015625 0.021484375
0 0.60986328125 0.21728515625 0.021484375 0.037109375
0 0.8857421875 0.326171875 0.025390625 0.0244140625
0 0.46435546875 0.6552734375 0.0205078125 0.02734375
0 0.38134765625 0.23974609375 0.0244140625 0.0283203125
0 0.57861328125 0.45068359375 0.0146484375 0.0185546875
0 0.3212890625 0.361328125 0.0234375 0.0263671875
0 0.18408203125 0.16259765625 0.0224609375 0.0263671875
0 0.5322265625 0.71240234375 0.0224609375 0.0283203125
0 0.66259765625 0.8515625 0.0224609375 0.0302734375
0 0.6220703125 0.55615234375 0.021484375 0.0302734375
0 0.54541015625 0.8603515625 0.0185546875 0.021484375
0 0.435546875 0.6787109375 0.0224609375 0.029296875
0 0.6787109375 0.6572265625 0.0234375 0.029296875
0 0.6015625 0.89697265625 0.0205078125 0.0302734375
0 0.150390625 0.44580078125 0.021484375 0.0380859375
0 0.07177734375 0.24755859375 0.01953125 0.0361328125
0 0.51953125 0.43017578125 0.015625 0.0166015625
0 0.361328125 0.24853515625 0.017578125 0.0185546875
0 0.2158203125 0.62890625 0.0224609375 0.03125
0 0.5361328125 0.8798828125 0.01171875 0.0224609375
0 0.0400390625 0.2978515625 0.021484375 0.0224609375
0 0.1357421875 0.58984375 0.021484375 0.0283203125
0 0.55224609375 0.9228515625 0.0185546875 0.03515625
0 0.59716796875 0.748046875 0.0224609375 0.037109375
0 0.34765625 0.21484375 0.029296875 0.0302734375
0 0.62451171875 0.8828125 0.0224609375 0.0302734375
0 0.578125 0.650390625 0.017578125 0.029296875
0 0.17431640625 0.86767578125 0.01953125 0.025390625
0 0.15966796875 0.15771484375 0.0234375 0.0234375
0 0.60986328125 0.96435546875 0.021484375 0.033203125
0 0.2275390625 0.8232421875 0.0205078125 0.0283203125
0 0.0498046875 0.26416015625 0.0244140625 0.025390625
0 0.2470703125 0.6396484375 0.021484375 0.033203125
0 0.533203125 0.455078125 0.0166015625 0.0185546875
0 0.71044921875 0.45068359375 0.01953125 0.0302734375
0 0.1533203125 0.67578125 0.0263671875 0.0390625
0 0.3681640625 0.2099609375 0.0224609375 0.0205078125
0 0.1865234375 0.2197265625 0.021484375 0.0263671875
0 0.65380859375 0.68701171875 0.025390625 0.0283203125
0 0.466796875 0.46484375 0.021484375 0.03515625
0 0.45556640625 0.4873046875 0.021484375 0.0283203125
0 0.1708984375 0.33349609375 0.0224609375 0.0224609375
0 0.6484375 0.654296875 0.0224609375 0.029296875
0 0.54150390625 0.49072265625 0.015625 0.0224609375
0 0.29248046875 0.64453125 0.0224609375 0.03125
0 0.60400390625 0.71337890625 0.021484375 0.0283203125
0 0.47802734375 0.56787109375 0.0205078125 0.0244140625
0 0.0126953125 0.6826171875 0.015625 0.0302734375
0 0.5 0.45556640625 0.021484375 0.0361328125
0 0.51904296875 0.57080078125 0.015625 0.0224609375
0 0.0341796875 0.88720703125 0.013671875 0.025390625
0 0.5556640625 0.56787109375 0.0205078125 0.033203125
0 0.10107421875 0.46044921875 0.0224609375 0.0361328125
0 0.5625 0.501953125 0.017578125 0.0302734375
0 0.08056640625 0.36279296875 0.0244140625 0.025390625
0 0.33837890625 0.4755859375 0.0205078125 0.0361328125
0 0.236328125 0.56591796875 0.0244140625 0.0234375
0 0.10595703125 0.41943359375 0.021484375 0.02734375
0 0.2041015625 0.27490234375 0.0263671875 0.0302734375
0 0.0400390625 0.392578125 0.0244140625 0.0283203125
0 0.64794921875 0.71484375 0.0205078125 0.0205078125
0 0.267578125 0.63232421875 0.017578125 0.033203125
0 0.00244140625 0.82373046875 0.0048828125 0.0283203125
0 0.32080078125 0.17626953125 0.015625 0.0205078125
0 0.62353515625 0.70068359375 0.021484375 0.0341796875
0 0.19140625 0.7236328125 0.021484375 0.033203125
0 0.62890625 0.755859375 0.0224609375 0.0302734375
0 0.46923828125 0.5107421875 0.017578125 0.02734375
0 0.05224609375 0.501953125 0.0234375 0.0283203125
0 0.0576171875 0.57763671875 0.0244140625 0.0263671875
0 0.3583984375 0.23681640625 0.0244140625 0.0224609375
0 0.0078125 0.48291015625 0.015625 0.0302734375
0 0.12109375 0.4013671875 0.0244140625 0.029296875
0 0.02392578125 0.74169921875 0.0263671875 0.0341796875
0 0.05029296875 0.54296875 0.025390625 0.037109375
0 0.521484375 0.5361328125 0.017578125 0.0224609375
0 0.294921875 0.55859375 0.0205078125 0.029296875
0 0.2685546875 0.541015625 0.0205078125 0.0341796875
0 0.0615234375 0.67138671875 0.0234375 0.03515625
0 0.064453125 0.546875 0.0234375 0.0302734375
0 0.0361328125 0.8466796875 0.0244140625 0.0361328125
0 0.064453125 0.72021484375 0.017578125 0.0302734375
0 0.26611328125 0.23095703125 0.0166015625 0.037109375
0 0.34619140625 0.45166015625 0.0234375 0.0283203125
0 0.2548828125 0.37353515625 0.0205078125 0.0380859375
0 0.66845703125 0.2236328125 0.01953125 0.0390625
0 0.24853515625 0.83642578125 0.01171875 0.01953125
0 0.6318359375 0.76220703125 0.0126953125 0.0166015625
0 0.7890625 0.25927734375 0.0205078125 0.02734375
0 0.228515625 0.44140625 0.0107421875 0.0185546875
0 0.2724609375 0.54931640625 0.0126953125 0.025390625
0 0.6826171875 0.857421875 0.0205078125 0.025390625
0 0.3818359375 0.61279296875 0.0224609375 0.0234375
0 0.06298828125 0.7548828125 0.013671875 0.0244140625
0 0.25390625 0.31298828125 0.01953125 0.0390625
0 0.021484375 0.353515625 0.0068359375 0.0146484375
0 0.2646484375 0.48828125 0.013671875 0.0244140625