0 0.83837890625 0.9501953125 0.0322265625 0.056640625
0 0.7890625 0.80517578125 0.029296875 0.05859375
0 0.7451171875 0.5693359375 0.025390625 0.0400390625
0 0.833984375 0.087890625 0.03515625 0.0498046875
0 0.66162109375 0.72216796875 0.0283203125 0.052734375
0 0.80029296875 0.56640625 0.0341796875 0.046875
0 0.72119140625 0.5400390625 0.0263671875 0.0390625
0 0.6083984375 0.85107421875 0.033203125 0.0517578125
0 0.48583984375 0.802734375 0.033203125 0.0517578125
0 0.9013671875 0.939453125 0.0283203125 0.046875
0 0.6240234375 0.9853515625 0.037109375 0.029296875
0 0.744140625 0.23828125 0.029296875 0.048828125
0 0.6015625 0.59912109375 0.0185546875 0.0302734375
0 0.7392578125 0.80517578125 0.03125 0.0576171875
0 0.79443359375 0.3623046875 0.029296875 0.0458984375
0 0.6376953125 0.3935546875 0.025390625 0.04296875
0 0.677734375 0.55712890625 0.029296875 0.0498046875
0 0.96533203125 0.65966796875 0.03515625 0.0673828125
0 0.65576171875 0.4873046875 0.0205078125 0.041015625
0 0.638671875 0.48095703125 0.033203125 0.05078125
0 0.7021484375 0.69189453125 0.0302734375 0.048828125
0 0.76318359375 0.37890625 0.0244140625 0.0400390625
0 0.69482421875 0.369140625 0.033203125 0.05859375
0 0.68017578125 0.40966796875 0.025390625 0.0439453125
0 0.71826171875 0.76611328125 0.029296875 0.044921875
0 0.52734375 0.68212890625 0.025390625 0.0498046875
0 0.63037109375 0.119140625 0.037109375 0.0654296875
0 0.6552734375 0.4296875 0.0224609375 0.04296875
0 0.67431640625 0.53466796875 0.0224609375 0.037109375
0 0.62939453125 0.10693359375 0.01953125 0.0390625
0 0.04443359375 0.87060546875 0.017578125 0.0234375