0 0.12744140625 0.203125 0.01220703125 0.025390625
0 0.01513671875 0.20263671875 0.0185546875 0.017578125
0 0.0859375 0.25048828125 0.01123046875 0.0205078125
0 0.013671875 0.22265625 0.01708984375 0.01611328125
0 0.09130859375 0.173828125 0.01708984375 0.01806640625
0 0.041015625 0.26513671875 0.01416015625 0.02001953125
0 0.0341796875 0.28857421875 0.01318359375 0.01708984375
0 0.005859375 0.2607421875 0.01123046875 0.021484375
0 0.08544921875 0.05126953125 0.01806640625 0.01513671875
0 0.1748046875 0.20166015625 0.015625 0.02197265625
0 0.0400390625 0.251953125 0.01513671875 0.01318359375
0 0.04052734375 0.2978515625 0.017578125 0.0244140625
0 0.0048828125 0.0341796875 0.00927734375 0.02392578125