0 0.69873046875 0.14404296875 0.021484375 0.0146484375
0 0.30224609375 0.25439453125 0.021484375 0.0146484375
0 0.29833984375 0.2373046875 0.0185546875 0.0126953125
0 0.515625 0.19775390625 0.025390625 0.015625
0 0.29248046875 0.267578125 0.025390625 0.015625
0 0.3037109375 0.22119140625 0.0234375 0.013671875
0 0.44580078125 0.205078125 0.0185546875 0.013671875
0 0.67578125 0.15625 0.017578125 0.0126953125
0 0.89453125 0.25048828125 0.017578125 0.013671875
0 0.7490234375 0.1494140625 0.025390625 0.013671875
0 0.861328125 0.1181640625 0.02734375 0.0166015625
0 0.9443359375 0.2490234375 0.0185546875 0.01171875
0 0.69775390625 0.12353515625 0.0244140625 0.0146484375
0 0.77001953125 0.1025390625 0.0166015625 0.0146484375
0 0.86083984375 0.244140625 0.0205078125 0.0166015625
0 0.9091796875 0.26904296875 0.0205078125 0.0126953125
0 0.87548828125 0.17041015625 0.0146484375 0.0126953125
0 0.65771484375 0.18212890625 0.0205078125 0.0126953125
0 0.91552734375 0.13232421875 0.0146484375 0.01171875
0 0.95751953125 0.2939453125 0.013671875 0.009765625
0 0.96875 0.33349609375 0.01171875 0.0107421875
0 0.6826171875 0.1455078125 0.0185546875 0.0185546875