0 0.56640625 0.70947265625 0.09033203125 0.107421875
0 0.5166015625 0.43701171875 0.0546875 0.06640625
0 0.60107421875 0.4208984375 0.05224609375 0.068359375
0 0.79736328125 0.90283203125 0.1015625 0.13720703125
0 0.79248046875 0.32421875 0.06103515625 0.05712890625
0 0.853515625 0.22412109375 0.05078125 0.05078125
0 0.416015625 0.76904296875 0.0771484375 0.10595703125
0 0.12158203125 0.6669921875 0.07421875 0.08203125
0 0.25732421875 0.40966796875 0.0439453125 0.06787109375
0 0.2861328125 0.4091796875 0.0498046875 0.0654296875
0 0.166015625 0.15234375 0.03955078125 0.044921875
0 0.37109375 0.65673828125 0.06494140625 0.1123046875
0 0.439453125 0.64306640625 0.07421875 0.09228515625
0 0.6982421875 0.490234375 0.05078125 0.03564453125
0 0.494140625 0.3671875 0.0517578125 0.06591796875
0 0.0732421875 0.18115234375 0.0302734375 0.0478515625
0 0.318359375 0.61572265625 0.0703125 0.08154296875
0 0.89892578125 0.60009765625 0.07763671875 0.08154296875
0 0.6083984375 0.517578125 0.05078125 0.033203125
0 0.3583984375 0.31689453125 0.0517578125 0.05859375
0 0.576171875 0.47998046875 0.05517578125 0.06591796875
0 0.13720703125 0.33984375 0.0439453125 0.0595703125
0 0.2255859375 0.06884765625 0.07080078125 0.08837890625
0 0.66796875 0.2998046875 0.05029296875 0.05419921875
0 0.5205078125 0.24169921875 0.048828125 0.06201171875
0 0.30224609375 0.3564453125 0.04833984375 0.05224609375
0 0.0732421875 0.248046875 0.048828125 0.0576171875
0 0.900390625 0.509765625 0.05859375 0.091796875
0 0.30322265625 0.2392578125 0.04248046875 0.04638671875
0 0.83203125 0.25390625 0.05712890625 0.05078125
0 0.68017578125 0.1552734375 0.0400390625 0.0419921875
0 0.39453125 0.3642578125 0.04541015625 0.04345703125
0 0.19580078125 0.408203125 0.04345703125 0.07080078125
0 0.95654296875 0.40380859375 0.06982421875 0.056640625
0 0.96923828125 0.18994140625 0.052734375 0.041015625
0 0.888671875 0.15625 0.037109375 0.02734375
0 0.666015625 0.25439453125 0.04541015625 0.0517578125
0 0.20751953125 0.06103515625 0.03466796875 0.037109375
0 0.63623046875 0.35986328125 0.041015625 0.05859375
0 0.81396484375 0.43994140625 0.0595703125 0.03466796875
0 0.705078125 0.31005859375 0.048828125 0.0322265625
0 0.7705078125 0.2197265625 0.0302734375 0.0263671875
0 0.17578125 0.26171875 0.0380859375 0.04052734375
0 0.45703125 0.14892578125 0.0341796875 0.04052734375
0 0.92724609375 0.43408203125 0.05224609375 0.05419921875
0 0.09765625 0.0244140625 0.0322265625 0.0361328125
0 0.72998046875 0.17822265625 0.03271484375 0.05322265625
0 0.47021484375 0.19921875 0.01806640625 0.0498046875
0 0.64306640625 0.02294921875 0.029296875 0.0302734375
0 0.5283203125 0.16748046875 0.021484375 0.05322265625
0 0.4375 0.32421875 0.03125 0.046875
0 0.611328125 0.13330078125 0.04931640625 0.04296875
0 0.2919921875 0.1884765625 0.03466796875 0.02734375
0 0.8505859375 0.09619140625 0.02099609375 0.03271484375
0 0.98046875 0.4404296875 0.03759765625 0.0810546875
0 0.759765625 0.130859375 0.03173828125 0.0439453125
0 0.4345703125 0.60205078125 0.068359375 0.06005859375
0 0.1767578125 0.01953125 0.02001953125 0.03564453125
0 0.4853515625 0.11669921875 0.04150390625 0.0458984375
0 0.68310546875 0.22900390625 0.05126953125 0.052734375
0 0.35986328125 0.26416015625 0.025390625 0.05810546875
0 0.849609375 0.05712890625 0.0302734375 0.03564453125
0 0.63671875 0.07421875 0.037109375 0.04541015625
0 0.34375 0.12353515625 0.037109375 0.04052734375
0 0.41748046875 0.1015625 0.03857421875 0.04345703125
0 0.0107421875 0.03369140625 0.021484375 0.0400390625
0 0.81640625 0.08740234375 0.03515625 0.0400390625
0 0.41064453125 0.04443359375 0.03125 0.03125
0 0.0654296875 0.0341796875 0.0185546875 0.04052734375
0 0.798828125 0.056640625 0.02490234375 0.033203125
0 0.8095703125 0.1806640625 0.03759765625 0.02294921875
0 0.837890625 0.150390625 0.0380859375 0.02587890625
0 0.58349609375 0.06640625 0.0322265625 0.04052734375
0 0.36767578125 0.1083984375 0.025390625 0.044921875
0 0.6162109375 0.1650390625 0.041015625 0.0478515625
0 0.6015625 0.09423828125 0.0341796875 0.0380859375
0 0.69189453125 0.017578125 0.03466796875 0.033203125
0 0.59130859375 0.03564453125 0.0322265625 0.021484375
0 0.603515625 0.0693359375 0.03369140625 0.03662109375
0 0.75830078125 0.0986328125 0.044921875 0.04052734375
0 0.443359375 0.09228515625 0.0341796875 0.037109375
0 0.486328125 0.24609375 0.0302734375 0.0283203125
0 0.57080078125 0.0361328125 0.0126953125 0.04248046875
0 0.416015625 0.06982421875 0.02294921875 0.03466796875
0 0.20703125 0.037109375 0.0107421875 0.01513671875
0 0.34765625 0.103515625 0.02880859375 0.01953125
0 0.4267578125 0.07373046875 0.02978515625 0.02001953125
0 0.6376953125 0.056640625 0.02783203125 0.017578125
0 0.50048828125 0.10693359375 0.015625 0.02197265625
0 0.36376953125 0.09375 0.01708984375 0.02294921875
0 0.68017578125 0.0146484375 0.013671875 0.0263671875