0 0.8125 0.72119140625 0.01953125 0.037109375
0 0.91748046875 0.49755859375 0.0302734375 0.0302734375
0 0.951171875 0.33154296875 0.021484375 0.0263671875
0 0.94140625 0.39453125 0.0205078125 0.0224609375
0 0.85400390625 0.5107421875 0.015625 0.02734375
0 0.84033203125 0.55126953125 0.0146484375 0.029296875
0 0.76953125 0.61962890625 0.0205078125 0.033203125
0 0.77490234375 0.56591796875 0.0146484375 0.0263671875
0 0.8173828125 0.57421875 0.0166015625 0.0283203125
0 0.8076171875 0.53076171875 0.0224609375 0.03125
0 0.896484375 0.88232421875 0.0146484375 0.0244140625
0 0.76416015625 0.6708984375 0.0205078125 0.03125
0 0.80224609375 0.72900390625 0.0205078125 0.037109375
0 0.9365234375 0.40771484375 0.0205078125 0.01953125