0 0.66943359375 0.0869140625 0.0185546875 0.03125
0 0.7841796875 0.23583984375 0.02099609375 0.04296875
0 0.87158203125 0.09326171875 0.01904296875 0.0361328125
0 0.3759765625 0.15869140625 0.01513671875 0.029296875
0 0.27001953125 0.34814453125 0.01708984375 0.0322265625
0 0.775390625 0.54296875 0.02197265625 0.0234375
0 0.85546875 0.01953125 0.01611328125 0.03173828125
0 0.75927734375 0.3310546875 0.0166015625 0.03662109375
0 0.6015625 0.349609375 0.01318359375 0.0341796875
0 0.2626953125 0.08251953125 0.0166015625 0.0380859375
0 0.552734375 0.13671875 0.0166015625 0.0390625
0 0.7568359375 0.28466796875 0.01708984375 0.03759765625
0 0.60791015625 0.228515625 0.01220703125 0.04443359375
0 0.71826171875 0.2822265625 0.013671875 0.04052734375
0 0.44189453125 0.1884765625 0.013671875 0.0380859375
0 0.60595703125 0.04150390625 0.0126953125 0.04248046875
0 0.4794921875 0.15380859375 0.01318359375 0.04443359375
0 0.7509765625 0.48583984375 0.0283203125 0.0205078125
0 0.33251953125 0.25830078125 0.00927734375 0.03125
0 0.3076171875 0.05224609375 0.013671875 0.0400390625
0 0.51220703125 0.12890625 0.01025390625 0.04248046875
0 0.041015625 0.54638671875 0.01953125 0.04248046875
0 0.296875 0.11865234375 0.01171875 0.04443359375
0 0.0732421875 0.041015625 0.015625 0.0341796875
0 0.10595703125 0.47998046875 0.00927734375 0.0361328125
0 0.14208984375 0.12255859375 0.0185546875 0.03125
0 0.158203125 0.23046875 0.0126953125 0.04541015625
0 0.0673828125 0.23779296875 0.01171875 0.0361328125
0 0.02294921875 0.0830078125 0.0087890625 0.03955078125
0 0.18798828125 0.119140625 0.00927734375 0.04150390625
0 0.0341796875 0.037109375 0.0087890625 0.0322265625
0 0.0830078125 0.13623046875 0.0126953125 0.041015625
0 0.0498046875 0.13525390625 0.013671875 0.03857421875
0 0.09814453125 0.1865234375 0.01611328125 0.03662109375
0 0.11669921875 0.09814453125 0.01416015625 0.03759765625
0 0.11669921875 0.134765625 0.009765625 0.03857421875
0 0.048828125 0.01318359375 0.009765625 0.0263671875
0 0.08837890625 0.08544921875 0.01513671875 0.03369140625
0 0.1611328125 0.16796875 0.00927734375 0.04052734375
0 0.00439453125 0.49951171875 0.0087890625 0.03955078125
0 0.0244140625 0.01025390625 0.017578125 0.0205078125
0 0.125 0.16455078125 0.017578125 0.03857421875
0 0.60986328125 0.0068359375 0.0126953125 0.013671875