0 0.41357421875 0.1201171875 0.01171875 0.021484375
0 0.443359375 0.017578125 0.0146484375 0.0205078125
0 0.43408203125 0.109375 0.013671875 0.0224609375
0 0.48828125 0.107421875 0.01171875 0.0205078125
0 0.462890625 0.0546875 0.01171875 0.0205078125
0 0.47509765625 0.0693359375 0.0126953125 0.0234375
0 0.4736328125 0.15283203125 0.0126953125 0.0224609375
0 0.7548828125 0.0966796875 0.0107421875 0.0224609375
0 0.9248046875 0.271484375 0.0107421875 0.01953125
0 0.611328125 0.27099609375 0.0146484375 0.0244140625
0 0.5146484375 0.046875 0.013671875 0.0205078125
0 0.91845703125 0.1484375 0.013671875 0.0224609375
0 0.81005859375 0.31982421875 0.0146484375 0.0205078125
0 0.88671875 0.30126953125 0.0166015625 0.0263671875
0 0.5615234375 0.232421875 0.0126953125 0.021484375
0 0.9052734375 0.09912109375 0.013671875 0.017578125
0 0.64306640625 0.271484375 0.0126953125 0.0185546875
0 0.5537109375 0.22265625 0.015625 0.0263671875
0 0.70458984375 0.11767578125 0.01171875 0.0205078125
0 0.62939453125 0.2333984375 0.013671875 0.0244140625
0 0.66845703125 0.2783203125 0.0126953125 0.021484375
0 0.57958984375 0.0244140625 0.0166015625 0.025390625
0 0.92333984375 0.09326171875 0.0146484375 0.0166015625
0 0.6337890625 0.07275390625 0.01171875 0.0263671875
0 0.7763671875 0.27392578125 0.017578125 0.0224609375
0 0.900390625 0.20458984375 0.009765625 0.0185546875
0 0.65771484375 0.20361328125 0.0107421875 0.0205078125
0 0.51318359375 0.224609375 0.01171875 0.0205078125
0 0.865234375 0.22607421875 0.013671875 0.01953125
0 0.7734375 0.30859375 0.0146484375 0.01953125
0 0.57861328125 0.2041015625 0.013671875 0.0224609375
0 0.556640625 0.06201171875 0.0126953125 0.021484375
0 0.85107421875 0.30615234375 0.0107421875 0.017578125
0 0.6923828125 0.2802734375 0.013671875 0.0224609375
0 0.5185546875 0.13330078125 0.021484375 0.02734375
0 0.8408203125 0.2861328125 0.01171875 0.0185546875
0 0.57470703125 0.10009765625 0.01171875 0.0224609375
0 0.8837890625 0.24169921875 0.0107421875 0.021484375
0 0.90380859375 0.29150390625 0.0107421875 0.01953125
0 0.6669921875 0.04052734375 0.0166015625 0.025390625
0 0.83349609375 0.224609375 0.0146484375 0.0224609375
0 0.57275390625 0.060546875 0.0126953125 0.021484375
0 0.66845703125 0.16064453125 0.0107421875 0.0166015625
0 0.779296875 0.2978515625 0.013671875 0.021484375
0 0.5439453125 0.04052734375 0.01171875 0.0185546875
0 0.84375 0.1494140625 0.0185546875 0.0302734375
0 0.76904296875 0.248046875 0.0126953125 0.021484375
0 0.6865234375 0.23486328125 0.013671875 0.0263671875
0 0.7861328125 0.22314453125 0.0126953125 0.0205078125
0 0.5322265625 0.06298828125 0.013671875 0.0234375
0 0.53515625 0.0859375 0.0126953125 0.021484375
0 0.5517578125 0.150390625 0.0107421875 0.01953125
0 0.5 0.00830078125 0.01171875 0.0166015625
0 0.80126953125 0.21826171875 0.01171875 0.0234375
0 0.529296875 0.17626953125 0.01171875 0.0205078125
0 0.50927734375 0.1337890625 0.0087890625 0.0205078125
0 0.66015625 0.2373046875 0.013671875 0.0224609375
0 0.904296875 0.1650390625 0.0126953125 0.0244140625
0 0.5439453125 0.12744140625 0.0107421875 0.021484375
0 0.86474609375 0.27978515625 0.009765625 0.0166015625
0 0.837890625 0.09130859375 0.0107421875 0.01953125
0 0.5859375 0.18505859375 0.01171875 0.021484375
0 0.61865234375 0.19970703125 0.0126953125 0.0224609375
0 0.81005859375 0.2060546875 0.0126953125 0.0166015625
0 0.70361328125 0.2490234375 0.013671875 0.0234375
0 0.591796875 0.158203125 0.013671875 0.0234375
0 0.57763671875 0.1552734375 0.0126953125 0.021484375
0 0.791015625 0.24560546875 0.0126953125 0.0205078125
0 0.54638671875 0.1005859375 0.0126953125 0.021484375
0 0.87841796875 0.28173828125 0.009765625 0.0205078125
0 0.8193359375 0.09375 0.015625 0.01953125
0 0.64892578125 0.24951171875 0.0126953125 0.017578125
0 0.724609375 0.27197265625 0.0146484375 0.0244140625
0 0.7236328125 0.09716796875 0.013671875 0.0244140625
0 0.875 0.1181640625 0.013671875 0.0146484375
0 0.6923828125 0.14990234375 0.021484375 0.0263671875
0 0.87841796875 0.15234375 0.01171875 0.0224609375
0 0.6416015625 0.19189453125 0.0126953125 0.0234375
0 0.7421875 0.22265625 0.0126953125 0.0224609375
0 0.77392578125 0.16259765625 0.013671875 0.0263671875
0 0.796875 0.08056640625 0.0166015625 0.021484375
0 0.85107421875 0.27001953125 0.013671875 0.0224609375
0 0.7626953125 0.18408203125 0.013671875 0.02734375
0 0.8173828125 0.17333984375 0.013671875 0.025390625
0 0.8935546875 0.14794921875 0.01171875 0.0234375
0 0.6064453125 0.12353515625 0.01171875 0.021484375
0 0.7119140625 0.23779296875 0.01171875 0.0234375
0 0.59912109375 0.02099609375 0.0166015625 0.0244140625
0 0.72607421875 0.2099609375 0.015625 0.0205078125
0 0.794921875 0.1123046875 0.013671875 0.0185546875
0 0.6650390625 0.064453125 0.017578125 0.0263671875
0 0.59619140625 0.21142578125 0.01171875 0.021484375
0 0.8603515625 0.2578125 0.01171875 0.01171875
0 0.8447265625 0.25048828125 0.013671875 0.021484375
0 0.8466796875 0.09912109375 0.01171875 0.0146484375
0 0.7490234375 0.29541015625 0.0126953125 0.013671875
0 0.5712890625 0.12646484375 0.01171875 0.0244140625
0 0.7841796875 0.13427734375 0.0185546875 0.0302734375
0 0.712890625 0.16162109375 0.015625 0.02734375
0 0.609375 0.1904296875 0.013671875 0.0224609375
0 0.86376953125 0.11865234375 0.0126953125 0.0146484375
0 0.7158203125 0.18115234375 0.013671875 0.0224609375
0 0.86669921875 0.17041015625 0.0146484375 0.0244140625
0 0.73779296875 0.12744140625 0.015625 0.02734375
0 0.80712890625 0.12060546875 0.0126953125 0.0126953125
0 0.69775390625 0.1845703125 0.013671875 0.0244140625
0 0.56201171875 0.11669921875 0.0146484375 0.0205078125
0 0.78173828125 0.103515625 0.015625 0.0224609375
0 0.6767578125 0.1796875 0.013671875 0.0244140625
0 0.72412109375 0.04736328125 0.0146484375 0.0185546875
0 0.8271484375 0.181640625 0.0166015625 0.025390625
0 0.74169921875 0.171875 0.013671875 0.0234375
0 0.63037109375 0.1640625 0.0146484375 0.0234375
0 0.4365234375 0.02294921875 0.017578125 0.0205078125
0 0.72509765625 0.177734375 0.013671875 0.0234375
0 0.51025390625 0.001953125 0.0126953125 0.00390625
0 0.67578125 0.09423828125 0.0166015625 0.02734375
0 0.71435546875 0.26416015625 0.015625 0.0244140625
0 0.681640625 0.07763671875 0.015625 0.021484375
0 0.5908203125 0.1181640625 0.0146484375 0.029296875
0 0.8779296875 0.17138671875 0.013671875 0.0166015625
0 0.6435546875 0.1513671875 0.0146484375 0.0234375
0 0.8046875 0.1474609375 0.0126953125 0.021484375
0 0.5947265625 0.0966796875 0.0126953125 0.021484375
0 0.66650390625 0.205078125 0.01171875 0.01953125
0 0.62451171875 0.11572265625 0.0126953125 0.0234375
0 0.7001953125 0.087890625 0.017578125 0.0283203125
0 0.89208984375 0.2734375 0.013671875 0.0166015625
0 0.70556640625 0.201171875 0.0126953125 0.021484375
0 0.65380859375 0.111328125 0.0185546875 0.03515625
0 0.58251953125 0.10546875 0.0146484375 0.0263671875
0 0.69775390625 0.11962890625 0.0166015625 0.025390625
0 0.65869140625 0.15771484375 0.013671875 0.0234375
0 0.69189453125 0.07861328125 0.0166015625 0.0234375
0 0.73779296875 0.0498046875 0.013671875 0.017578125
0 0.6337890625 0.13330078125 0.015625 0.0244140625
0 0.67041015625 0.11767578125 0.015625 0.0283203125
0 0.62646484375 0.03466796875 0.013671875 0.0263671875
0 0.7080078125 0.28076171875 0.013671875 0.021484375
0 0.85498046875 0.30810546875 0.0107421875 0.015625
0 0.93359375 0.09130859375 0.009765625 0.0107421875
0 0.72509765625 0.14892578125 0.0166015625 0.03125
0 0.6484375 0.26708984375 0.0126953125 0.015625
0 0.64013671875 0.07373046875 0.0146484375 0.0244140625
0 0.61181640625 0.11328125 0.013671875 0.0205078125
0 0.9072265625 0.18994140625 0.013671875 0.0185546875
0 0.76171875 0.0947265625 0.01171875 0.0224609375
0 0.794921875 0.09130859375 0.013671875 0.017578125