0 0.849609375 0.01904296875 0.01953125 0.03759765625
0 0.96728515625 0.73193359375 0.0234375 0.06005859375
0 0.98828125 0.61376953125 0.0234375 0.041015625
0 0.96728515625 0.58642578125 0.0361328125 0.052734375
0 0.755859375 0.9697265625 0.03466796875 0.06005859375
0 0.7373046875 0.62451171875 0.0322265625 0.0439453125
0 0.93994140625 0.48974609375 0.033203125 0.060546875
0 0.708984375 0.59423828125 0.03125 0.05322265625
0 0.68408203125 0.419921875 0.0283203125 0.05517578125
0 0.5927734375 0.8232421875 0.0205078125 0.0595703125
0 0.4873046875 0.68896484375 0.0263671875 0.06640625
0 0.6640625 0.4462890625 0.02685546875 0.06103515625
0 0.6044921875 0.513671875 0.02490234375 0.06201171875
0 0.4384765625 0.82275390625 0.0234375 0.05810546875
0 0.177734375 0.68310546875 0.03759765625 0.03076171875
0 0.513671875 0.84716796875 0.0146484375 0.0205078125
0 0.39013671875 0.7333984375 0.02587890625 0.0693359375
0 0.78173828125 0.173828125 0.03759765625 0.0556640625
0 0.82177734375 0.01513671875 0.0263671875 0.0302734375
0 0.64111328125 0.607421875 0.0302734375 0.05859375
0 0.3857421875 0.44775390625 0.0234375 0.05908203125
0 0.76806640625 0.02197265625 0.03271484375 0.03955078125
0 0.4873046875 0.66650390625 0.01611328125 0.02685546875
0 0.5390625 0.345703125 0.033203125 0.0703125
0 0.994140625 0.64892578125 0.01171875 0.0419921875
0 0.4052734375 0.333984375 0.03076171875 0.07763671875
0 0.60595703125 0.90283203125 0.01708984375 0.0654296875
0 0.595703125 0.63330078125 0.025390625 0.04736328125
0 0.67236328125 0.41064453125 0.0185546875 0.04248046875
0 0.52880859375 0.73974609375 0.03271484375 0.044921875
0 0.84375 0.36962890625 0.03369140625 0.056640625
0 0.521484375 0.857421875 0.03369140625 0.04345703125
0 0.57666015625 0.0849609375 0.01611328125 0.0576171875
0 0.71337890625 0.75634765625 0.0380859375 0.04052734375
0 0.294921875 0.939453125 0.03369140625 0.06201171875
0 0.60302734375 0.1064453125 0.01708984375 0.07666015625
0 0.69287109375 0.888671875 0.03076171875 0.04638671875
0 0.7294921875 0.9228515625 0.02392578125 0.06298828125
0 0.96044921875 0.71484375 0.01318359375 0.029296875
0 0.68994140625 0.3251953125 0.03662109375 0.04833984375
0 0.8330078125 0.35302734375 0.01123046875 0.02490234375
0 0.1884765625 0.701171875 0.0380859375 0.03955078125
0 0.333984375 0.18359375 0.0419921875 0.04248046875
0 0.3037109375 0.3916015625 0.01611328125 0.0283203125
0 0.65576171875 0.4609375 0.0107421875 0.03466796875
0 0.93310546875 0.4716796875 0.0185546875 0.02880859375
0 0.59521484375 0.12451171875 0.017578125 0.04736328125
0 0.4521484375 0.4443359375 0.0224609375 0.02880859375
0 0.74951171875 0.02001953125 0.0126953125 0.015625
0 0.40625 0.47265625 0.017578125 0.04736328125
0 0.31201171875 0.404296875 0.02880859375 0.052734375
0 0.53369140625 0.32421875 0.01953125 0.03125
0 0.42041015625 0.37109375 0.02490234375 0.04931640625
0 0.3818359375 0.4267578125 0.01171875 0.021484375
0 0.69775390625 0.7470703125 0.0087890625 0.02783203125
0 0.70947265625 0.33740234375 0.02099609375 0.06201171875