0 0.84619140625 0.13330078125 0.015625 0.02734375
0 0.86083984375 0.11962890625 0.015625 0.02978515625
0 0.94287109375 0.2099609375 0.01513671875 0.0322265625
0 0.7587890625 0.18798828125 0.00927734375 0.02880859375
0 0.66064453125 0.294921875 0.01025390625 0.02783203125
0 0.89111328125 0.76416015625 0.01904296875 0.0419921875
0 0.63525390625 0.072265625 0.01123046875 0.03125
0 0.89697265625 0.521484375 0.02734375 0.037109375
0 0.9638671875 0.03076171875 0.0126953125 0.02734375
0 0.61279296875 0.04833984375 0.00830078125 0.02734375
0 0.892578125 0.8076171875 0.015625 0.0341796875
0 0.916015625 0.05078125 0.01220703125 0.03173828125
0 0.9853515625 0.70751953125 0.01904296875 0.04248046875
0 0.65869140625 0.0146484375 0.00927734375 0.02783203125
0 0.94580078125 0.77099609375 0.0224609375 0.037109375
0 0.8828125 0.068359375 0.01220703125 0.0322265625
0 0.763671875 0.76318359375 0.01416015625 0.04248046875
0 0.984375 0.85595703125 0.015625 0.0341796875
0 0.49609375 0.62841796875 0.01513671875 0.041015625
0 0.9267578125 0.712890625 0.01416015625 0.0419921875
0 0.54443359375 0.546875 0.0185546875 0.05078125
0 0.91015625 0.263671875 0.0166015625 0.03857421875
0 0.85302734375 0.85498046875 0.01416015625 0.046875
0 0.517578125 0.58740234375 0.0146484375 0.04736328125
0 0.94091796875 0.8115234375 0.0185546875 0.025390625
0 0.47802734375 0.70947265625 0.02001953125 0.03857421875
0 0.65087890625 0.01220703125 0.00830078125 0.0234375
0 0.5322265625 0.982421875 0.01318359375 0.0341796875
0 0.6748046875 0.00927734375 0.0146484375 0.0185546875
0 0.5166015625 0.44384765625 0.0107421875 0.03759765625