0 0.68310546875 0.1474609375 0.0263671875 0.0400390625
0 0.76416015625 0.29443359375 0.03125 0.037109375
0 0.49658203125 0.43408203125 0.01953125 0.0302734375
0 0.0166015625 0.44921875 0.025390625 0.0390625
0 0.07763671875 0.48388671875 0.0263671875 0.041015625
0 0.05078125 0.5517578125 0.0263671875 0.037109375
0 0.4892578125 0.50244140625 0.0244140625 0.0390625
0 0.62109375 0.00439453125 0.0234375 0.0087890625
0 0.6142578125 0.35888671875 0.0234375 0.03515625
0 0.77001953125 0.216796875 0.0302734375 0.0498046875
0 0.2353515625 0.2421875 0.0224609375 0.0361328125
0 0.1083984375 0.24951171875 0.0234375 0.0283203125
0 0.22900390625 0.13818359375 0.025390625 0.0341796875
0 0.56982421875 0.40869140625 0.0224609375 0.025390625
0 0.6435546875 0.52490234375 0.0185546875 0.0234375
0 0.0947265625 0.41162109375 0.0263671875 0.037109375
0 0.59619140625 0.1826171875 0.029296875 0.0390625
0 0.64794921875 0.263671875 0.0302734375 0.03515625
0 0.3505859375 0.52734375 0.01953125 0.0380859375
0 0.3447265625 0.6416015625 0.021484375 0.0400390625
0 0.5517578125 0.783203125 0.02734375 0.0380859375
0 0.69140625 0.1875 0.0263671875 0.0322265625
0 0.6357421875 0.4619140625 0.0263671875 0.0244140625
0 0.96240234375 0.64501953125 0.03515625 0.0341796875
0 0.09521484375 0.1875 0.025390625 0.0341796875
0 0.4619140625 0.7587890625 0.0263671875 0.02734375
0 0.142578125 0.69580078125 0.025390625 0.029296875
0 0.53125 0.19287109375 0.0224609375 0.0244140625
0 0.75048828125 0.1904296875 0.0234375 0.021484375
0 0.02197265625 0.60400390625 0.0263671875 0.029296875
0 0.537109375 0.5068359375 0.025390625 0.0400390625
0 0.52197265625 0.2626953125 0.0263671875 0.03125
0 0.11083984375 0.61181640625 0.0224609375 0.03125
0 0.10302734375 0.462890625 0.02734375 0.02734375
0 0.7939453125 0.25634765625 0.0322265625 0.0380859375
0 0.4150390625 0.14208984375 0.0234375 0.02734375
0 0.5537109375 0.4697265625 0.0244140625 0.0302734375
0 0.2353515625 0.09228515625 0.0234375 0.03125
0 0.716796875 0.2080078125 0.02734375 0.0439453125
0 0.107421875 0.83935546875 0.0234375 0.02734375
0 0.73681640625 0.12353515625 0.029296875 0.02734375
0 0.00927734375 0.09423828125 0.0185546875 0.0224609375
0 0.29736328125 0.23046875 0.0283203125 0.0361328125
0 0.56298828125 0.541015625 0.0224609375 0.0224609375
0 0.38671875 0.71142578125 0.0244140625 0.029296875
0 0.50341796875 0.23876953125 0.0244140625 0.0361328125
0 0.2470703125 0.33056640625 0.0263671875 0.03125
0 0.5126953125 0.35986328125 0.0234375 0.0302734375
0 0.52685546875 0.79736328125 0.02734375 0.03125
0 0.1220703125 0.76318359375 0.0244140625 0.04296875
0 0.828125 0.54345703125 0.025390625 0.03125
0 0.515625 0.7548828125 0.0283203125 0.0341796875
0 0.18798828125 0.06201171875 0.0234375 0.029296875
0 0.59375 0.4697265625 0.017578125 0.0234375
0 0.5673828125 0.36572265625 0.0205078125 0.02734375
0 0.09228515625 0.84130859375 0.0244140625 0.02734375
0 0.57373046875 0.6826171875 0.0283203125 0.0322265625
0 0.216796875 0.75390625 0.021484375 0.0556640625
0 0.5283203125 0.55810546875 0.0234375 0.0302734375
0 0.40478515625 0.79638671875 0.0234375 0.033203125
0 0.580078125 0.5146484375 0.021484375 0.0234375
0 0.484375 0.0029296875 0.015625 0.005859375
0 0.38916015625 0.80908203125 0.021484375 0.03515625
0 0.35302734375 0.62548828125 0.0263671875 0.0302734375