0 0.7587890625 0.82275390625 0.1396484375 0.259765625
0 0.6357421875 0.689453125 0.1689453125 0.2275390625
0 0.35400390625 0.96826171875 0.1494140625 0.0634765625
0 0.15478515625 0.15234375 0.1083984375 0.166015625
0 0.498046875 0.134765625 0.138671875 0.26953125
0 0.42041015625 0.08544921875 0.1015625 0.1650390625
0 0.16650390625 0.79736328125 0.1357421875 0.201171875
0 0.08203125 0.642578125 0.1318359375 0.1875
0 0.462890625 0.76318359375 0.1650390625 0.1328125
0 0.130859375 0.88818359375 0.1396484375 0.208984375
0 0.87451171875 0.4208984375 0.1337890625 0.234375
0 0.61474609375 0.89453125 0.140625 0.1943359375
0 0.357421875 0.13623046875 0.109375 0.2294921875
0 0.22900390625 0.76806640625 0.154296875 0.1943359375
0 0.13232421875 0.47607421875 0.1669921875 0.24609375
0 0.72021484375 0.06689453125 0.1943359375 0.1337890625
0 0.48486328125 0.94482421875 0.1103515625 0.1103515625
0 0.14111328125 0.6298828125 0.1513671875 0.1865234375
0 0.24462890625 0.37890625 0.1513671875 0.255859375
0 0.6005859375 0.0185546875 0.142578125 0.037109375