0 0.77392578125 0.4140625 0.09375 0.1455078125
0 0.34228515625 0.4033203125 0.1064453125 0.1279296875
0 0.43603515625 0.072265625 0.08203125 0.1044921875
0 0.22265625 0.34619140625 0.0869140625 0.12890625
0 0.3408203125 0.07470703125 0.0712890625 0.111328125
0 0.22216796875 0.87646484375 0.1396484375 0.1728515625
0 0.6474609375 0.1650390625 0.115234375 0.1220703125
0 0.41015625 0.03125 0.064453125 0.0625
0 0.2001953125 0.54833984375 0.1025390625 0.1953125
0 0.9677734375 0.1044921875 0.060546875 0.0927734375
0 0.9619140625 0.3828125 0.076171875 0.189453125
0 0.86669921875 0.07763671875 0.0556640625 0.06640625