0 0.421875 0.5107421875 0.02099609375 0.0234375
0 0.30859375 0.59716796875 0.0185546875 0.025390625
0 0.3798828125 0.583984375 0.0205078125 0.02197265625
0 0.34130859375 0.58251953125 0.01806640625 0.0205078125
0 0.4873046875 0.583984375 0.02001953125 0.0234375
0 0.384765625 0.552734375 0.0185546875 0.0185546875
0 0.24951171875 0.53955078125 0.01708984375 0.0205078125
0 0.4189453125 0.52880859375 0.0146484375 0.02197265625
0 0.240234375 0.43798828125 0.0146484375 0.01953125
0 0.2724609375 0.4638671875 0.015625 0.01904296875
0 0.17236328125 0.53369140625 0.01611328125 0.02099609375
0 0.07373046875 0.43310546875 0.01416015625 0.02001953125
0 0.400390625 0.50634765625 0.01318359375 0.0263671875
0 0.2587890625 0.46875 0.01123046875 0.02490234375
0 0.62109375 0.60302734375 0.0185546875 0.02734375
0 0.31640625 0.4326171875 0.015625 0.02099609375
0 0.24072265625 0.41064453125 0.01318359375 0.0205078125
0 0.2958984375 0.5517578125 0.013671875 0.0263671875
0 0.03955078125 0.541015625 0.01123046875 0.025390625
0 0.0673828125 0.3671875 0.01416015625 0.02099609375
0 0.12890625 0.3916015625 0.013671875 0.01611328125
0 0.37890625 0.513671875 0.01806640625 0.01953125
0 0.328125 0.439453125 0.01708984375 0.0244140625
0 0.3388671875 0.4599609375 0.01708984375 0.02001953125
0 0.1474609375 0.39208984375 0.013671875 0.015625
0 0.11572265625 0.38525390625 0.015625 0.01953125
0 0.09326171875 0.37158203125 0.01220703125 0.01953125
0 0.02099609375 0.3515625 0.01513671875 0.021484375