0 0.2900390625 0.298828125 0.015625 0.015625
0 0.63232421875 0.24072265625 0.0126953125 0.0146484375
0 0.64306640625 0.2412109375 0.015625 0.017578125
0 0.74560546875 0.3115234375 0.0126953125 0.017578125
0 0.73828125 0.3212890625 0.013671875 0.015625
0 0.51708984375 0.2412109375 0.013671875 0.0126953125
0 0.6845703125 0.27099609375 0.013671875 0.013671875
0 0.21826171875 0.29150390625 0.0107421875 0.015625
0 0.53369140625 0.25390625 0.015625 0.0185546875
0 0.54443359375 0.30615234375 0.017578125 0.017578125
0 0.6962890625 0.26513671875 0.0146484375 0.01171875
0 0.845703125 0.37060546875 0.0205078125 0.017578125
0 0.49658203125 0.3134765625 0.013671875 0.0146484375
0 0.408203125 0.23046875 0.0126953125 0.015625
0 0.35107421875 0.32666015625 0.0166015625 0.01953125
0 0.5380859375 0.23291015625 0.013671875 0.017578125
0 0.64794921875 0.25634765625 0.01171875 0.013671875
0 0.68115234375 0.24267578125 0.01171875 0.0166015625
0 0.3369140625 0.224609375 0.009765625 0.013671875
0 0.7763671875 0.34228515625 0.0166015625 0.0185546875
0 0.279296875 0.27197265625 0.009765625 0.0146484375
0 0.22119140625 0.30859375 0.0087890625 0.0126953125
0 0.80322265625 0.3388671875 0.0166015625 0.013671875
0 0.14990234375 0.36279296875 0.009765625 0.015625
0 0.44677734375 0.24462890625 0.009765625 0.0126953125
0 0.671875 0.2412109375 0.0107421875 0.0146484375
0 0.17041015625 0.3359375 0.009765625 0.0166015625
0 0.43994140625 0.3408203125 0.009765625 0.017578125
0 0.3720703125 0.2216796875 0.009765625 0.013671875
0 0.11865234375 0.39892578125 0.0107421875 0.0185546875
0 0.18505859375 0.45166015625 0.0078125 0.0205078125
0 0.15380859375 0.33203125 0.0078125 0.0166015625
0 0.41845703125 0.23046875 0.0126953125 0.0126953125
0 0.3388671875 0.35400390625 0.0126953125 0.0146484375
0 0.32958984375 0.22216796875 0.009765625 0.0146484375
0 0.24365234375 0.34619140625 0.0107421875 0.015625
0 0.33203125 0.34912109375 0.009765625 0.0146484375
0 0.228515625 0.36865234375 0.0087890625 0.0166015625
0 0.13720703125 0.56103515625 0.0087890625 0.0146484375
0 0.20703125 0.380859375 0.0087890625 0.015625
0 0.1484375 0.859375 0.0146484375 0.0224609375
0 0.18994140625 0.35009765625 0.0078125 0.015625
0 0.587890625 0.29736328125 0.01171875 0.013671875
0 0.00830078125 0.7880859375 0.0146484375 0.0224609375
0 0.18603515625 0.36572265625 0.0068359375 0.0146484375
0 0.16455078125 0.33349609375 0.0078125 0.015625
0 0.20849609375 0.40380859375 0.0078125 0.0166015625
0 0.11083984375 0.68212890625 0.009765625 0.021484375
0 0.08056640625 0.71435546875 0.0107421875 0.025390625
0 0.173828125 0.48388671875 0.0087890625 0.015625
0 0.04931640625 0.91845703125 0.0146484375 0.0205078125
0 0.7001953125 0.26220703125 0.0107421875 0.0107421875
0 0.2822265625 0.29248046875 0.0107421875 0.0146484375
0 0.232421875 0.359375 0.0087890625 0.015625