0 0.056640625 0.1982421875 0.05078125 0.0791015625
0 0.513671875 0.2578125 0.09765625 0.1103515625
0 0.11279296875 0.623046875 0.099609375 0.11328125
0 0.16552734375 0.232421875 0.0732421875 0.0654296875
0 0.232421875 0.1640625 0.0771484375 0.0830078125
0 0.0419921875 0.56494140625 0.083984375 0.1318359375
0 0.1826171875 0.08203125 0.0546875 0.0576171875
0 0.02099609375 0.14599609375 0.0419921875 0.0810546875
0 0.29638671875 0.11962890625 0.041015625 0.0859375
0 0.974609375 0.43798828125 0.05078125 0.1123046875
0 0.01220703125 0.10205078125 0.0244140625 0.0361328125
0 0.26611328125 0.09130859375 0.052734375 0.0595703125
0 0.19775390625 0.064453125 0.0478515625 0.0361328125
0 0.97509765625 0.85302734375 0.0498046875 0.1298828125
0 0.16845703125 0.0712890625 0.02734375 0.029296875