0 0.72314453125 0.4169921875 0.015625 0.0244140625
0 0.927734375 0.38623046875 0.01513671875 0.02587890625
0 0.958984375 0.49853515625 0.0146484375 0.02099609375
0 0.861328125 0.220703125 0.01611328125 0.01904296875
0 0.58447265625 0.30029296875 0.01513671875 0.02197265625
0 0.93359375 0.28076171875 0.0166015625 0.01806640625
0 0.900390625 0.44384765625 0.01806640625 0.02294921875
0 0.88330078125 0.486328125 0.0166015625 0.021484375
0 0.9873046875 0.412109375 0.013671875 0.02880859375
0 0.56298828125 0.30126953125 0.021484375 0.0185546875
0 0.75 0.3818359375 0.013671875 0.0283203125
0 0.1865234375 0.41943359375 0.01513671875 0.01904296875
0 0.8603515625 0.458984375 0.015625 0.02734375
0 0.1162109375 0.2021484375 0.017578125 0.02001953125
0 0.01416015625 0.3271484375 0.0205078125 0.0185546875
0 0.634765625 0.375 0.0166015625 0.02490234375
0 0.89013671875 0.21533203125 0.01416015625 0.0205078125
0 0.64990234375 0.3916015625 0.01513671875 0.0244140625
0 0.99658203125 0.3525390625 0.0068359375 0.03076171875
0 0.3330078125 0.126953125 0.01171875 0.0185546875
0 0.71142578125 0.365234375 0.02001953125 0.017578125