0 0.28369140625 0.4853515625 0.029296875 0.0263671875
0 0.47607421875 0.55419921875 0.017578125 0.033203125
0 0.84423828125 0.40283203125 0.0146484375 0.0341796875
0 0.20703125 0.658203125 0.021484375 0.0361328125
0 0.318359375 0.85693359375 0.0205078125 0.0400390625
0 0.46044921875 0.67578125 0.0146484375 0.0322265625
0 0.04833984375 0.96484375 0.01953125 0.0361328125
0 0.416015625 0.8798828125 0.015625 0.0380859375
0 0.5029296875 0.58447265625 0.0166015625 0.0322265625
0 0.28173828125 0.80029296875 0.015625 0.0419921875
0 0.34130859375 0.88134765625 0.025390625 0.0390625
0 0.5869140625 0.5576171875 0.0146484375 0.0302734375
0 0.10986328125 0.73291015625 0.01953125 0.0361328125
0 0.53564453125 0.8251953125 0.0185546875 0.0390625
0 0.513671875 0.95556640625 0.017578125 0.0390625
0 0.06689453125 0.7607421875 0.0166015625 0.0400390625
0 0.59375 0.91552734375 0.0263671875 0.0322265625
0 0.591796875 0.7529296875 0.0146484375 0.041015625
0 0.54296875 0.86962890625 0.01953125 0.04296875
0 0.7509765625 0.6181640625 0.0263671875 0.0419921875
0 0.67919921875 0.5498046875 0.015625 0.0302734375
0 0.99169921875 0.6044921875 0.0166015625 0.03515625
0 0.67138671875 0.61669921875 0.0166015625 0.033203125
0 0.78955078125 0.8349609375 0.0146484375 0.02734375
0 0.982421875 0.51904296875 0.013671875 0.03515625
0 0.919921875 0.54736328125 0.0107421875 0.0244140625
0 0.55810546875 0.62890625 0.0126953125 0.0400390625
0 0.6943359375 0.7021484375 0.0205078125 0.03125
0 0.92822265625 0.59130859375 0.015625 0.0322265625
0 0.8583984375 0.9130859375 0.0244140625 0.0244140625
0 0.822265625 0.67578125 0.0126953125 0.03515625
0 0.94287109375 0.8037109375 0.01953125 0.03515625
0 0.93212890625 0.8466796875 0.017578125 0.041015625
0 0.9560546875 0.55810546875 0.01171875 0.03515625
0 0.72705078125 0.7099609375 0.0126953125 0.03515625
0 0.5322265625 0.5703125 0.0126953125 0.0322265625
0 0.916015625 0.80810546875 0.0166015625 0.0361328125
0 0.68603515625 0.83984375 0.013671875 0.0380859375
0 0.8779296875 0.80712890625 0.0146484375 0.0361328125
0 0.9091796875 0.951171875 0.017578125 0.0390625
0 0.9892578125 0.83349609375 0.0166015625 0.0478515625
0 0.8125 0.91650390625 0.0166015625 0.037109375
0 0.814453125 0.7021484375 0.0244140625 0.0390625
0 0.8056640625 0.58740234375 0.0234375 0.021484375
0 0.6787109375 0.9697265625 0.0126953125 0.041015625
0 0.7099609375 0.658203125 0.0146484375 0.03515625
0 0.48095703125 0.70751953125 0.013671875 0.0380859375
0 0.82275390625 0.583984375 0.015625 0.03515625
0 0.87255859375 0.91943359375 0.017578125 0.0380859375
0 0.681640625 0.6689453125 0.015625 0.033203125
0 0.990234375 0.95751953125 0.01953125 0.0517578125
0 0.67822265625 0.80908203125 0.0107421875 0.0390625
0 0.7783203125 0.73388671875 0.009765625 0.03515625
0 0.859375 0.712890625 0.009765625 0.037109375
0 0.74267578125 0.84765625 0.009765625 0.0419921875
0 0.83935546875 0.5888671875 0.0107421875 0.0361328125
0 0.53173828125 0.9052734375 0.013671875 0.0400390625
0 0.81494140625 0.55712890625 0.0126953125 0.029296875
0 0.99462890625 0.57568359375 0.0107421875 0.0380859375
0 0.7490234375 0.97900390625 0.021484375 0.0263671875
0 0.7099609375 0.76806640625 0.0126953125 0.03515625
0 0.71435546875 0.61279296875 0.009765625 0.0341796875
0 0.77587890625 0.68017578125 0.009765625 0.03515625
0 0.52001953125 0.78515625 0.01171875 0.0361328125
0 0.74560546875 0.71923828125 0.009765625 0.0400390625
0 0.20361328125 0.88330078125 0.01953125 0.0380859375
0 0.6083984375 0.8896484375 0.0126953125 0.04296875
0 0.8837890625 0.76025390625 0.0087890625 0.037109375
0 0.861328125 0.67138671875 0.009765625 0.0380859375
0 0.5986328125 0.48291015625 0.0224609375 0.0283203125
0 0.7607421875 0.6201171875 0.0087890625 0.0361328125
0 0.828125 0.9765625 0.0166015625 0.025390625
0 0.77783203125 0.97998046875 0.0166015625 0.021484375
0 0.095703125 0.61767578125 0.0166015625 0.0361328125
0 0.83837890625 0.712890625 0.0087890625 0.0400390625
0 0.7236328125 0.79296875 0.013671875 0.04296875
0 0.70458984375 0.7412109375 0.013671875 0.0302734375
0 0.60498046875 0.46484375 0.013671875 0.025390625