0 0.87158203125 0.61767578125 0.0322265625 0.0693359375
0 0.79150390625 0.68310546875 0.0205078125 0.0849609375
0 0.7890625 0.7919921875 0.029296875 0.09228515625
0 0.61279296875 0.7021484375 0.0234375 0.09375
0 0.73876953125 0.8974609375 0.01806640625 0.09228515625
0 0.650390625 0.888671875 0.02099609375 0.07666015625
0 0.8310546875 0.603515625 0.0205078125 0.08935546875
0 0.90673828125 0.57080078125 0.01904296875 0.08984375
0 0.966796875 0.6025390625 0.0185546875 0.0830078125
0 0.89453125 0.662109375 0.02001953125 0.09814453125
0 0.68359375 0.94287109375 0.02197265625 0.09326171875
0 0.990234375 0.63427734375 0.01953125 0.0771484375