0 0.08056640625 0.1904296875 0.02685546875 0.025390625
0 0.11572265625 0.23193359375 0.03173828125 0.0244140625
0 0.91552734375 0.447265625 0.017578125 0.0439453125
0 0.873046875 0.2314453125 0.0302734375 0.02685546875
0 0.74365234375 0.27587890625 0.03173828125 0.0263671875
0 0.720703125 0.35693359375 0.033203125 0.02099609375
0 0.7734375 0.4287109375 0.04052734375 0.03466796875
0 0.814453125 0.5947265625 0.0380859375 0.0361328125
0 0.84326171875 0.68701171875 0.021484375 0.0537109375
0 0.68115234375 0.3173828125 0.03466796875 0.02392578125
0 0.64453125 0.30029296875 0.03564453125 0.037109375
0 0.447265625 0.33349609375 0.03173828125 0.0283203125
0 0.46484375 0.3583984375 0.02880859375 0.0263671875
0 0.43701171875 0.2373046875 0.037109375 0.0341796875
0 0.4775390625 0.28515625 0.0341796875 0.02783203125
0 0.7099609375 0.59326171875 0.0361328125 0.03515625
0 0.7431640625 0.58984375 0.0341796875 0.02587890625
0 0.74609375 0.56689453125 0.0380859375 0.025390625
0 0.78662109375 0.609375 0.03955078125 0.02685546875
0 0.75244140625 0.63232421875 0.03564453125 0.03515625
0 0.767578125 0.61865234375 0.041015625 0.03173828125
0 0.82763671875 0.63671875 0.03271484375 0.033203125
0 0.8232421875 0.6708984375 0.02978515625 0.04541015625
0 0.78125 0.70263671875 0.03662109375 0.033203125
0 0.7509765625 0.73974609375 0.04443359375 0.0322265625
0 0.7529296875 0.70458984375 0.03515625 0.02685546875
0 0.7744140625 0.7294921875 0.03515625 0.03857421875
0 0.79052734375 0.6611328125 0.02978515625 0.04638671875
0 0.80419921875 0.64404296875 0.02392578125 0.02685546875
0 0.765625 0.666015625 0.0341796875 0.03076171875
0 0.7431640625 0.68310546875 0.03662109375 0.03466796875
0 0.69873046875 0.71435546875 0.03955078125 0.0390625
0 0.72705078125 0.7646484375 0.021484375 0.060546875
0 0.72607421875 0.65673828125 0.0361328125 0.0283203125
0 0.6982421875 0.66796875 0.03369140625 0.0361328125
0 0.65478515625 0.6689453125 0.0341796875 0.03515625
0 0.6572265625 0.64208984375 0.03173828125 0.03076171875
0 0.68115234375 0.64111328125 0.02880859375 0.0244140625
0 0.677734375 0.6142578125 0.0322265625 0.0361328125
0 0.70654296875 0.82275390625 0.03076171875 0.0439453125
0 0.6865234375 0.79443359375 0.033203125 0.0244140625
0 0.79638671875 0.56005859375 0.03759765625 0.02685546875
0 0.78466796875 0.53857421875 0.0302734375 0.0224609375
0 0.78759765625 0.5224609375 0.02880859375 0.02587890625
0 0.65673828125 0.83203125 0.03662109375 0.025390625
0 0.58984375 0.83447265625 0.03564453125 0.0244140625
0 0.541015625 0.84423828125 0.03955078125 0.02685546875
0 0.48779296875 0.796875 0.03173828125 0.0322265625
0 0.5146484375 0.79638671875 0.02783203125 0.03515625
0 0.5400390625 0.78564453125 0.0322265625 0.025390625
0 0.57421875 0.75634765625 0.03759765625 0.0322265625
0 0.6025390625 0.74658203125 0.0263671875 0.03662109375
0 0.62744140625 0.7509765625 0.03271484375 0.02001953125
0 0.62353515625 0.73388671875 0.03271484375 0.017578125
0 0.62451171875 0.712890625 0.03759765625 0.02685546875
0 0.6611328125 0.68994140625 0.03369140625 0.02587890625
0 0.7236328125 0.537109375 0.03759765625 0.03173828125
0 0.71875 0.5078125 0.0361328125 0.03466796875
0 0.7841796875 0.49658203125 0.03759765625 0.021484375
0 0.75537109375 0.47265625 0.03564453125 0.041015625
0 0.767578125 0.45458984375 0.03564453125 0.04541015625
0 0.7060546875 0.38037109375 0.03955078125 0.037109375
0 0.7119140625 0.43359375 0.03466796875 0.04150390625
0 0.6005859375 0.62939453125 0.0361328125 0.0283203125
0 0.6162109375 0.6083984375 0.0380859375 0.02294921875
0 0.6455078125 0.58935546875 0.0390625 0.02734375
0 0.6171875 0.57470703125 0.03662109375 0.02392578125
0 0.62890625 0.56005859375 0.02783203125 0.02099609375
0 0.65869140625 0.5537109375 0.037109375 0.03173828125
0 0.67578125 0.52001953125 0.0361328125 0.0380859375
0 0.703125 0.47119140625 0.0322265625 0.025390625
0 0.69189453125 0.44775390625 0.0361328125 0.02978515625
0 0.45263671875 0.8388671875 0.0322265625 0.03076171875
0 0.40771484375 0.84716796875 0.037109375 0.02197265625
0 0.4296875 0.8056640625 0.0361328125 0.025390625
0 0.39453125 0.80615234375 0.03271484375 0.02294921875
0 0.30859375 0.83935546875 0.0400390625 0.02490234375
0 0.251953125 0.83984375 0.0341796875 0.02197265625
0 0.22119140625 0.82470703125 0.02880859375 0.0283203125
0 0.310546875 0.77685546875 0.0400390625 0.0263671875
0 0.33935546875 0.76171875 0.03466796875 0.02490234375
0 0.3515625 0.73876953125 0.04150390625 0.02197265625
0 0.388671875 0.7451171875 0.03125 0.02294921875
0 0.4013671875 0.77490234375 0.0341796875 0.0283203125
0 0.43505859375 0.76904296875 0.03173828125 0.03369140625
0 0.45751953125 0.76611328125 0.03076171875 0.0283203125
0 0.4755859375 0.75390625 0.03173828125 0.02490234375
0 0.51806640625 0.7490234375 0.03564453125 0.029296875
0 0.5673828125 0.69140625 0.0380859375 0.01953125
0 0.5458984375 0.671875 0.02734375 0.02294921875
0 0.51123046875 0.66357421875 0.02880859375 0.0341796875
0 0.53173828125 0.6533203125 0.0283203125 0.02294921875
0 0.5712890625 0.6552734375 0.03662109375 0.02978515625
0 0.564453125 0.6142578125 0.021484375 0.04296875
0 0.5830078125 0.59912109375 0.03564453125 0.02734375
0 0.23681640625 0.7978515625 0.0283203125 0.0283203125
0 0.22119140625 0.7822265625 0.0322265625 0.0283203125
0 0.19482421875 0.79541015625 0.03759765625 0.0283203125
0 0.04931640625 0.80224609375 0.03564453125 0.025390625
0 0.2001953125 0.7490234375 0.03564453125 0.02392578125
0 0.2529296875 0.74755859375 0.0361328125 0.025390625
0 0.30029296875 0.744140625 0.02880859375 0.02099609375
0 0.36376953125 0.69091796875 0.03369140625 0.02392578125
0 0.3984375 0.72802734375 0.0322265625 0.02734375
0 0.42333984375 0.7158203125 0.03076171875 0.02099609375
0 0.4580078125 0.7236328125 0.02783203125 0.029296875
0 0.46630859375 0.6923828125 0.03271484375 0.01953125
0 0.48193359375 0.666015625 0.02978515625 0.0263671875
0 0.53515625 0.6298828125 0.04052734375 0.02392578125
0 0.0126953125 0.6591796875 0.025390625 0.025390625
0 0.02685546875 0.6923828125 0.03564453125 0.02099609375
0 0.07568359375 0.703125 0.033203125 0.02392578125
0 0.12353515625 0.69580078125 0.03173828125 0.0263671875
0 0.15087890625 0.7216796875 0.03662109375 0.02197265625
0 0.1953125 0.69091796875 0.0322265625 0.0341796875
0 0.228515625 0.70654296875 0.03076171875 0.02294921875
0 0.27783203125 0.68798828125 0.03662109375 0.03369140625
0 0.31689453125 0.67333984375 0.03271484375 0.02392578125
0 0.22119140625 0.68505859375 0.02685546875 0.02294921875
0 0.1435546875 0.6396484375 0.03369140625 0.0361328125
0 0.11474609375 0.65283203125 0.0341796875 0.02392578125
0 0.04150390625 0.6396484375 0.03369140625 0.02392578125
0 0.07421875 0.58837890625 0.037109375 0.02978515625
0 0.0595703125 0.5419921875 0.03564453125 0.029296875
0 0.0322265625 0.4521484375 0.03662109375 0.0263671875
0 0.0771484375 0.4052734375 0.0341796875 0.02197265625
0 0.05712890625 0.357421875 0.0302734375 0.025390625
0 0.1279296875 0.35009765625 0.03466796875 0.02294921875
0 0.1748046875 0.34521484375 0.0322265625 0.03076171875
0 0.22607421875 0.37890625 0.02587890625 0.02392578125
0 0.17919921875 0.39990234375 0.03271484375 0.02734375
0 0.15869140625 0.42041015625 0.03369140625 0.02490234375
0 0.109375 0.43701171875 0.03125 0.02197265625
0 0.12158203125 0.4833984375 0.03466796875 0.02294921875
0 0.169921875 0.494140625 0.03271484375 0.0205078125
0 0.22607421875 0.47509765625 0.0380859375 0.0263671875
0 0.2431640625 0.44775390625 0.03466796875 0.02197265625
0 0.2802734375 0.41455078125 0.04150390625 0.0283203125
0 0.31103515625 0.38916015625 0.0361328125 0.02392578125
0 0.35302734375 0.3984375 0.03662109375 0.02099609375
0 0.404296875 0.36279296875 0.03466796875 0.03271484375
0 0.2099609375 0.0888671875 0.02734375 0.02197265625
0 0.228515625 0.1748046875 0.033203125 0.02392578125
0 0.23876953125 0.23486328125 0.0322265625 0.03076171875
0 0.22216796875 0.28125 0.03662109375 0.02294921875
0 0.19482421875 0.24560546875 0.03515625 0.02392578125
0 0.32568359375 0.21240234375 0.0341796875 0.0263671875
0 0.388671875 0.205078125 0.033203125 0.0380859375
0 0.373046875 0.26416015625 0.03466796875 0.02734375
0 0.41357421875 0.26806640625 0.03564453125 0.02978515625
0 0.30908203125 0.27978515625 0.02734375 0.0263671875
0 0.2841796875 0.29248046875 0.02783203125 0.02392578125
0 0.26953125 0.31982421875 0.03857421875 0.025390625
0 0.23779296875 0.3486328125 0.0283203125 0.025390625
0 0.22412109375 0.35498046875 0.0302734375 0.029296875
0 0.138671875 0.56396484375 0.03076171875 0.02392578125
0 0.15576171875 0.58984375 0.02685546875 0.0263671875
0 0.1337890625 0.5927734375 0.0302734375 0.03173828125
0 0.19091796875 0.5751953125 0.02978515625 0.02099609375
0 0.16943359375 0.5478515625 0.03076171875 0.02978515625
0 0.23876953125 0.5244140625 0.03515625 0.02392578125
0 0.24169921875 0.5068359375 0.03173828125 0.025390625
0 0.2978515625 0.50244140625 0.02978515625 0.0283203125
0 0.27587890625 0.48583984375 0.0322265625 0.02294921875
0 0.20361328125 0.62060546875 0.029296875 0.029296875
0 0.22705078125 0.64697265625 0.029296875 0.0185546875
0 0.2333984375 0.66455078125 0.03076171875 0.0205078125
0 0.248046875 0.62890625 0.03271484375 0.0263671875
0 0.23291015625 0.58056640625 0.033203125 0.02734375
0 0.27978515625 0.58984375 0.0361328125 0.0263671875
0 0.30615234375 0.560546875 0.03515625 0.02392578125
0 0.35205078125 0.54296875 0.02783203125 0.0283203125
0 0.3759765625 0.5380859375 0.03076171875 0.03515625
0 0.42138671875 0.53076171875 0.02685546875 0.02099609375
0 0.4091796875 0.51025390625 0.0283203125 0.02197265625
0 0.40234375 0.486328125 0.033203125 0.02734375
0 0.42626953125 0.48095703125 0.0341796875 0.02734375
0 0.45849609375 0.46484375 0.02685546875 0.02294921875
0 0.48681640625 0.45849609375 0.03076171875 0.03369140625
0 0.501953125 0.5029296875 0.02392578125 0.025390625
0 0.50048828125 0.48291015625 0.03076171875 0.02392578125
0 0.5302734375 0.47802734375 0.03759765625 0.02978515625
0 0.5576171875 0.43896484375 0.0341796875 0.02294921875
0 0.54150390625 0.39501953125 0.03369140625 0.03173828125
0 0.51708984375 0.376953125 0.02392578125 0.046875
0 0.486328125 0.39990234375 0.029296875 0.03271484375
0 0.4609375 0.39501953125 0.0283203125 0.0283203125
0 0.47412109375 0.42236328125 0.03076171875 0.02490234375
0 0.421875 0.43359375 0.0302734375 0.02734375
0 0.3818359375 0.42041015625 0.03466796875 0.02490234375
0 0.3583984375 0.4716796875 0.03369140625 0.0263671875
0 0.3271484375 0.47705078125 0.02978515625 0.0283203125
0 0.33642578125 0.44140625 0.02880859375 0.02392578125
0 0.326171875 0.42041015625 0.03125 0.02294921875
0 0.2841796875 0.62939453125 0.025390625 0.02490234375
0 0.302734375 0.61865234375 0.02490234375 0.02197265625
0 0.31103515625 0.63671875 0.033203125 0.02490234375
0 0.3232421875 0.60107421875 0.0263671875 0.02734375
0 0.32275390625 0.5908203125 0.02978515625 0.02294921875
0 0.34716796875 0.61767578125 0.0322265625 0.0341796875
0 0.3681640625 0.615234375 0.0380859375 0.03955078125
0 0.36572265625 0.583984375 0.029296875 0.0283203125
0 0.400390625 0.59912109375 0.03564453125 0.0341796875
0 0.42626953125 0.58203125 0.025390625 0.03515625
0 0.466796875 0.548828125 0.03076171875 0.02392578125
0 0.5048828125 0.544921875 0.029296875 0.01953125
0 0.54052734375 0.54296875 0.03271484375 0.025390625
0 0.56591796875 0.55908203125 0.03125 0.02099609375
0 0.5068359375 0.57275390625 0.03759765625 0.025390625
0 0.49658203125 0.61083984375 0.03466796875 0.02392578125
0 0.45751953125 0.63037109375 0.0400390625 0.0283203125
0 0.4404296875 0.65625 0.03564453125 0.03173828125
0 0.404296875 0.693359375 0.03271484375 0.029296875
0 0.58349609375 0.501953125 0.0380859375 0.03369140625
0 0.6025390625 0.48974609375 0.03955078125 0.0380859375
0 0.60205078125 0.46044921875 0.03662109375 0.04248046875
0 0.6416015625 0.47705078125 0.0322265625 0.0283203125
0 0.6376953125 0.44921875 0.0322265625 0.0361328125
0 0.64697265625 0.43115234375 0.03173828125 0.04052734375
0 0.60791015625 0.3857421875 0.03125 0.029296875
0 0.626953125 0.37255859375 0.03173828125 0.0380859375
0 0.7275390625 0.29638671875 0.03173828125 0.02294921875
0 0.470703125 0.02294921875 0.03515625 0.0458984375
0 0.52001953125 0.09912109375 0.03369140625 0.04150390625
0 0.5302734375 0.15234375 0.0322265625 0.04296875
0 0.53857421875 0.2109375 0.02490234375 0.0439453125
0 0.5380859375 0.26953125 0.03173828125 0.0361328125
0 0.59228515625 0.21875 0.03662109375 0.02294921875
0 0.6298828125 0.25 0.0283203125 0.0361328125
0 0.59814453125 0.2822265625 0.03125 0.03857421875
0 0.59228515625 0.34326171875 0.03515625 0.02099609375
0 0.54931640625 0.32177734375 0.03076171875 0.03369140625
0 0.01025390625 0.310546875 0.0205078125 0.021484375
0 0.10009765625 0.619140625 0.03076171875 0.02490234375
0 0.34716796875 0.3095703125 0.0302734375 0.0263671875
0 0.36865234375 0.34765625 0.033203125 0.02490234375
0 0.271484375 0.5458984375 0.03076171875 0.02490234375