0 0.921875 0.36279296875 0.00830078125 0.017578125
0 0.98046875 0.42578125 0.0087890625 0.017578125
0 0.984375 0.3583984375 0.0126953125 0.0166015625
0 0.751953125 0.81103515625 0.01611328125 0.01708984375
0 0.99365234375 0.42626953125 0.01171875 0.01953125
0 0.7822265625 0.81640625 0.01806640625 0.01904296875
0 0.84814453125 0.82666015625 0.015625 0.0234375
0 0.83203125 0.7041015625 0.0166015625 0.0166015625
0 0.88916015625 0.6650390625 0.01171875 0.02197265625
0 0.98681640625 0.634765625 0.01416015625 0.01611328125
0 0.89453125 0.94775390625 0.01806640625 0.01806640625
0 0.923828125 0.96435546875 0.01806640625 0.02294921875
0 0.81689453125 0.7490234375 0.01416015625 0.01708984375
0 0.9794921875 0.5576171875 0.0146484375 0.01318359375
0 0.89453125 0.931640625 0.0185546875 0.01806640625
0 0.94580078125 0.9306640625 0.01513671875 0.021484375
0 0.92529296875 0.89501953125 0.017578125 0.017578125
0 0.98681640625 0.509765625 0.01611328125 0.015625
0 0.84130859375 0.7177734375 0.01904296875 0.01806640625
0 0.9443359375 0.58203125 0.01611328125 0.017578125
0 0.90771484375 0.603515625 0.01416015625 0.0205078125
0 0.97802734375 0.6826171875 0.013671875 0.01806640625
0 0.89306640625 0.8076171875 0.0126953125 0.021484375
0 0.765625 0.89599609375 0.02001953125 0.0224609375
0 0.96044921875 0.62548828125 0.01318359375 0.01904296875
0 0.91796875 0.845703125 0.01708984375 0.01611328125
0 0.90576171875 0.640625 0.015625 0.02001953125
0 0.98974609375 0.59765625 0.01806640625 0.017578125
0 0.93798828125 0.65087890625 0.0166015625 0.0166015625
0 0.9609375 0.609375 0.01513671875 0.0185546875
0 0.912109375 0.99560546875 0.0146484375 0.0078125
0 0.99072265625 0.70458984375 0.0185546875 0.0224609375
0 0.9375 0.826171875 0.01708984375 0.0185546875
0 0.916015625 0.73486328125 0.0166015625 0.01708984375
0 0.8701171875 0.74853515625 0.017578125 0.01806640625
0 0.97509765625 0.88330078125 0.017578125 0.02001953125
0 0.98046875 0.75390625 0.01904296875 0.01953125
0 0.8740234375 0.76806640625 0.0166015625 0.01806640625
0 0.96142578125 0.759765625 0.017578125 0.01953125
0 0.951171875 0.7978515625 0.017578125 0.02099609375
0 0.86962890625 0.7939453125 0.01708984375 0.0205078125
0 0.89501953125 0.7568359375 0.015625 0.01953125
0 0.92236328125 0.80078125 0.017578125 0.02001953125
0 0.966796875 0.79052734375 0.015625 0.02587890625
0 0.88525390625 0.7314453125 0.017578125 0.01904296875
0 0.8935546875 0.78564453125 0.015625 0.0185546875
0 0.93115234375 0.771484375 0.0166015625 0.02099609375
0 0.9287109375 0.62548828125 0.02197265625 0.01318359375
0 0.90966796875 0.7587890625 0.017578125 0.01904296875
0 0.9052734375 0.796875 0.01708984375 0.01953125
0 0.955078125 0.87060546875 0.01220703125 0.02197265625
0 0.890625 0.744140625 0.017578125 0.01806640625
0 0.94775390625 0.66796875 0.01416015625 0.0224609375
0 0.92529296875 0.7041015625 0.017578125 0.0224609375
0 0.9345703125 0.69140625 0.0166015625 0.01904296875
0 0.99658203125 0.841796875 0.0068359375 0.021484375
0 0.9638671875 0.8583984375 0.01806640625 0.0166015625
0 0.99609375 0.86181640625 0.0078125 0.0146484375
0 0.994140625 0.87939453125 0.01171875 0.0205078125
0 0.990234375 0.87109375 0.01416015625 0.015625
0 0.87060546875 0.80419921875 0.02001953125 0.0205078125
0 0.9345703125 0.61279296875 0.01611328125 0.017578125
0 0.92529296875 0.619140625 0.01953125 0.015625
0 0.9375 0.6826171875 0.0185546875 0.01904296875