0 0.94189453125 0.9365234375 0.052734375 0.05029296875
0 0.421875 0.85009765625 0.03955078125 0.041015625
0 0.763671875 0.8232421875 0.0400390625 0.0380859375
0 0.87939453125 0.82666015625 0.037109375 0.0458984375
0 0.61328125 0.72021484375 0.02880859375 0.02978515625
0 0.9267578125 0.86962890625 0.05419921875 0.04541015625
0 0.32080078125 0.7099609375 0.03125 0.02734375
0 0.02099609375 0.716796875 0.02685546875 0.02880859375
0 0.3486328125 0.8388671875 0.04296875 0.0400390625
0 0.146484375 0.9052734375 0.041015625 0.04150390625
0 0.01904296875 0.82958984375 0.03125 0.03662109375
0 0.6474609375 0.79736328125 0.033203125 0.0283203125
0 0.79443359375 0.7734375 0.04150390625 0.03955078125
0 0.138671875 0.64111328125 0.02392578125 0.0234375
0 0.02197265625 0.640625 0.02099609375 0.0234375
0 0.0234375 0.86865234375 0.03515625 0.04150390625
0 0.3837890625 0.82666015625 0.03369140625 0.0380859375
0 0.12353515625 0.7509765625 0.0283203125 0.029296875
0 0.37890625 0.751953125 0.02197265625 0.03125
0 0.21923828125 0.97900390625 0.04931640625 0.0419921875
0 0.3994140625 0.73486328125 0.025390625 0.03466796875
0 0.201171875 0.68994140625 0.02587890625 0.02783203125
0 0.02978515625 0.669921875 0.0224609375 0.02587890625
0 0.19970703125 0.666015625 0.02392578125 0.02294921875
0 0.3349609375 0.771484375 0.03369140625 0.03759765625
0 0.0576171875 0.7216796875 0.02392578125 0.0263671875
0 0.6005859375 0.927734375 0.03515625 0.04736328125
0 0.08203125 0.6845703125 0.01953125 0.0146484375
0 0.7822265625 0.953125 0.04296875 0.0439453125
0 0.70703125 0.748046875 0.01953125 0.033203125
0 0.046875 0.65380859375 0.0205078125 0.02392578125
0 0.11083984375 0.66796875 0.0244140625 0.025390625
0 0.82861328125 0.97900390625 0.06103515625 0.0419921875
0 0.546875 0.8037109375 0.03369140625 0.04052734375
0 0.16796875 0.70263671875 0.02392578125 0.0185546875
0 0.115234375 0.81494140625 0.02685546875 0.04052734375
0 0.10498046875 0.74267578125 0.02001953125 0.0322265625
0 0.2275390625 0.68310546875 0.01904296875 0.02783203125
0 0.86865234375 0.97412109375 0.04443359375 0.05078125
0 0.1162109375 0.68212890625 0.0205078125 0.02734375
0 0.13134765625 0.69091796875 0.0166015625 0.0263671875
0 0.333984375 0.962890625 0.0322265625 0.0458984375
0 0.01806640625 0.986328125 0.0361328125 0.02685546875
0 0.98828125 0.83837890625 0.0234375 0.04345703125
0 0.173828125 0.65869140625 0.01513671875 0.0087890625
0 0.66552734375 0.81494140625 0.0146484375 0.03466796875
0 0.19091796875 0.673828125 0.01513671875 0.01416015625
0 0.0068359375 0.7568359375 0.01318359375 0.029296875
0 0.7119140625 0.80224609375 0.0556640625 0.0185546875
0 0.09130859375 0.57421875 0.01708984375 0.02001953125
0 0.07763671875 0.58056640625 0.02099609375 0.01513671875
0 0.185546875 0.66357421875 0.01513671875 0.01416015625
0 0.310546875 0.708984375 0.0126953125 0.01904296875
0 0.12939453125 0.640625 0.00634765625 0.01904296875