0 0.67529296875 0.6396484375 0.02734375 0.03759765625
0 0.64404296875 0.8828125 0.03857421875 0.0400390625
0 0.7978515625 0.80322265625 0.03173828125 0.0478515625
0 0.92822265625 0.71728515625 0.0244140625 0.03759765625
0 0.98876953125 0.71142578125 0.0224609375 0.0478515625
0 0.95654296875 0.72216796875 0.02978515625 0.037109375
0 0.86572265625 0.697265625 0.03173828125 0.03466796875
0 0.98388671875 0.7724609375 0.0322265625 0.0380859375
0 0.81884765625 0.6826171875 0.02392578125 0.03955078125
0 0.853515625 0.72705078125 0.0283203125 0.03564453125
0 0.5927734375 0.62939453125 0.0283203125 0.03369140625
0 0.9794921875 0.830078125 0.03955078125 0.04833984375
0 0.91552734375 0.80712890625 0.02978515625 0.0361328125
0 0.61572265625 0.70654296875 0.02734375 0.03271484375
0 0.986328125 0.927734375 0.02734375 0.04150390625
0 0.93896484375 0.830078125 0.041015625 0.04638671875
0 0.8720703125 0.74462890625 0.033203125 0.0361328125
0 0.96728515625 0.7412109375 0.029296875 0.0263671875
0 0.8876953125 0.669921875 0.03857421875 0.03271484375