0 0.68603515625 0.24755859375 0.021484375 0.02734375
0 0.9521484375 0.27587890625 0.0185546875 0.0205078125
0 0.74462890625 0.4033203125 0.0234375 0.0283203125
0 0.2666015625 0.27001953125 0.0244140625 0.0263671875
0 0.91552734375 0.2705078125 0.0185546875 0.0224609375
0 0.60986328125 0.58544921875 0.0205078125 0.0302734375
0 0.86328125 0.5498046875 0.0185546875 0.029296875
0 0.38037109375 0.50634765625 0.0185546875 0.0302734375
0 0.453125 0.41845703125 0.013671875 0.0185546875
0 0.4541015625 0.84619140625 0.0126953125 0.0205078125
0 0.8759765625 0.43505859375 0.0224609375 0.0234375
0 0.51953125 0.6767578125 0.0205078125 0.02734375
0 0.3427734375 0.69921875 0.0185546875 0.03515625
0 0.41845703125 0.67822265625 0.021484375 0.0283203125
0 0.703125 0.279296875 0.021484375 0.029296875
0 0.74609375 0.26806640625 0.02734375 0.0302734375
0 0.27685546875 0.8154296875 0.021484375 0.0283203125
0 0.59033203125 0.279296875 0.0185546875 0.0341796875
0 0.2939453125 0.5869140625 0.0224609375 0.0283203125
0 0.7841796875 0.76904296875 0.0224609375 0.033203125
0 0.58447265625 0.23681640625 0.025390625 0.0263671875
0 0.67041015625 0.880859375 0.015625 0.0234375
0 0.91650390625 0.81884765625 0.0146484375 0.029296875
0 0.49658203125 0.64990234375 0.01953125 0.0263671875
0 0.51416015625 0.4189453125 0.015625 0.0166015625
0 0.994140625 0.3837890625 0.01171875 0.037109375
0 0.72216796875 0.2939453125 0.013671875 0.015625
0 0.70849609375 0.703125 0.0185546875 0.03125
0 0.40869140625 0.8955078125 0.021484375 0.0244140625
0 0.87451171875 0.79052734375 0.021484375 0.0341796875
0 0.828125 0.69189453125 0.021484375 0.0263671875
0 0.39306640625 0.60498046875 0.017578125 0.033203125
0 0.9033203125 0.580078125 0.01953125 0.03125
0 0.91064453125 0.53955078125 0.01953125 0.025390625
0 0.35791015625 0.81640625 0.017578125 0.01953125
0 0.7412109375 0.701171875 0.01953125 0.0263671875
0 0.2470703125 0.82275390625 0.0234375 0.0283203125
0 0.44140625 0.52685546875 0.017578125 0.0341796875
0 0.89697265625 0.32568359375 0.0205078125 0.0263671875
0 0.494140625 0.43896484375 0.0166015625 0.01953125
0 0.7763671875 0.62255859375 0.0234375 0.0244140625
0 0.9853515625 0.48046875 0.0224609375 0.025390625
0 0.5390625 0.51025390625 0.013671875 0.0244140625
0 0.4755859375 0.46728515625 0.013671875 0.021484375
0 0.9365234375 0.49072265625 0.021484375 0.0234375
0 0.3232421875 0.58935546875 0.0244140625 0.02734375
0 0.8154296875 0.33154296875 0.01953125 0.03515625
0 0.4716796875 0.55224609375 0.0146484375 0.021484375
0 0.724609375 0.2587890625 0.017578125 0.0234375
0 0.69140625 0.69091796875 0.0146484375 0.0341796875
0 0.51318359375 0.560546875 0.0185546875 0.021484375
0 0.90673828125 0.70556640625 0.0244140625 0.02734375
0 0.302734375 0.82421875 0.021484375 0.029296875
0 0.935546875 0.63427734375 0.0224609375 0.029296875
0 0.33154296875 0.87646484375 0.015625 0.0322265625
0 0.92333984375 0.673828125 0.0224609375 0.0341796875
0 0.83154296875 0.99609375 0.0126953125 0.0078125
0 0.88671875 0.87109375 0.021484375 0.029296875
0 0.306640625 0.64794921875 0.017578125 0.01953125
0 0.30615234375 0.96240234375 0.0224609375 0.03515625
0 0.5537109375 0.4677734375 0.0205078125 0.033203125
0 0.45361328125 0.47412109375 0.0166015625 0.03515625
0 0.556640625 0.49169921875 0.0185546875 0.025390625
0 0.6650390625 0.69287109375 0.01953125 0.029296875
0 0.9111328125 0.6728515625 0.0224609375 0.0283203125
0 0.3486328125 0.66015625 0.021484375 0.02734375
0 0.90283203125 0.93701171875 0.017578125 0.0302734375
0 0.84130859375 0.9677734375 0.021484375 0.033203125
0 0.47998046875 0.51806640625 0.017578125 0.021484375
0 0.93017578125 0.921875 0.0185546875 0.029296875
0 0.31103515625 0.619140625 0.0224609375 0.0263671875
0 0.333984375 0.64208984375 0.0185546875 0.033203125
0 0.734375 0.79833984375 0.0205078125 0.033203125
0 0.70947265625 0.94189453125 0.0185546875 0.0205078125
0 0.52685546875 0.44921875 0.0185546875 0.0361328125
0 0.32763671875 0.38134765625 0.015625 0.0302734375
0 0.98486328125 0.6357421875 0.0068359375 0.0166015625
0 0.6748046875 0.4892578125 0.021484375 0.025390625
0 0.98291015625 0.53759765625 0.0234375 0.02734375
0 0.263671875 0.89501953125 0.01953125 0.033203125
0 0.36083984375 0.83740234375 0.0107421875 0.0283203125
0 0.939453125 0.98486328125 0.01171875 0.0244140625
0 0.8623046875 0.3701171875 0.0244140625 0.03125
0 0.24462890625 0.77734375 0.0126953125 0.013671875
0 0.689453125 0.62255859375 0.0185546875 0.029296875
0 0.9453125 0.9423828125 0.0107421875 0.025390625
0 0.73828125 0.59814453125 0.0234375 0.0224609375
0 0.19921875 0.20458984375 0.013671875 0.0146484375
0 0.310546875 0.69287109375 0.013671875 0.0234375
0 0.85546875 0.8359375 0.01171875 0.0205078125
0 0.85009765625 0.86376953125 0.015625 0.0283203125
0 0.66943359375 0.5205078125 0.01171875 0.0244140625
0 0.51171875 0.99755859375 0.013671875 0.0048828125
0 0.71630859375 0.2646484375 0.0146484375 0.0166015625