0 0.9423828125 0.41943359375 0.0166015625 0.0283203125
0 0.9697265625 0.5595703125 0.015625 0.03662109375
0 0.67578125 0.73828125 0.013671875 0.03466796875
0 0.84033203125 0.4375 0.01806640625 0.02099609375
0 0.98828125 0.841796875 0.013671875 0.0390625
0 0.984375 0.41552734375 0.0185546875 0.0244140625
0 0.986328125 0.4931640625 0.01904296875 0.025390625
0 0.8896484375 0.66455078125 0.01611328125 0.03076171875
0 0.8359375 0.7802734375 0.01318359375 0.03759765625
0 0.8447265625 0.76220703125 0.01416015625 0.029296875
0 0.92724609375 0.97119140625 0.013671875 0.03759765625
0 0.80859375 0.8408203125 0.0205078125 0.02734375
0 0.7509765625 0.95068359375 0.01171875 0.03564453125
0 0.9521484375 0.828125 0.0146484375 0.03125
0 0.912109375 0.80908203125 0.00927734375 0.0205078125
0 0.875 0.76806640625 0.017578125 0.03564453125
0 0.84814453125 0.92626953125 0.013671875 0.029296875
0 0.96875 0.88330078125 0.0166015625 0.02783203125
0 0.79248046875 0.962890625 0.0146484375 0.04052734375
0 0.8740234375 0.908203125 0.01611328125 0.0244140625
0 0.87841796875 0.82421875 0.0146484375 0.02978515625
0 0.7861328125 0.9072265625 0.013671875 0.03759765625
0 0.919921875 0.9052734375 0.01318359375 0.02880859375
0 0.77685546875 0.98779296875 0.01318359375 0.02294921875
0 0.8876953125 0.8896484375 0.0185546875 0.025390625
0 0.90673828125 0.8681640625 0.0205078125 0.0263671875
0 0.9560546875 0.927734375 0.017578125 0.02783203125
0 0.94384765625 0.9296875 0.01513671875 0.01708984375
0 0.8935546875 0.57568359375 0.01025390625 0.029296875
0 0.7939453125 0.94189453125 0.01416015625 0.0361328125
0 0.8779296875 0.54541015625 0.02001953125 0.0263671875