0 0.81591796875 0.6396484375 0.0146484375 0.02001953125
0 0.8212890625 0.58544921875 0.01220703125 0.0234375
0 0.79052734375 0.5712890625 0.01416015625 0.02392578125
0 0.7255859375 0.46044921875 0.0146484375 0.0234375
0 0.72802734375 0.5751953125 0.015625 0.0244140625
0 0.70263671875 0.44873046875 0.01513671875 0.02197265625
0 0.73046875 0.5390625 0.01513671875 0.013671875
0 0.478515625 0.88623046875 0.01513671875 0.02099609375
0 0.6259765625 0.56884765625 0.01513671875 0.021484375
0 0.68798828125 0.76220703125 0.0126953125 0.0244140625
0 0.7724609375 0.48046875 0.015625 0.03515625
0 0.58935546875 0.806640625 0.015625 0.01708984375
0 0.548828125 0.76123046875 0.02197265625 0.021484375
0 0.1591796875 0.30126953125 0.01318359375 0.01806640625
0 0.646484375 0.56884765625 0.01123046875 0.021484375
0 0.42529296875 0.29296875 0.0126953125 0.01806640625
0 0.76904296875 0.6142578125 0.01220703125 0.0244140625
0 0.63330078125 0.7060546875 0.0107421875 0.02734375
0 0.603515625 0.52197265625 0.00927734375 0.0224609375
0 0.4169921875 0.32470703125 0.009765625 0.0185546875
0 0.77197265625 0.6494140625 0.01025390625 0.02197265625
0 0.76416015625 0.5087890625 0.009765625 0.021484375
0 0.57861328125 0.77392578125 0.01123046875 0.02587890625
0 0.41015625 0.29296875 0.0166015625 0.01708984375
0 0.5341796875 0.63720703125 0.017578125 0.01416015625
0 0.4384765625 0.43798828125 0.01123046875 0.02099609375
0 0.6044921875 0.751953125 0.00927734375 0.02978515625
0 0.61376953125 0.384765625 0.0078125 0.01953125
0 0.06689453125 0.32666015625 0.01171875 0.0224609375
0 0.51953125 0.50439453125 0.0087890625 0.02197265625
0 0.39306640625 0.71484375 0.01513671875 0.021484375
0 0.56005859375 0.46630859375 0.0126953125 0.021484375
0 0.02685546875 0.412109375 0.01220703125 0.01806640625
0 0.59423828125 0.650390625 0.01171875 0.0146484375
0 0.5166015625 0.890625 0.01123046875 0.03125
0 0.01318359375 0.3984375 0.015625 0.01708984375
0 0.50244140625 0.5986328125 0.0126953125 0.0205078125
0 0.0263671875 0.453125 0.01171875 0.02001953125
0 0.0791015625 0.90966796875 0.0166015625 0.02587890625
0 0.205078125 0.27490234375 0.0087890625 0.017578125
0 0.453125 0.3720703125 0.009765625 0.02001953125
0 0.306640625 0.61083984375 0.01416015625 0.0302734375
0 0.359375 0.34423828125 0.0068359375 0.02001953125
0 0.53564453125 0.68310546875 0.00927734375 0.0224609375
0 0.4619140625 0.74365234375 0.01123046875 0.03125
0 0.5576171875 0.3623046875 0.00830078125 0.0205078125
0 0.642578125 0.6611328125 0.009765625 0.02099609375
0 0.23095703125 0.39306640625 0.01123046875 0.0244140625
0 0.6083984375 0.6513671875 0.00927734375 0.02392578125
0 0.56396484375 0.671875 0.01806640625 0.03564453125
0 0.3076171875 0.939453125 0.013671875 0.03125
0 0.7158203125 0.69189453125 0.0107421875 0.0224609375
0 0.4638671875 0.775390625 0.0087890625 0.0322265625
0 0.2392578125 0.35009765625 0.0107421875 0.01416015625
0 0.5546875 0.40283203125 0.0078125 0.02392578125
0 0.57666015625 0.60302734375 0.0078125 0.02490234375
0 0.12255859375 0.6669921875 0.01318359375 0.01904296875
0 0.5791015625 0.533203125 0.01171875 0.01171875
0 0.4267578125 0.6181640625 0.009765625 0.01708984375
0 0.54833984375 0.6259765625 0.0087890625 0.0263671875
0 0.58447265625 0.90087890625 0.0087890625 0.02490234375
0 0.41455078125 0.537109375 0.0185546875 0.04150390625
0 0.10546875 0.49462890625 0.0078125 0.02490234375
0 0.4326171875 0.763671875 0.009765625 0.0234375
0 0.5029296875 0.65576171875 0.0146484375 0.0146484375
0 0.4140625 0.81787109375 0.00732421875 0.02783203125
0 0.275390625 0.4296875 0.0126953125 0.02490234375
0 0.76806640625 0.5576171875 0.01025390625 0.017578125
0 0.5751953125 0.37890625 0.009765625 0.02392578125
0 0.0146484375 0.626953125 0.0087890625 0.02880859375
0 0.671875 0.43505859375 0.01171875 0.0234375
0 0.55419921875 0.44140625 0.01708984375 0.01953125
0 0.13427734375 0.7041015625 0.0107421875 0.0234375
0 0.046875 0.7109375 0.01025390625 0.025390625
0 0.00537109375 0.54296875 0.009765625 0.01611328125
0 0.1533203125 0.630859375 0.0107421875 0.02685546875
0 0.41796875 0.58447265625 0.00732421875 0.0224609375
0 0.36083984375 0.47119140625 0.01025390625 0.0205078125
0 0.4189453125 0.6591796875 0.0107421875 0.02880859375
0 0.2255859375 0.6435546875 0.00927734375 0.02099609375
0 0.30078125 0.44921875 0.00927734375 0.01611328125
0 0.7158203125 0.6337890625 0.0087890625 0.01953125
0 0.31640625 0.3193359375 0.0068359375 0.017578125
0 0.03515625 0.673828125 0.00927734375 0.02978515625
0 0.4404296875 0.5234375 0.0068359375 0.0224609375
0 0.21240234375 0.6083984375 0.01171875 0.0283203125
0 0.4140625 0.455078125 0.00634765625 0.0205078125
0 0.26953125 0.39404296875 0.00732421875 0.0234375
0 0.685546875 0.54833984375 0.01171875 0.025390625
0 0.0546875 0.8359375 0.00927734375 0.033203125
0 0.37890625 0.67431640625 0.0078125 0.02880859375
0 0.6220703125 0.580078125 0.0087890625 0.0166015625
0 0.17041015625 0.38427734375 0.01025390625 0.01904296875
0 0.1591796875 0.31640625 0.0087890625 0.017578125
0 0.1083984375 0.3994140625 0.0078125 0.01953125
0 0.5791015625 0.5517578125 0.00830078125 0.0263671875
0 0.1513671875 0.384765625 0.0087890625 0.0185546875
0 0.39453125 0.6796875 0.0068359375 0.0263671875
0 0.30712890625 0.8720703125 0.01123046875 0.0205078125
0 0.548828125 0.611328125 0.0146484375 0.02587890625
0 0.18896484375 0.59375 0.00732421875 0.029296875
0 0.61279296875 0.6337890625 0.009765625 0.01318359375
0 0.58642578125 0.384765625 0.00830078125 0.02001953125
0 0.6337890625 0.77294921875 0.01025390625 0.0185546875
0 0.02197265625 0.48486328125 0.00732421875 0.01953125
0 0.6826171875 0.49609375 0.00830078125 0.02099609375
0 0.1455078125 0.4384765625 0.0126953125 0.0185546875
0 0.27001953125 0.541015625 0.00634765625 0.02392578125
0 0.1826171875 0.52685546875 0.00830078125 0.02099609375
0 0.07470703125 0.666015625 0.00732421875 0.025390625
0 0.244140625 0.36767578125 0.00732421875 0.01708984375
0 0.1298828125 0.912109375 0.0087890625 0.03125
0 0.32958984375 0.53173828125 0.00830078125 0.02197265625
0 0.10107421875 0.45556640625 0.0068359375 0.025390625
0 0.03466796875 0.63037109375 0.00830078125 0.02001953125
0 0.3203125 0.3740234375 0.005859375 0.01904296875
0 0.45166015625 0.48974609375 0.00830078125 0.0126953125
0 0.3349609375 0.4912109375 0.00634765625 0.0205078125
0 0.3544921875 0.419921875 0.005859375 0.0205078125
0 0.19580078125 0.40673828125 0.01611328125 0.02587890625
0 0.3291015625 0.92626953125 0.00732421875 0.02783203125
0 0.12158203125 0.4404296875 0.00732421875 0.02392578125
0 0.173828125 0.7578125 0.0068359375 0.0244140625
0 0.14501953125 0.74951171875 0.00927734375 0.03076171875
0 0.48779296875 0.6904296875 0.017578125 0.02490234375
0 0.19140625 0.482421875 0.005859375 0.021484375
0 0.50341796875 0.5234375 0.01611328125 0.0146484375
0 0.099609375 0.65869140625 0.00830078125 0.02099609375
0 0.1279296875 0.48974609375 0.01123046875 0.0205078125
0 0.28955078125 0.58251953125 0.00634765625 0.02392578125
0 0.2861328125 0.3740234375 0.005859375 0.02197265625
0 0.57421875 0.4931640625 0.01025390625 0.02978515625
0 0.00390625 0.71630859375 0.0078125 0.02734375
0 0.20751953125 0.38671875 0.00732421875 0.01953125
0 0.3349609375 0.6025390625 0.013671875 0.01953125
0 0.31787109375 0.43408203125 0.00634765625 0.0205078125
0 0.2431640625 0.390625 0.00634765625 0.02197265625
0 0.02294921875 0.38720703125 0.0078125 0.0205078125
0 0.35107421875 0.923828125 0.01025390625 0.03515625
0 0.326171875 0.423828125 0.0087890625 0.01025390625
0 0.3349609375 0.56787109375 0.0166015625 0.01806640625
0 0.57470703125 0.48046875 0.01220703125 0.01904296875
0 0.02490234375 0.876953125 0.01025390625 0.02392578125
0 0.68115234375 0.44580078125 0.0126953125 0.02392578125
0 0.3681640625 0.67138671875 0.00830078125 0.02587890625
0 0.3896484375 0.3271484375 0.009765625 0.02099609375
0 0.18017578125 0.4267578125 0.00732421875 0.02880859375
0 0.1689453125 0.41943359375 0.00927734375 0.02099609375
0 0.1474609375 0.5419921875 0.01611328125 0.02587890625
0 0.4912109375 0.646484375 0.0107421875 0.0224609375
0 0.4169921875 0.5263671875 0.01123046875 0.02001953125
0 0.30078125 0.4697265625 0.0078125 0.021484375
0 0.3935546875 0.341796875 0.013671875 0.01513671875
0 0.3740234375 0.7041015625 0.00732421875 0.02978515625
0 0.2626953125 0.587890625 0.005859375 0.0185546875
0 0.2802734375 0.55908203125 0.005859375 0.0224609375
0 0.142578125 0.533203125 0.0068359375 0.0166015625
0 0.140625 0.458984375 0.00634765625 0.02099609375
0 0.3037109375 0.3515625 0.00830078125 0.01953125
0 0.3017578125 0.57373046875 0.00634765625 0.021484375
0 0.9345703125 0.5517578125 0.0166015625 0.01513671875
0 0.1904296875 0.40869140625 0.0068359375 0.02001953125
0 0.166015625 0.462890625 0.00830078125 0.0263671875
0 0.97998046875 0.57666015625 0.0078125 0.01318359375