0 0.8994140625 0.25341796875 0.0263671875 0.029296875
0 0.5087890625 0.052734375 0.03125 0.03125
0 0.8984375 0.4736328125 0.025390625 0.0263671875
0 0.7763671875 0.2470703125 0.0244140625 0.0380859375
0 0.919921875 0.201171875 0.0283203125 0.037109375
0 0.908203125 0.4248046875 0.025390625 0.03515625
0 0.48583984375 0.24609375 0.02734375 0.03125
0 0.787109375 0.14501953125 0.029296875 0.041015625
0 0.2080078125 0.19970703125 0.0302734375 0.03515625
0 0.36572265625 0.24267578125 0.029296875 0.0361328125
0 0.49609375 0.34521484375 0.0234375 0.03515625
0 0.91162109375 0.58984375 0.0244140625 0.02734375
0 0.267578125 0.1630859375 0.0224609375 0.021484375
0 0.50927734375 0.21826171875 0.0234375 0.0390625
0 0.9052734375 0.5390625 0.0302734375 0.033203125
0 0.2490234375 0.2626953125 0.025390625 0.0283203125
0 0.4208984375 0.16162109375 0.029296875 0.0390625
0 0.4404296875 0.34814453125 0.0205078125 0.0263671875
0 0.32470703125 0.162109375 0.025390625 0.0302734375
0 0.884765625 0.61962890625 0.0224609375 0.03125
0 0.8935546875 0.853515625 0.025390625 0.0283203125
0 0.78271484375 0.0947265625 0.02734375 0.03515625
0 0.37109375 0.4423828125 0.02734375 0.0283203125
0 0.83642578125 0.07373046875 0.02734375 0.0302734375
0 0.87744140625 0.85205078125 0.0244140625 0.03125
0 0.92236328125 0.498046875 0.0283203125 0.0390625
0 0.466796875 0.1650390625 0.0263671875 0.0390625
0 0.5517578125 0.5791015625 0.0263671875 0.029296875
0 0.35986328125 0.50439453125 0.0166015625 0.0224609375
0 0.39453125 0.3427734375 0.025390625 0.037109375
0 0.33544921875 0.1171875 0.025390625 0.0400390625
0 0.03271484375 0.6064453125 0.0322265625 0.0341796875
0 0.71337890625 0.2236328125 0.0244140625 0.03515625
0 0.298828125 0.18017578125 0.0263671875 0.0400390625
0 0.50830078125 0.423828125 0.01953125 0.029296875
0 0.41015625 0.451171875 0.01953125 0.0244140625
0 0.1943359375 0.11865234375 0.03515625 0.0390625
0 0.515625 0.50146484375 0.02734375 0.0419921875
0 0.7724609375 0.75927734375 0.0205078125 0.05078125
0 0.2451171875 0.19873046875 0.021484375 0.03515625
0 0.86572265625 0.771484375 0.0244140625 0.041015625
0 0.9833984375 0.4619140625 0.01953125 0.029296875
0 0.43798828125 0.3935546875 0.0224609375 0.025390625
0 0.47119140625 0.5458984375 0.0244140625 0.0322265625
0 0.42138671875 0.4970703125 0.0234375 0.0224609375
0 0.24755859375 0.05810546875 0.0263671875 0.025390625
0 0.5654296875 0.7314453125 0.017578125 0.033203125
0 0.43505859375 0.7841796875 0.025390625 0.0341796875
0 0.75048828125 0.32177734375 0.0234375 0.029296875
0 0.6494140625 0.63818359375 0.0185546875 0.0322265625
0 0.76318359375 0.87890625 0.0224609375 0.0263671875
0 0.46923828125 0.4580078125 0.017578125 0.0302734375
0 0.7265625 0.6962890625 0.0224609375 0.0234375
0 0.44384765625 0.4677734375 0.0244140625 0.044921875
0 0.318359375 0.80615234375 0.021484375 0.0322265625
0 0.58984375 0.798828125 0.0341796875 0.041015625
0 0.474609375 0.46923828125 0.0224609375 0.03515625
0 0.173828125 0.78515625 0.0302734375 0.0390625
0 0.0087890625 0.47119140625 0.015625 0.01953125
0 0.23876953125 0.7998046875 0.03125 0.052734375
0 0.17236328125 0.51025390625 0.0263671875 0.029296875
0 0.41650390625 0.6640625 0.0205078125 0.0263671875
0 0.771484375 0.658203125 0.0244140625 0.0400390625
0 0.07421875 0.759765625 0.0263671875 0.0361328125
0 0.47607421875 0.74365234375 0.02734375 0.0341796875
0 0.98291015625 0.48583984375 0.0166015625 0.033203125
0 0.44775390625 0.6904296875 0.0302734375 0.0322265625
0 0.64892578125 0.5283203125 0.0166015625 0.0322265625
0 0.7734375 0.54150390625 0.0126953125 0.0185546875
0 0.70166015625 0.84033203125 0.021484375 0.0283203125
0 0.78515625 0.60986328125 0.01953125 0.0400390625
0 0.7724609375 0.40625 0.0185546875 0.0341796875
0 0.4462890625 0.19970703125 0.01171875 0.0166015625
0 0.798828125 0.7158203125 0.0107421875 0.0166015625