0 0.5849609375 0.765625 0.01123046875 0.02001953125
0 0.59814453125 0.765625 0.01513671875 0.02099609375
0 0.6064453125 0.75341796875 0.01171875 0.0146484375
0 0.77392578125 0.6416015625 0.01220703125 0.01416015625
0 0.62646484375 0.732421875 0.01123046875 0.01806640625
0 0.693359375 0.79638671875 0.01123046875 0.0205078125
0 0.54443359375 0.7744140625 0.00732421875 0.017578125
0 0.876953125 0.61181640625 0.0107421875 0.0146484375
0 0.9931640625 0.61328125 0.013671875 0.01513671875
0 0.63916015625 0.677734375 0.0126953125 0.02001953125
0 0.92724609375 0.67041015625 0.01171875 0.01513671875
0 0.78515625 0.638671875 0.01025390625 0.0146484375
0 0.9306640625 0.6513671875 0.00732421875 0.013671875
0 0.908203125 0.6806640625 0.0126953125 0.01611328125
0 0.9365234375 0.60302734375 0.01171875 0.01416015625
0 0.5400390625 0.79638671875 0.01513671875 0.017578125
0 0.7255859375 0.7861328125 0.0126953125 0.02001953125
0 0.599609375 0.7119140625 0.0126953125 0.01220703125
0 0.69580078125 0.86767578125 0.0126953125 0.02587890625
0 0.8564453125 0.6171875 0.0107421875 0.013671875
0 0.9033203125 0.609375 0.0107421875 0.0126953125
0 0.75634765625 0.66943359375 0.01220703125 0.01416015625
0 0.849609375 0.6298828125 0.00830078125 0.0107421875
0 0.685546875 0.767578125 0.0146484375 0.01904296875
0 0.9228515625 0.611328125 0.0126953125 0.01513671875
0 0.845703125 0.6630859375 0.01220703125 0.01513671875
0 0.72216796875 0.89501953125 0.0146484375 0.01904296875
0 0.65625 0.73388671875 0.01025390625 0.01806640625
0 0.57373046875 0.69580078125 0.0068359375 0.0166015625
0 0.96630859375 0.591796875 0.0078125 0.00830078125
0 0.62353515625 0.6826171875 0.01513671875 0.0166015625
0 0.66650390625 0.7333984375 0.015625 0.0166015625
0 0.96484375 0.658203125 0.01416015625 0.0185546875
0 0.94970703125 0.89501953125 0.0107421875 0.025390625
0 0.99755859375 0.580078125 0.0048828125 0.01220703125
0 0.73583984375 0.65087890625 0.00830078125 0.01611328125
0 0.6015625 0.72119140625 0.01025390625 0.01318359375
0 0.68408203125 0.75732421875 0.01123046875 0.013671875
0 0.962890625 0.6494140625 0.00927734375 0.01220703125