0 0.63037109375 0.73486328125 0.01318359375 0.0185546875
0 0.54541015625 0.7177734375 0.0078125 0.02099609375
0 0.3828125 0.65478515625 0.01123046875 0.0185546875
0 0.87255859375 0.8642578125 0.005859375 0.01904296875
0 0.724609375 0.85009765625 0.00830078125 0.0185546875
0 0.34375 0.72119140625 0.0068359375 0.0205078125
0 0.36767578125 0.7880859375 0.0078125 0.0166015625
0 0.353515625 0.87060546875 0.01025390625 0.021484375
0 0.36181640625 0.7314453125 0.0126953125 0.02392578125
0 0.3564453125 0.73876953125 0.005859375 0.0205078125
0 0.3642578125 0.75244140625 0.0107421875 0.02392578125
0 0.43115234375 0.7470703125 0.0087890625 0.02783203125
0 0.42529296875 0.76318359375 0.01318359375 0.02490234375
0 0.4248046875 0.779296875 0.00830078125 0.01708984375
0 0.42236328125 0.7392578125 0.0078125 0.01318359375
0 0.4716796875 0.76953125 0.00732421875 0.01171875
0 0.4814453125 0.77490234375 0.01416015625 0.01220703125
0 0.466796875 0.8173828125 0.01123046875 0.0185546875
0 0.57177734375 0.74560546875 0.0146484375 0.0185546875
0 0.55224609375 0.75732421875 0.009765625 0.01513671875
0 0.5546875 0.7734375 0.01123046875 0.01708984375
0 0.59375 0.8662109375 0.01318359375 0.02294921875
0 0.58154296875 0.83203125 0.0068359375 0.01953125
0 0.576171875 0.83447265625 0.0087890625 0.0234375
0 0.58642578125 0.77783203125 0.0078125 0.017578125
0 0.58984375 0.80859375 0.00732421875 0.02001953125
0 0.58984375 0.79296875 0.0126953125 0.01708984375
0 0.50341796875 0.8271484375 0.013671875 0.01220703125
0 0.390625 0.798828125 0.01025390625 0.017578125
0 0.37890625 0.771484375 0.0087890625 0.01220703125
0 0.38232421875 0.78515625 0.0087890625 0.0126953125
0 0.384765625 0.8681640625 0.00927734375 0.0185546875
0 0.39501953125 0.888671875 0.00830078125 0.02392578125
0 0.3837890625 0.88720703125 0.01123046875 0.01904296875
0 0.3525390625 0.9140625 0.015625 0.01513671875
0 0.35498046875 0.9443359375 0.009765625 0.01904296875
0 0.42919921875 0.81201171875 0.00732421875 0.02001953125
0 0.4228515625 0.80908203125 0.00927734375 0.01611328125
0 0.421875 0.82763671875 0.01025390625 0.01953125
0 0.48388671875 0.7890625 0.01708984375 0.01708984375
0 0.49853515625 0.845703125 0.00732421875 0.0205078125
0 0.50927734375 0.86865234375 0.01123046875 0.01806640625
0 0.5400390625 0.89794921875 0.0107421875 0.017578125
0 0.58544921875 0.91357421875 0.01220703125 0.0185546875
0 0.57373046875 0.90576171875 0.00927734375 0.017578125
0 0.36572265625 0.9130859375 0.0146484375 0.01318359375
0 0.37548828125 0.9267578125 0.0126953125 0.02001953125
0 0.35546875 0.97607421875 0.01416015625 0.02001953125
0 0.42333984375 0.908203125 0.00927734375 0.01953125
0 0.43701171875 0.86279296875 0.0107421875 0.02001953125
0 0.470703125 0.859375 0.0087890625 0.0205078125
0 0.458984375 0.87109375 0.009765625 0.0166015625
0 0.4375 0.884765625 0.005859375 0.021484375
0 0.392578125 0.96533203125 0.0107421875 0.0224609375
0 0.396484375 0.9921875 0.01171875 0.015625
0 0.49560546875 0.87548828125 0.01025390625 0.01806640625
0 0.5556640625 0.95458984375 0.009765625 0.013671875
0 0.5458984375 0.9609375 0.00927734375 0.013671875
0 0.52978515625 0.9658203125 0.0126953125 0.01708984375
0 0.517578125 0.97412109375 0.0087890625 0.02099609375
0 0.46044921875 0.97509765625 0.00732421875 0.01806640625
0 0.4091796875 0.931640625 0.0166015625 0.01318359375
0 0.40966796875 0.943359375 0.01171875 0.01123046875
0 0.41796875 0.95263671875 0.00927734375 0.0234375
0 0.4228515625 0.94384765625 0.0126953125 0.01513671875
0 0.41748046875 0.91650390625 0.01025390625 0.015625
0 0.4345703125 0.935546875 0.01025390625 0.01708984375
0 0.32275390625 0.97705078125 0.0087890625 0.01953125
0 0.50537109375 0.90380859375 0.0068359375 0.01708984375
0 0.48876953125 0.8828125 0.01025390625 0.01953125
0 0.4384765625 0.9638671875 0.009765625 0.01953125
0 0.4404296875 0.9169921875 0.00830078125 0.017578125
0 0.44873046875 0.91796875 0.0087890625 0.02001953125
0 0.4501953125 0.9619140625 0.0078125 0.021484375
0 0.482421875 0.96826171875 0.0078125 0.01513671875
0 0.49267578125 0.99365234375 0.0126953125 0.01123046875
0 0.48828125 0.98095703125 0.01318359375 0.013671875
0 0.59130859375 0.978515625 0.0107421875 0.017578125
0 0.58447265625 0.9443359375 0.0107421875 0.01953125
0 0.60546875 0.93017578125 0.00732421875 0.01904296875
0 0.50732421875 0.97900390625 0.0087890625 0.0224609375
0 0.494140625 0.96142578125 0.01171875 0.01171875
0 0.498046875 0.97509765625 0.009765625 0.01171875
0 0.46240234375 0.89306640625 0.01123046875 0.01123046875
0 0.47216796875 0.91064453125 0.00830078125 0.01318359375
0 0.48486328125 0.92822265625 0.0087890625 0.013671875
0 0.48876953125 0.90869140625 0.00732421875 0.013671875
0 0.49658203125 0.921875 0.009765625 0.01220703125
0 0.4990234375 0.91259765625 0.0107421875 0.01416015625
0 0.47021484375 0.9462890625 0.009765625 0.01513671875
0 0.47021484375 0.931640625 0.005859375 0.015625
0 0.4775390625 0.93701171875 0.00927734375 0.0126953125
0 0.4580078125 0.9296875 0.00830078125 0.01611328125
0 0.6357421875 0.85546875 0.00830078125 0.01708984375
0 0.65087890625 0.8427734375 0.00927734375 0.01513671875
0 0.65576171875 0.89453125 0.01025390625 0.01904296875
0 0.6533203125 0.81884765625 0.00634765625 0.01318359375
0 0.64501953125 0.79833984375 0.00732421875 0.0146484375
0 0.650390625 0.80517578125 0.00634765625 0.01220703125
0 0.6318359375 0.91015625 0.0048828125 0.0146484375
0 0.6845703125 0.92041015625 0.00634765625 0.015625
0 0.62353515625 0.92822265625 0.0068359375 0.0126953125
0 0.71533203125 0.93408203125 0.01025390625 0.015625
0 0.7470703125 0.90234375 0.00927734375 0.017578125
0 0.6767578125 0.96923828125 0.0078125 0.01513671875
0 0.630859375 0.95458984375 0.01025390625 0.01318359375
0 0.6142578125 0.98681640625 0.01123046875 0.01318359375
0 0.626953125 0.99267578125 0.01025390625 0.01318359375
0 0.73876953125 0.94970703125 0.01025390625 0.0146484375
0 0.7587890625 0.97119140625 0.01220703125 0.0087890625
0 0.6962890625 0.94775390625 0.0107421875 0.017578125
0 0.76416015625 0.955078125 0.00830078125 0.01708984375
0 0.79345703125 0.98828125 0.00732421875 0.02001953125
0 0.81298828125 0.98828125 0.0078125 0.0166015625
0 0.83154296875 0.9921875 0.0087890625 0.015625
0 0.79541015625 0.9296875 0.00830078125 0.0107421875
0 0.46533203125 0.96533203125 0.01171875 0.0185546875
0 0.45849609375 0.90234375 0.01025390625 0.01220703125
0 0.41943359375 0.923828125 0.01220703125 0.0263671875
0 0.55419921875 0.9599609375 0.01416015625 0.01953125
0 0.62890625 0.7373046875 0.009765625 0.02392578125
0 0.576171875 0.908203125 0.0107421875 0.01904296875
0 0.6171875 0.9912109375 0.01416015625 0.0166015625
0 0.625 0.931640625 0.0087890625 0.02099609375
0 0.47412109375 0.7724609375 0.009765625 0.0166015625
0 0.62451171875 0.98095703125 0.01025390625 0.01953125
0 0.78125 0.91748046875 0.00830078125 0.01904296875
0 0.45849609375 0.93310546875 0.00830078125 0.01513671875
0 0.72021484375 0.9912109375 0.01220703125 0.01416015625
0 0.806640625 0.98876953125 0.00927734375 0.0185546875
0 0.623046875 0.7177734375 0.00634765625 0.01708984375
0 0.330078125 0.98974609375 0.01123046875 0.01953125