0 0.89453125 0.6884765625 0.017578125 0.0263671875
0 0.904296875 0.6796875 0.0185546875 0.0283203125
0 0.92041015625 0.53466796875 0.0224609375 0.03125
0 0.91552734375 0.62255859375 0.0224609375 0.025390625
0 0.88037109375 0.7978515625 0.015625 0.0263671875
0 0.89697265625 0.85986328125 0.0166015625 0.0234375
0 0.93115234375 0.7978515625 0.0146484375 0.025390625
0 0.90478515625 0.626953125 0.0146484375 0.0234375
0 0.9853515625 0.82275390625 0.013671875 0.02734375
0 0.88818359375 0.6650390625 0.01171875 0.0224609375
0 0.87158203125 0.818359375 0.015625 0.0283203125
0 0.94091796875 0.81982421875 0.015625 0.025390625
0 0.9853515625 0.73681640625 0.017578125 0.02734375
0 0.8994140625 0.82470703125 0.0234375 0.03515625
0 0.99755859375 0.7861328125 0.0048828125 0.0234375
0 0.8935546875 0.6767578125 0.0107421875 0.01953125