0 0.689453125 0.5205078125 0.02685546875 0.03857421875
0 0.6748046875 0.490234375 0.01171875 0.033203125
0 0.54638671875 0.0439453125 0.009765625 0.03271484375
0 0.5419921875 0.06005859375 0.009765625 0.03173828125
0 0.5703125 0.92431640625 0.01806640625 0.037109375
0 0.51708984375 0.62158203125 0.0087890625 0.03271484375
0 0.60693359375 0.4638671875 0.01904296875 0.0380859375
0 0.4189453125 0.09228515625 0.01171875 0.02685546875
0 0.52978515625 0.62744140625 0.017578125 0.02099609375
0 0.4521484375 0.08642578125 0.0126953125 0.01904296875
0 0.66943359375 0.44482421875 0.015625 0.0283203125
0 0.619140625 0.51171875 0.0166015625 0.0263671875
0 0.53125 0.05322265625 0.01220703125 0.029296875
0 0.49462890625 0.333984375 0.013671875 0.03076171875
0 0.6474609375 0.53271484375 0.01123046875 0.033203125
0 0.490234375 0.962890625 0.01416015625 0.04052734375
0 0.615234375 0.3759765625 0.009765625 0.0302734375
0 0.48779296875 0.72216796875 0.01220703125 0.0361328125
0 0.669921875 0.51953125 0.013671875 0.0400390625