0 0.62646484375 0.56103515625 0.064453125 0.07421875
0 0.234375 0.88916015625 0.0615234375 0.068359375
0 0.58154296875 0.2890625 0.0654296875 0.068359375
0 0.3447265625 0.626953125 0.044921875 0.0712890625
0 0.14306640625 0.17529296875 0.0478515625 0.0546875
0 0.2666015625 0.71435546875 0.0517578125 0.0791015625
0 0.25439453125 0.587890625 0.0556640625 0.0712890625
0 0.78125 0.9072265625 0.0439453125 0.072265625
0 0.52978515625 0.6279296875 0.0419921875 0.080078125
0 0.59033203125 0.85791015625 0.05859375 0.0654296875
0 0.283203125 0.96142578125 0.064453125 0.0771484375
0 0.47216796875 0.6298828125 0.048828125 0.056640625
0 0.31591796875 0.40087890625 0.0625 0.0703125
0 0.73828125 0.9072265625 0.0419921875 0.0751953125
0 0.068359375 0.16650390625 0.0458984375 0.04296875
0 0.86962890625 0.857421875 0.04296875 0.0703125
0 0.14599609375 0.73046875 0.0458984375 0.0439453125