0 0.3701171875 0.0458984375 0.0390625 0.0537109375
0 0.31884765625 0.5126953125 0.052734375 0.1005859375
0 0.48974609375 0.3056640625 0.0576171875 0.0771484375
0 0.14501953125 0.57080078125 0.0576171875 0.09765625
0 0.55810546875 0.43896484375 0.0625 0.0888671875
0 0.39306640625 0.138671875 0.046875 0.060546875
0 0.2314453125 0.03271484375 0.0498046875 0.048828125
0 0.39404296875 0.26171875 0.0556640625 0.0556640625
0 0.25341796875 0.2626953125 0.0390625 0.06640625
0 0.234375 0.00830078125 0.037109375 0.0166015625
0 0.294921875 0.0908203125 0.025390625 0.0673828125
0 0.33984375 0.572265625 0.0537109375 0.068359375
0 0.580078125 0.49072265625 0.07421875 0.0732421875
0 0.40966796875 0.294921875 0.052734375 0.0458984375
0 0.51416015625 0.34814453125 0.052734375 0.052734375
0 0.02197265625 0.53662109375 0.0439453125 0.1416015625
0 0.1201171875 0.06396484375 0.0341796875 0.078125
0 0.30517578125 0.1201171875 0.0390625 0.0498046875
0 0.130859375 0.08740234375 0.0244140625 0.0419921875
0 0.41015625 0.1748046875 0.03125 0.0361328125
0 0.36279296875 0.11474609375 0.029296875 0.0224609375