0 0.73974609375 0.525390625 0.0078125 0.01416015625
0 0.400390625 0.57080078125 0.0185546875 0.025390625
0 0.3876953125 0.55615234375 0.01611328125 0.021484375
0 0.27099609375 0.56640625 0.021484375 0.0205078125
0 0.3115234375 0.5625 0.01318359375 0.01904296875
0 0.271484375 0.58984375 0.02001953125 0.0234375
0 0.42529296875 0.548828125 0.0126953125 0.0205078125
0 0.4853515625 0.54345703125 0.01171875 0.0205078125
0 0.7666015625 0.521484375 0.01025390625 0.01611328125
0 0.69970703125 0.52587890625 0.01611328125 0.01953125
0 0.18505859375 0.57763671875 0.01318359375 0.015625
0 0.56494140625 0.53466796875 0.015625 0.01806640625
0 0.2060546875 0.59375 0.01416015625 0.02392578125
0 0.03857421875 0.59814453125 0.0107421875 0.02294921875
0 0.1171875 0.591796875 0.0185546875 0.02294921875
0 0.02197265625 0.60986328125 0.0166015625 0.021484375
0 0.1904296875 0.5927734375 0.01220703125 0.02587890625
0 0.63037109375 0.5322265625 0.013671875 0.0185546875
0 0.75048828125 0.52001953125 0.01123046875 0.01953125
0 0.1591796875 0.8388671875 0.03662109375 0.06298828125
0 0.685546875 0.52734375 0.01123046875 0.01904296875
0 0.08544921875 0.63525390625 0.02587890625 0.0283203125
0 0.00732421875 0.60888671875 0.013671875 0.02294921875
0 0.08447265625 0.6181640625 0.0087890625 0.0146484375
0 0.01513671875 0.646484375 0.0283203125 0.03076171875
0 0.00537109375 0.63623046875 0.01025390625 0.025390625
0 0.62548828125 0.53076171875 0.00537109375 0.01806640625