0 0.7333984375 0.70361328125 0.009765625 0.025390625
0 0.802734375 0.95556640625 0.01171875 0.0224609375
0 0.87841796875 0.48876953125 0.01171875 0.015625
0 0.97607421875 0.3564453125 0.01171875 0.021484375
0 0.89599609375 0.939453125 0.013671875 0.0126953125
0 0.78466796875 0.69189453125 0.009765625 0.025390625
0 0.79345703125 0.60205078125 0.0126953125 0.021484375
0 0.8798828125 0.8662109375 0.0126953125 0.017578125
0 0.8359375 0.509765625 0.013671875 0.015625
0 0.951171875 0.9453125 0.013671875 0.015625
0 0.91796875 0.9296875 0.015625 0.013671875
0 0.90478515625 0.8984375 0.015625 0.0146484375
0 0.79833984375 0.765625 0.01171875 0.0234375
0 0.8984375 0.2841796875 0.0107421875 0.013671875
0 0.8115234375 0.56640625 0.0146484375 0.013671875
0 0.95703125 0.97119140625 0.017578125 0.013671875
0 0.974609375 0.572265625 0.01171875 0.021484375
0 0.78955078125 0.67138671875 0.0078125 0.01953125
0 0.9326171875 0.994140625 0.013671875 0.0107421875
0 0.90380859375 0.7626953125 0.013671875 0.0185546875
0 0.89794921875 0.80810546875 0.013671875 0.013671875
0 0.97021484375 0.681640625 0.009765625 0.01953125
0 0.96630859375 0.61474609375 0.013671875 0.015625
0 0.923828125 0.86181640625 0.013671875 0.013671875
0 0.87158203125 0.685546875 0.013671875 0.013671875
0 0.97314453125 0.708984375 0.01171875 0.01953125
0 0.9267578125 0.6962890625 0.013671875 0.015625
0 0.8876953125 0.73583984375 0.0146484375 0.013671875
0 0.92529296875 0.66845703125 0.0126953125 0.0185546875
0 0.9951171875 0.9638671875 0.009765625 0.013671875
0 0.89013671875 0.6455078125 0.0146484375 0.015625
0 0.98095703125 0.8330078125 0.015625 0.013671875
0 0.8603515625 0.66943359375 0.013671875 0.013671875
0 0.93798828125 0.7529296875 0.015625 0.015625
0 0.91552734375 0.7470703125 0.0146484375 0.0166015625
0 0.94580078125 0.9912109375 0.013671875 0.015625
0 0.93896484375 0.59765625 0.013671875 0.0146484375
0 0.98681640625 0.54345703125 0.013671875 0.01171875
0 0.95751953125 0.240234375 0.01171875 0.017578125
0 0.9638671875 0.765625 0.0146484375 0.0166015625
0 0.8955078125 0.69091796875 0.017578125 0.013671875
0 0.98828125 0.7919921875 0.015625 0.013671875
0 0.96826171875 0.73095703125 0.013671875 0.017578125
0 0.958984375 0.8134765625 0.015625 0.013671875
0 0.90869140625 0.66845703125 0.0107421875 0.01171875
0 0.9521484375 0.6064453125 0.013671875 0.015625
0 0.95556640625 0.7900390625 0.0126953125 0.015625
0 0.91064453125 0.85791015625 0.015625 0.015625
0 0.9833984375 0.76416015625 0.0166015625 0.0126953125
0 0.8896484375 0.66650390625 0.013671875 0.015625
0 0.87548828125 0.82470703125 0.01171875 0.017578125
0 0.91845703125 0.42919921875 0.01171875 0.01953125
0 0.96728515625 0.802734375 0.013671875 0.013671875
0 0.98974609375 0.44189453125 0.013671875 0.01953125
0 0.81591796875 0.0224609375 0.01171875 0.015625
0 0.98681640625 0.94677734375 0.01171875 0.0146484375
0 0.99462890625 0.81689453125 0.009765625 0.015625
0 0.99658203125 0.9375 0.0068359375 0.02734375
0 0.95703125 0.9951171875 0.013671875 0.009765625
0 0.90380859375 0.6708984375 0.0126953125 0.01953125
0 0.98486328125 0.966796875 0.0078125 0.0234375
0 0.96923828125 0.74365234375 0.0126953125 0.0185546875