0 0.56298828125 0.48388671875 0.0283203125 0.0283203125
0 0.7734375 0.234375 0.017578125 0.0322265625
0 0.490234375 0.3876953125 0.03125 0.0283203125
0 0.736328125 0.2763671875 0.021484375 0.01953125
0 0.70458984375 0.22314453125 0.021484375 0.0224609375
0 0.583984375 0.4697265625 0.0263671875 0.017578125
0 0.58544921875 0.45654296875 0.0234375 0.0166015625
0 0.69873046875 0.39306640625 0.0185546875 0.0185546875
0 0.7021484375 0.51611328125 0.0205078125 0.0302734375
0 0.86572265625 0.208984375 0.021484375 0.0185546875
0 0.74560546875 0.4775390625 0.017578125 0.021484375
0 0.7177734375 0.37158203125 0.021484375 0.0224609375
0 0.40087890625 0.2890625 0.0205078125 0.0224609375
0 0.67626953125 0.49560546875 0.0244140625 0.01953125
0 0.55712890625 0.42724609375 0.017578125 0.0263671875
0 0.591796875 0.44140625 0.0224609375 0.0205078125
0 0.8740234375 0.490234375 0.017578125 0.0224609375
0 0.888671875 0.48974609375 0.01953125 0.0234375
0 0.7080078125 0.478515625 0.017578125 0.0205078125
0 0.15283203125 0.00830078125 0.0146484375 0.0166015625
0 0.53271484375 0.02099609375 0.0166015625 0.03515625
0 0.705078125 0.20751953125 0.0166015625 0.0263671875
0 0.7666015625 0.01953125 0.021484375 0.0224609375
0 0.5146484375 0.05224609375 0.013671875 0.0263671875
0 0.408203125 0.0283203125 0.0224609375 0.0341796875
0 0.650390625 0.23828125 0.0205078125 0.0283203125