0 0.77978515625 0.509765625 0.0537109375 0.072265625
0 0.7958984375 0.33251953125 0.03759765625 0.05908203125
0 0.7177734375 0.94287109375 0.08935546875 0.1044921875
0 0.67578125 0.44189453125 0.0537109375 0.06396484375
0 0.7158203125 0.38232421875 0.0380859375 0.0712890625
0 0.1328125 0.68505859375 0.06005859375 0.08154296875
0 0.4697265625 0.2783203125 0.0478515625 0.052734375
0 0.92919921875 0.240234375 0.037109375 0.04638671875
0 0.4853515625 0.32275390625 0.05078125 0.056640625
0 0.61083984375 0.27099609375 0.0400390625 0.04931640625
0 0.888671875 0.15576171875 0.03564453125 0.03271484375
0 0.85009765625 0.79931640625 0.06494140625 0.1044921875
0 0.47412109375 0.419921875 0.0634765625 0.06494140625
0 0.3203125 0.29833984375 0.0419921875 0.0546875
0 0.06005859375 0.60302734375 0.044921875 0.08740234375
0 0.83984375 0.2236328125 0.0361328125 0.04150390625
0 0.10498046875 0.501953125 0.046875 0.08251953125
0 0.85791015625 0.318359375 0.02587890625 0.0517578125
0 0.79931640625 0.23046875 0.02978515625 0.0478515625
0 0.68408203125 0.1865234375 0.02734375 0.037109375
0 0.7578125 0.302734375 0.0400390625 0.0625
0 0.251953125 0.50244140625 0.04052734375 0.08837890625
0 0.72607421875 0.3427734375 0.041015625 0.05029296875
0 0.43310546875 0.3154296875 0.0556640625 0.05322265625
0 0.94189453125 0.09423828125 0.02685546875 0.02734375
0 0.96435546875 0.03662109375 0.0244140625 0.0341796875
0 0.64599609375 0.3876953125 0.03759765625 0.0615234375
0 0.35302734375 0.20751953125 0.03759765625 0.05078125
0 0.5859375 0.26220703125 0.03515625 0.04150390625
0 0.4658203125 0.3662109375 0.04296875 0.06103515625
0 0.802734375 0.166015625 0.02294921875 0.03759765625
0 0.20849609375 0.4228515625 0.0341796875 0.07275390625
0 0.48486328125 0.26025390625 0.05126953125 0.04296875
0 0.77734375 0.16943359375 0.03125 0.0361328125
0 0.013671875 0.451171875 0.02734375 0.0703125
0 0.92724609375 0.01806640625 0.02099609375 0.02734375
0 0.74267578125 0.16650390625 0.0322265625 0.0478515625
0 0.98779296875 0.03955078125 0.0244140625 0.037109375
0 0.83056640625 0.291015625 0.04150390625 0.02734375
0 0.32470703125 0.2626953125 0.01904296875 0.02783203125
0 0.9833984375 0.07080078125 0.02978515625 0.02685546875
0 0.9833984375 0.013671875 0.01953125 0.02685546875
0 0.0146484375 0.97021484375 0.029296875 0.05810546875
0 0.8447265625 0.00537109375 0.01953125 0.0107421875
0 0.47216796875 0.25048828125 0.025390625 0.025390625
0 0.9140625 0.0078125 0.0166015625 0.01513671875
0 0.99609375 0.0078125 0.0078125 0.01416015625
0 0.453125 0.275390625 0.0146484375 0.01953125
0 0.9111328125 0.171875 0.03955078125 0.04443359375
0 0.98828125 0.1171875 0.0234375 0.0478515625