0 0.361328125 0.43017578125 0.0400390625 0.0439453125
0 0.1494140625 0.6865234375 0.048828125 0.0419921875
0 0.298828125 0.53466796875 0.0390625 0.0537109375
0 0.22314453125 0.61865234375 0.0576171875 0.0693359375
0 0.41796875 0.47412109375 0.0263671875 0.0400390625
0 0.423828125 0.6884765625 0.0634765625 0.0625
0 0.208984375 0.36669921875 0.0341796875 0.0419921875
0 0.56787109375 0.51953125 0.0322265625 0.044921875
0 0.55712890625 0.578125 0.0322265625 0.0263671875
0 0.2919921875 0.39111328125 0.0302734375 0.0341796875
0 0.080078125 0.6845703125 0.05078125 0.046875
0 0.45166015625 0.43701171875 0.0458984375 0.046875
0 0.1669921875 0.41015625 0.0390625 0.044921875
0 0.14501953125 0.56396484375 0.03515625 0.0615234375
0 0.220703125 0.93115234375 0.08203125 0.0712890625
0 0.0810546875 0.88916015625 0.0849609375 0.0986328125
0 0.09375 0.255859375 0.0302734375 0.03125
0 0.14697265625 0.91455078125 0.095703125 0.08203125
0 0.1220703125 0.3017578125 0.02734375 0.0283203125
0 0.15478515625 0.2392578125 0.0263671875 0.025390625
0 0.005859375 0.61474609375 0.01171875 0.0361328125
0 0.21533203125 0.17626953125 0.017578125 0.01953125
0 0.0986328125 0.44677734375 0.0390625 0.041015625
0 0.39013671875 0.5908203125 0.052734375 0.0380859375
0 0.0419921875 0.2861328125 0.0302734375 0.0322265625
0 0.279296875 0.2353515625 0.0146484375 0.0263671875
0 0.056640625 0.458984375 0.0546875 0.0546875
0 0.189453125 0.2412109375 0.0263671875 0.025390625
0 0.14599609375 0.78173828125 0.0859375 0.0859375
0 0.154296875 0.42529296875 0.0400390625 0.0439453125
0 0.0693359375 0.47802734375 0.0556640625 0.0615234375
0 0.10205078125 0.1953125 0.025390625 0.0234375
0 0.103515625 0.1298828125 0.021484375 0.0234375
0 0.2783203125 0.58544921875 0.064453125 0.06640625
0 0.20849609375 0.77685546875 0.06640625 0.0771484375
0 0.1044921875 0.15380859375 0.0234375 0.0224609375
0 0.19580078125 0.220703125 0.0283203125 0.0224609375
0 0.08984375 0.82470703125 0.0615234375 0.0498046875
0 0.0185546875 0.7333984375 0.037109375 0.087890625
0 0.3134765625 0.17578125 0.01953125 0.0224609375
0 0.03515625 0.2607421875 0.01171875 0.03125
0 0.1572265625 0.130859375 0.0283203125 0.025390625
0 0.38037109375 0.64208984375 0.0419921875 0.0400390625
0 0.05859375 0.1865234375 0.033203125 0.02734375
0 0.29736328125 0.17529296875 0.01953125 0.021484375
0 0.29833984375 0.5927734375 0.0244140625 0.044921875