0 0.46728515625 0.5322265625 0.0390625 0.05078125
0 0.111328125 0.7216796875 0.037109375 0.05859375
0 0.44482421875 0.15283203125 0.03515625 0.0478515625
0 0.2880859375 0.7373046875 0.0224609375 0.064453125
0 0.8154296875 0.568359375 0.0419921875 0.044921875
0 0.1015625 0.6513671875 0.0361328125 0.037109375
0 0.509765625 0.2421875 0.03515625 0.0546875
0 0.1962890625 0.4375 0.0361328125 0.0830078125
0 0.59716796875 0.47607421875 0.02734375 0.0703125
0 0.0185546875 0.70263671875 0.0205078125 0.05859375
0 0.431640625 0.64013671875 0.0234375 0.0517578125
0 0.29150390625 0.28369140625 0.0234375 0.0712890625
0 0.357421875 0.8642578125 0.0224609375 0.0625
0 0.50146484375 0.8427734375 0.0458984375 0.0576171875
0 0.14453125 0.720703125 0.0263671875 0.0625
0 0.73828125 0.6728515625 0.0361328125 0.0419921875
0 0.708984375 0.7060546875 0.0302734375 0.0634765625
0 0.4658203125 0.208984375 0.041015625 0.0419921875
0 0.009765625 0.61474609375 0.01953125 0.0361328125
0 0.787109375 0.95654296875 0.0380859375 0.048828125
0 0.51318359375 0.29052734375 0.033203125 0.0400390625
0 0.6689453125 0.8857421875 0.0322265625 0.0537109375
0 0.03662109375 0.93994140625 0.0390625 0.0458984375
0 0.43603515625 0.294921875 0.0341796875 0.044921875
0 0.078125 0.42919921875 0.021484375 0.0732421875
0 0.64794921875 0.69921875 0.025390625 0.0634765625
0 0.47265625 0.68798828125 0.0283203125 0.0576171875
0 0.6943359375 0.4306640625 0.03515625 0.064453125
0 0.41259765625 0.7373046875 0.02734375 0.0595703125
0 0.638671875 0.84814453125 0.041015625 0.0546875
0 0.6552734375 0.130859375 0.0458984375 0.0732421875
0 0.2666015625 0.77783203125 0.0234375 0.060546875
0 0.5927734375 0.85595703125 0.0361328125 0.0673828125
0 0.7607421875 0.93310546875 0.037109375 0.052734375
0 0.693359375 0.96044921875 0.0244140625 0.0556640625
0 0.798828125 0.6484375 0.03515625 0.0498046875
0 0.2314453125 0.6982421875 0.0263671875 0.048828125
0 0.7158203125 0.626953125 0.033203125 0.0546875
0 0.81787109375 0.4296875 0.0341796875 0.0654296875
0 0.7998046875 0.70751953125 0.037109375 0.0458984375
0 0.357421875 0.88525390625 0.05078125 0.0703125
0 0.62109375 0.76611328125 0.037109375 0.0546875
0 0.75244140625 0.9794921875 0.0361328125 0.041015625
0 0.09228515625 0.85302734375 0.0341796875 0.03125
0 0.6787109375 0.58984375 0.0390625 0.04296875
0 0.10302734375 0.685546875 0.037109375 0.03125