0 0.5048828125 0.78662109375 0.01904296875 0.0390625
0 0.4375 0.7587890625 0.01220703125 0.03271484375
0 0.81689453125 0.8271484375 0.01513671875 0.037109375
0 0.80224609375 0.70166015625 0.0126953125 0.0263671875
0 0.3828125 0.86669921875 0.015625 0.03857421875
0 0.482421875 0.79541015625 0.01123046875 0.03369140625
0 0.771484375 0.70654296875 0.0107421875 0.029296875
0 0.55517578125 0.7109375 0.01708984375 0.02734375
0 0.80712890625 0.75927734375 0.0126953125 0.0341796875
0 0.90185546875 0.66748046875 0.01220703125 0.02294921875
0 0.884765625 0.68896484375 0.01416015625 0.02685546875
0 0.9169921875 0.70849609375 0.01123046875 0.03369140625
0 0.7333984375 0.724609375 0.01416015625 0.03271484375
0 0.5107421875 0.71826171875 0.0166015625 0.02783203125
0 0.599609375 0.8505859375 0.01513671875 0.03955078125
0 0.92431640625 0.73828125 0.0126953125 0.029296875
0 0.5625 0.734375 0.01513671875 0.03125
0 0.75537109375 0.86865234375 0.01220703125 0.0390625
0 0.65087890625 0.88818359375 0.015625 0.04248046875
0 0.8515625 0.798828125 0.01171875 0.0341796875
0 0.66064453125 0.74365234375 0.0087890625 0.02490234375
0 0.7587890625 0.77880859375 0.015625 0.03564453125
0 0.61181640625 0.6982421875 0.00830078125 0.0283203125
0 0.6826171875 0.8330078125 0.02099609375 0.03662109375
0 0.6357421875 0.85888671875 0.0185546875 0.04150390625
0 0.72265625 0.88134765625 0.0185546875 0.0419921875
0 0.685546875 0.8798828125 0.0166015625 0.0458984375
0 0.30126953125 0.794921875 0.01904296875 0.02587890625
0 0.3447265625 0.87744140625 0.01806640625 0.02978515625
0 0.37841796875 0.9306640625 0.02392578125 0.0537109375
0 0.939453125 0.74853515625 0.0205078125 0.03466796875
0 0.50634765625 0.8857421875 0.01708984375 0.04443359375
0 0.7998046875 0.845703125 0.02001953125 0.0419921875
0 0.44091796875 0.916015625 0.02783203125 0.025390625
0 0.26123046875 0.91064453125 0.01513671875 0.05029296875
0 0.95068359375 0.8212890625 0.01123046875 0.04248046875
0 0.4775390625 0.9130859375 0.013671875 0.04931640625
0 0.4677734375 0.896484375 0.02685546875 0.0244140625
0 0.98095703125 0.916015625 0.0234375 0.04833984375
0 0.2978515625 0.814453125 0.0244140625 0.0380859375
0 0.08837890625 0.970703125 0.02685546875 0.04931640625
0 0.662109375 0.97412109375 0.01904296875 0.05029296875
0 0.14501953125 0.857421875 0.025390625 0.04541015625
0 0.158203125 0.87109375 0.0244140625 0.03955078125
0 0.9208984375 0.96533203125 0.01416015625 0.05810546875
0 0.22802734375 0.783203125 0.01513671875 0.01708984375
0 0.53125 0.95751953125 0.01953125 0.0302734375
0 0.5 0.93212890625 0.0283203125 0.02392578125
0 0.96533203125 0.81396484375 0.0185546875 0.0234375
0 0.44287109375 0.8701171875 0.03125 0.0458984375
0 0.1884765625 0.966796875 0.01708984375 0.0517578125
0 0.94482421875 0.98974609375 0.015625 0.01953125
0 0.63330078125 0.98193359375 0.0185546875 0.0322265625
0 0.9892578125 0.97314453125 0.021484375 0.05126953125
0 0.69921875 0.98876953125 0.02001953125 0.0224609375
0 0.35302734375 0.990234375 0.02783203125 0.01953125
0 0.40625 0.98974609375 0.04248046875 0.02001953125
0 0.00732421875 0.87939453125 0.0146484375 0.02587890625
0 0.15869140625 0.98095703125 0.03271484375 0.0244140625
0 0.99560546875 0.87841796875 0.0087890625 0.025390625
0 0.33056640625 0.91845703125 0.01416015625 0.046875
0 0.478515625 0.99365234375 0.02734375 0.0126953125
0 0.68359375 0.9912109375 0.01806640625 0.01611328125
0 0.130859375 0.85107421875 0.0146484375 0.02587890625
0 0.990234375 0.56005859375 0.0126953125 0.0185546875
0 0.1513671875 0.84375 0.01318359375 0.01611328125