0 0.7705078125 0.3544921875 0.02099609375 0.05859375
0 0.73193359375 0.3505859375 0.0458984375 0.06640625
0 0.75048828125 0.26806640625 0.02490234375 0.02978515625
0 0.7529296875 0.2421875 0.03173828125 0.03955078125
0 0.7890625 0.326171875 0.04931640625 0.06396484375
0 0.72509765625 0.21484375 0.029296875 0.0380859375
0 0.86865234375 0.244140625 0.03515625 0.04345703125
0 0.9130859375 0.1865234375 0.02978515625 0.0380859375
0 0.98046875 0.255859375 0.03564453125 0.04638671875
0 0.81005859375 0.203125 0.0400390625 0.04052734375
0 0.611328125 0.4013671875 0.052734375 0.05712890625
0 0.89599609375 0.185546875 0.013671875 0.0341796875