0 0.54541015625 0.74853515625 0.0234375 0.0234375
0 0.93359375 0.6611328125 0.0205078125 0.033203125
0 0.4296875 0.90576171875 0.0322265625 0.048828125
0 0.63818359375 0.90869140625 0.0146484375 0.0302734375
0 0.73095703125 0.80859375 0.017578125 0.029296875
0 0.65625 0.94091796875 0.015625 0.029296875
0 0.8408203125 0.8515625 0.0107421875 0.0283203125
0 0.71337890625 0.87158203125 0.0146484375 0.033203125
0 0.93603515625 0.90576171875 0.013671875 0.0322265625
0 0.66357421875 0.833984375 0.017578125 0.0283203125
0 0.80615234375 0.85595703125 0.0185546875 0.0302734375
0 0.8671875 0.85205078125 0.021484375 0.02734375
0 0.6865234375 0.8212890625 0.0146484375 0.0283203125
0 0.85986328125 0.93603515625 0.0146484375 0.02734375
0 0.93408203125 0.796875 0.015625 0.0224609375
0 0.6396484375 0.8046875 0.0185546875 0.03125
0 0.3564453125 0.9755859375 0.017578125 0.0302734375
0 0.80712890625 0.79931640625 0.0166015625 0.0283203125
0 0.8193359375 0.9013671875 0.0166015625 0.0302734375
0 0.9150390625 0.82666015625 0.0224609375 0.0224609375
0 0.734375 0.744140625 0.0205078125 0.01953125
0 0.9111328125 0.81298828125 0.021484375 0.0283203125
0 0.9306640625 0.92333984375 0.0234375 0.0302734375
0 0.833984375 0.927734375 0.0205078125 0.0322265625
0 0.32421875 0.99072265625 0.015625 0.0185546875
0 0.84130859375 0.89208984375 0.0166015625 0.03125
0 0.89794921875 0.90966796875 0.01171875 0.029296875
0 0.8798828125 0.85693359375 0.0126953125 0.0302734375
0 0.3369140625 0.87646484375 0.0234375 0.0390625
0 0.8740234375 0.9365234375 0.0107421875 0.0205078125
0 0.951171875 0.92431640625 0.01171875 0.021484375
0 0.93017578125 0.8212890625 0.0166015625 0.029296875
0 0.9677734375 0.92578125 0.009765625 0.013671875
0 0.96728515625 0.8984375 0.0126953125 0.03125
0 0.73583984375 0.728515625 0.0166015625 0.025390625