0 0.14794921875 0.10546875 0.02880859375 0.04736328125
0 0.123046875 0.09521484375 0.0302734375 0.0419921875
0 0.02685546875 0.10546875 0.03076171875 0.03759765625
0 0.2197265625 0.26171875 0.025390625 0.05712890625
0 0.1630859375 0.166015625 0.02294921875 0.046875
0 0.146484375 0.23828125 0.0400390625 0.0439453125
0 0.0625 0.375 0.03173828125 0.06787109375
0 0.09228515625 0.04541015625 0.0224609375 0.0361328125
0 0.0751953125 0.15234375 0.0263671875 0.0478515625
0 0.158203125 0.0615234375 0.015625 0.0244140625
0 0.021484375 0.04443359375 0.0283203125 0.021484375
0 0.25537109375 0.3291015625 0.0234375 0.06298828125
0 0.14404296875 0.01123046875 0.0126953125 0.0224609375
0 0.0400390625 0.2431640625 0.015625 0.044921875