0 0.44580078125 0.04443359375 0.0166015625 0.0263671875
0 0.3876953125 0.0986328125 0.0166015625 0.021484375
0 0.55712890625 0.13623046875 0.013671875 0.01171875
0 0.43115234375 0.0478515625 0.013671875 0.017578125
0 0.521484375 0.34423828125 0.017578125 0.0263671875
0 0.36474609375 0.22509765625 0.015625 0.017578125
0 0.79345703125 0.30517578125 0.015625 0.01953125
0 0.85107421875 0.078125 0.0126953125 0.025390625
0 0.703125 0.287109375 0.015625 0.021484375
0 0.68359375 0.15185546875 0.0146484375 0.021484375
0 0.8349609375 0.0126953125 0.0185546875 0.021484375
0 0.61083984375 0.30224609375 0.015625 0.0166015625
0 0.63232421875 0.2529296875 0.0166015625 0.0146484375
0 0.580078125 0.1416015625 0.0146484375 0.0185546875
0 0.61279296875 0.2041015625 0.0146484375 0.0166015625
0 0.56103515625 0.31591796875 0.01171875 0.0185546875
0 0.69189453125 0.029296875 0.01171875 0.01953125
0 0.5986328125 0.36376953125 0.0166015625 0.02734375
0 0.6044921875 0.33251953125 0.017578125 0.0166015625
0 0.66943359375 0.20654296875 0.0146484375 0.0166015625
0 0.64111328125 0.0166015625 0.0146484375 0.017578125
0 0.62548828125 0.3232421875 0.013671875 0.01953125
0 0.47998046875 0.01904296875 0.015625 0.017578125
0 0.630859375 0.00634765625 0.015625 0.0126953125
0 0.62548828125 0.2626953125 0.013671875 0.0146484375
0 0.7197265625 0.333984375 0.017578125 0.0224609375
0 0.5869140625 0.15380859375 0.01953125 0.0224609375
0 0.6279296875 0.33447265625 0.0185546875 0.015625