0 0.64453125 0.82373046875 0.044921875 0.111328125
0 0.48388671875 0.1455078125 0.0458984375 0.091796875
0 0.3330078125 0.1064453125 0.0419921875 0.064453125
0 0.50341796875 0.0703125 0.05078125 0.0712890625
0 0.24365234375 0.17529296875 0.037109375 0.0859375
0 0.20556640625 0.29736328125 0.0390625 0.083984375
0 0.61669921875 0.5009765625 0.05078125 0.072265625
0 0.2109375 0.158203125 0.0419921875 0.080078125
0 0.3876953125 0.416015625 0.0400390625 0.06640625
0 0.68798828125 0.82275390625 0.0576171875 0.11328125
0 0.5537109375 0.46875 0.048828125 0.0966796875
0 0.412109375 0.71337890625 0.0517578125 0.0966796875
0 0.09326171875 0.26416015625 0.0439453125 0.07421875
0 0.16943359375 0.76904296875 0.0537109375 0.1220703125
0 0.42724609375 0.390625 0.03515625 0.0751953125
0 0.671875 0.45654296875 0.046875 0.1044921875
0 0.47216796875 0.0166015625 0.0439453125 0.033203125
0 0.5009765625 0.5615234375 0.0419921875 0.09375
0 0.36767578125 0.095703125 0.0478515625 0.060546875
0 0.3291015625 0.759765625 0.0537109375 0.0986328125
0 0.1533203125 0.2822265625 0.044921875 0.08984375
0 0.2314453125 0.89794921875 0.0498046875 0.12109375
0 0.384765625 0.958984375 0.05078125 0.08203125
0 0.9453125 0.83544921875 0.0625 0.1005859375
0 0.1201171875 0.14990234375 0.037109375 0.0849609375
0 0.1953125 0.07763671875 0.0322265625 0.05078125
0 0.0185546875 0.1220703125 0.03515625 0.060546875
0 0.0556640625 0.3330078125 0.037109375 0.08203125
0 0.623046875 0.93310546875 0.048828125 0.10546875
0 0.26416015625 0.71435546875 0.0400390625 0.0908203125
0 0.41748046875 0.06591796875 0.0380859375 0.0576171875
0 0.3984375 0.07421875 0.0341796875 0.060546875
0 0.46630859375 0.04052734375 0.041015625 0.0576171875
0 0.14697265625 0.1904296875 0.0478515625 0.0703125
0 0.3125 0.70751953125 0.056640625 0.1044921875
0 0.34326171875 0.94775390625 0.0673828125 0.1044921875