0 0.380859375 0.81005859375 0.01953125 0.0322265625
0 0.19677734375 0.76220703125 0.0205078125 0.0244140625
0 0.12353515625 0.7763671875 0.0224609375 0.0283203125
0 0.3212890625 0.77392578125 0.0234375 0.037109375
0 0.130859375 0.81884765625 0.0263671875 0.0400390625
0 0.8857421875 0.8369140625 0.01953125 0.0361328125
0 0.15380859375 0.9541015625 0.0205078125 0.041015625
0 0.9033203125 0.7314453125 0.017578125 0.0361328125
0 0.130859375 0.9345703125 0.0234375 0.0361328125
0 0.419921875 0.88525390625 0.0205078125 0.0361328125
0 0.1279296875 0.80029296875 0.0234375 0.029296875
0 0.49951171875 0.97216796875 0.0244140625 0.0322265625
0 0.19140625 0.97021484375 0.0224609375 0.0322265625
0 0.2607421875 0.9921875 0.01953125 0.015625
0 0.25146484375 0.9453125 0.0234375 0.041015625
0 0.1005859375 0.9462890625 0.0234375 0.0361328125
0 0.23486328125 0.912109375 0.01953125 0.0322265625
0 0.2802734375 0.9912109375 0.0234375 0.017578125
0 0.1171875 0.98974609375 0.015625 0.0205078125
0 0.841796875 0.71630859375 0.01953125 0.0361328125
0 0.28759765625 0.9248046875 0.021484375 0.041015625
0 0.2109375 0.99365234375 0.0234375 0.0126953125
0 0.20703125 0.953125 0.021484375 0.037109375
0 0.27197265625 0.95458984375 0.02734375 0.0478515625
0 0.251953125 0.88232421875 0.0185546875 0.02734375
0 0.0947265625 0.94775390625 0.015625 0.033203125
0 0.2705078125 0.9267578125 0.0224609375 0.037109375
0 0.64404296875 0.86669921875 0.015625 0.0205078125