0 0.51806640625 0.97119140625 0.03662109375 0.04833984375
0 0.9052734375 0.6494140625 0.0244140625 0.025390625
0 0.9296875 0.9755859375 0.03515625 0.04736328125
0 0.95703125 0.80419921875 0.0283203125 0.0322265625
0 0.70361328125 0.873046875 0.0361328125 0.0400390625
0 0.9091796875 0.72705078125 0.0283203125 0.0302734375
0 0.8955078125 0.7021484375 0.02294921875 0.02490234375
0 0.6923828125 0.677734375 0.02197265625 0.02734375
0 0.62060546875 0.7978515625 0.021484375 0.02734375
0 0.69580078125 0.853515625 0.02001953125 0.03369140625
0 0.7939453125 0.919921875 0.0380859375 0.04931640625
0 0.92626953125 0.65234375 0.01123046875 0.0224609375
0 0.96044921875 0.66650390625 0.01904296875 0.0244140625
0 0.47119140625 0.9833984375 0.0361328125 0.033203125
0 0.94970703125 0.72314453125 0.01513671875 0.0283203125
0 0.9619140625 0.6962890625 0.0234375 0.02734375
0 0.73388671875 0.78466796875 0.01806640625 0.03076171875
0 0.923828125 0.69677734375 0.01708984375 0.0224609375
0 0.67041015625 0.71728515625 0.02685546875 0.02734375
0 0.86669921875 0.640625 0.01708984375 0.01904296875
0 0.3017578125 0.8828125 0.01904296875 0.03173828125
0 0.95458984375 0.6328125 0.01806640625 0.02294921875
0 0.39013671875 0.87060546875 0.0341796875 0.0419921875
0 0.79150390625 0.68212890625 0.01171875 0.01513671875
0 0.35546875 0.82177734375 0.0126953125 0.0361328125
0 0.5166015625 0.724609375 0.01318359375 0.02197265625
0 0.64794921875 0.7841796875 0.0146484375 0.017578125
0 0.67626953125 0.78564453125 0.02001953125 0.02392578125
0 0.87060546875 0.8544921875 0.02001953125 0.03662109375
0 0.49267578125 0.81982421875 0.021484375 0.01904296875
0 0.70458984375 0.7958984375 0.0263671875 0.02490234375
0 0.9453125 0.658203125 0.01708984375 0.0224609375
0 0.99609375 0.755859375 0.0078125 0.029296875
0 0.62744140625 0.669921875 0.0224609375 0.0234375
0 0.7236328125 0.66015625 0.0224609375 0.021484375
0 0.431640625 0.70068359375 0.0166015625 0.0234375
0 0.72119140625 0.6455078125 0.0146484375 0.013671875
0 0.7705078125 0.68701171875 0.0166015625 0.01025390625
0 0.482421875 0.80908203125 0.0244140625 0.02001953125
0 0.9921875 0.9833984375 0.015625 0.0302734375
0 0.78125 0.93310546875 0.0166015625 0.02490234375
0 0.7392578125 0.64208984375 0.015625 0.01611328125
0 0.89990234375 0.72314453125 0.0107421875 0.02685546875
0 0.9521484375 0.99462890625 0.03515625 0.0107421875
0 0.66064453125 0.716796875 0.00927734375 0.0234375
0 0.68115234375 0.64111328125 0.0166015625 0.0166015625
0 0.44287109375 0.69921875 0.0185546875 0.0244140625
0 0.45947265625 0.98876953125 0.0146484375 0.0224609375