0 0.66162109375 0.67333984375 0.0205078125 0.02587890625
0 0.26123046875 0.759765625 0.03564453125 0.03662109375
0 0.216796875 0.81298828125 0.0439453125 0.04248046875
0 0.48876953125 0.70849609375 0.02685546875 0.0283203125
0 0.72705078125 0.7392578125 0.021484375 0.037109375
0 0.68408203125 0.67724609375 0.025390625 0.0322265625
0 0.07568359375 0.9228515625 0.0537109375 0.05615234375
0 0.86328125 0.744140625 0.04248046875 0.04833984375
0 0.76123046875 0.77099609375 0.03955078125 0.0458984375
0 0.95458984375 0.65771484375 0.02294921875 0.033203125
0 0.51513671875 0.703125 0.02001953125 0.02880859375
0 0.71875 0.7900390625 0.03564453125 0.04833984375
0 0.45458984375 0.7314453125 0.02197265625 0.02001953125
0 0.7080078125 0.677734375 0.033203125 0.033203125
0 0.62548828125 0.75244140625 0.03515625 0.037109375
0 0.3359375 0.7451171875 0.0322265625 0.03515625
0 0.904296875 0.6240234375 0.01318359375 0.02392578125
0 0.1220703125 0.791015625 0.01708984375 0.041015625
0 0.84033203125 0.7099609375 0.0166015625 0.0361328125
0 0.9814453125 0.65771484375 0.02734375 0.033203125
0 0.8447265625 0.64794921875 0.0263671875 0.03076171875
0 0.986328125 0.611328125 0.01025390625 0.0205078125
0 0.01513671875 0.96533203125 0.02978515625 0.0595703125
0 0.8486328125 0.744140625 0.009765625 0.04443359375
0 0.4619140625 0.7109375 0.0283203125 0.0302734375
0 0.66748046875 0.6875 0.025390625 0.0302734375