0 0.78564453125 0.29150390625 0.01513671875 0.01513671875
0 0.21044921875 0.07080078125 0.01806640625 0.01318359375
0 0.177734375 0.298828125 0.01611328125 0.0126953125
0 0.25634765625 0.275390625 0.015625 0.0126953125
0 0.97314453125 0.228515625 0.0146484375 0.01806640625
0 0.65576171875 0.10546875 0.0087890625 0.0126953125
0 0.57958984375 0.84765625 0.01611328125 0.01953125
0 0.7783203125 0.29052734375 0.0087890625 0.0126953125
0 0.01953125 0.6728515625 0.021484375 0.021484375
0 0.57470703125 0.84033203125 0.00830078125 0.0126953125
0 0.01318359375 0.66748046875 0.01220703125 0.01806640625