0 0.87890625 0.54248046875 0.0400390625 0.0556640625
0 0.90283203125 0.86083984375 0.0419921875 0.05078125
0 0.88916015625 0.802734375 0.0419921875 0.05859375
0 0.84521484375 0.9375 0.033203125 0.0595703125
0 0.93603515625 0.82177734375 0.0439453125 0.052734375
0 0.865234375 0.42724609375 0.0390625 0.0576171875
0 0.98291015625 0.34326171875 0.03125 0.060546875
0 0.78125 0.962890625 0.0458984375 0.0625
0 0.8955078125 0.98388671875 0.01953125 0.0322265625
0 0.921875 0.57275390625 0.044921875 0.04296875
0 0.90087890625 0.70556640625 0.0400390625 0.0576171875
0 0.9365234375 0.91357421875 0.013671875 0.0419921875
0 0.984375 0.32861328125 0.03125 0.0986328125