0 0.775390625 0.42333984375 0.02197265625 0.02783203125
0 0.88818359375 0.67822265625 0.04443359375 0.0458984375
0 0.8046875 0.4677734375 0.02197265625 0.03125
0 0.4609375 0.75537109375 0.03857421875 0.04052734375
0 0.5087890625 0.775390625 0.04736328125 0.046875
0 0.3095703125 0.75634765625 0.0537109375 0.02783203125
0 0.73291015625 0.54052734375 0.0283203125 0.04248046875
0 0.7685546875 0.8251953125 0.0478515625 0.0419921875
0 0.12744140625 0.966796875 0.05224609375 0.06591796875
0 0.353515625 0.68310546875 0.04052734375 0.04052734375
0 0.1455078125 0.69482421875 0.03857421875 0.0439453125
0 0.8408203125 0.453125 0.02490234375 0.0322265625
0 0.75439453125 0.8994140625 0.06005859375 0.06640625
0 0.76171875 0.6328125 0.037109375 0.041015625
0 0.62890625 0.88525390625 0.0546875 0.068359375
0 0.8330078125 0.662109375 0.03759765625 0.04052734375
0 0.720703125 0.76171875 0.02392578125 0.05126953125
0 0.03662109375 0.58154296875 0.0283203125 0.03662109375
0 0.29150390625 0.728515625 0.04345703125 0.046875
0 0.73828125 0.486328125 0.02978515625 0.03466796875
0 0.392578125 0.61279296875 0.0390625 0.0390625
0 0.8369140625 0.74853515625 0.0478515625 0.0576171875
0 0.72216796875 0.353515625 0.01953125 0.0234375
0 0.525390625 0.73583984375 0.044921875 0.0556640625
0 0.5771484375 0.46044921875 0.0244140625 0.02490234375
0 0.083984375 0.7763671875 0.03955078125 0.0537109375
0 0.296875 0.580078125 0.0390625 0.0390625
0 0.06005859375 0.888671875 0.0361328125 0.04345703125
0 0.68896484375 0.5556640625 0.01611328125 0.03564453125
0 0.6162109375 0.49658203125 0.017578125 0.02978515625
0 0.8232421875 0.85888671875 0.05517578125 0.0703125
0 0.98388671875 0.51513671875 0.02880859375 0.0302734375
0 0.6845703125 0.416015625 0.021484375 0.01708984375
0 0.72412109375 0.404296875 0.02392578125 0.02734375
0 0.21875 0.56494140625 0.01953125 0.03173828125
0 0.16650390625 0.4912109375 0.02734375 0.02685546875
0 0.783203125 0.732421875 0.0400390625 0.06005859375
0 0.06298828125 0.50927734375 0.02587890625 0.02587890625
0 0.05224609375 0.4365234375 0.02490234375 0.02001953125
0 0.146484375 0.775390625 0.0478515625 0.06103515625
0 0.8408203125 0.71728515625 0.04248046875 0.04296875
0 0.10009765625 0.67919921875 0.02734375 0.04638671875
0 0.4384765625 0.46923828125 0.02734375 0.0302734375
0 0.11962890625 0.796875 0.0390625 0.04833984375
0 0.0703125 0.54736328125 0.01513671875 0.03369140625
0 0.55322265625 0.3837890625 0.0234375 0.0263671875
0 0.07421875 0.712890625 0.02978515625 0.04052734375
0 0.84423828125 0.68212890625 0.03662109375 0.0380859375
0 0.4833984375 0.66259765625 0.0263671875 0.041015625
0 0.62451171875 0.3955078125 0.017578125 0.01416015625
0 0.5888671875 0.35205078125 0.015625 0.01708984375
0 0.74560546875 0.37939453125 0.02392578125 0.02490234375
0 0.3515625 0.39306640625 0.01123046875 0.01611328125
0 0.9921875 0.54248046875 0.015625 0.04345703125
0 0.4736328125 0.34765625 0.01611328125 0.01953125
0 0.18896484375 0.498046875 0.03271484375 0.02490234375
0 0.48486328125 0.40625 0.02099609375 0.025390625
0 0.37109375 0.546875 0.0576171875 0.052734375
0 0.3515625 0.53271484375 0.0263671875 0.0361328125
0 0.6533203125 0.38916015625 0.01904296875 0.01953125
0 0.201171875 0.423828125 0.029296875 0.01806640625
0 0.29345703125 0.3837890625 0.01904296875 0.0244140625
0 0.6591796875 0.40478515625 0.01318359375 0.02685546875
0 0.35595703125 0.51220703125 0.02099609375 0.02880859375
0 0.61962890625 0.36328125 0.0146484375 0.02197265625
0 0.5673828125 0.392578125 0.01513671875 0.021484375
0 0.19384765625 0.375 0.01611328125 0.0224609375
0 0.33154296875 0.9853515625 0.06494140625 0.02734375
0 0.54931640625 0.45849609375 0.025390625 0.0302734375
0 0.75634765625 0.3984375 0.02099609375 0.029296875
0 0.55224609375 0.341796875 0.0126953125 0.0224609375
0 0.55126953125 0.43408203125 0.0205078125 0.02587890625
0 0.3271484375 0.37109375 0.0244140625 0.02099609375
0 0.44189453125 0.43212890625 0.02783203125 0.02978515625
0 0.41943359375 0.447265625 0.01953125 0.02978515625
0 0.4150390625 0.4140625 0.02001953125 0.0244140625
0 0.40185546875 0.4287109375 0.0146484375 0.02587890625
0 0.0908203125 0.49853515625 0.02099609375 0.02978515625
0 0.4443359375 0.40771484375 0.01953125 0.0234375
0 0.4921875 0.357421875 0.01171875 0.02197265625
0 0.3251953125 0.39697265625 0.01708984375 0.01123046875
0 0.51708984375 0.3681640625 0.033203125 0.04052734375
0 0.013671875 0.41455078125 0.0205078125 0.025390625
0 0.32763671875 0.357421875 0.0224609375 0.01708984375
0 0.73876953125 0.388671875 0.01416015625 0.01611328125
0 0.296875 0.36376953125 0.0068359375 0.0166015625
0 0.99609375 0.64111328125 0.00732421875 0.04052734375
0 0.10498046875 0.49658203125 0.013671875 0.0234375
0 0.51123046875 0.35791015625 0.01806640625 0.01904296875
0 0.97412109375 0.98291015625 0.05126953125 0.03369140625
0 0.55908203125 0.3759765625 0.01318359375 0.01220703125
0 0.498046875 0.365234375 0.01416015625 0.01416015625
0 0.130859375 0.69482421875 0.013671875 0.0400390625