0 0.12109375 0.7939453125 0.0263671875 0.0283203125
0 0.3935546875 0.78662109375 0.0341796875 0.0390625
0 0.095703125 0.751953125 0.0302734375 0.02734375
0 0.8505859375 0.82568359375 0.0302734375 0.0263671875
0 0.92919921875 0.4892578125 0.0224609375 0.0263671875
0 0.4853515625 0.9775390625 0.04296875 0.044921875
0 0.4287109375 0.70068359375 0.0302734375 0.033203125
0 0.58447265625 0.66748046875 0.0205078125 0.02734375
0 0.76220703125 0.80517578125 0.0322265625 0.0419921875
0 0.4833984375 0.5810546875 0.0234375 0.025390625
0 0.6591796875 0.71435546875 0.0234375 0.03515625
0 0.5322265625 0.7998046875 0.0390625 0.0419921875
0 0.6796875 0.8515625 0.025390625 0.044921875
0 0.65380859375 0.78564453125 0.0322265625 0.04296875
0 0.14306640625 0.751953125 0.029296875 0.037109375
0 0.802734375 0.9130859375 0.02734375 0.044921875
0 0.33203125 0.7451171875 0.0322265625 0.03125
0 0.326171875 0.58740234375 0.025390625 0.02734375
0 0.65576171875 0.59326171875 0.025390625 0.02734375
0 0.62158203125 0.69775390625 0.0263671875 0.037109375
0 0.5615234375 0.54833984375 0.017578125 0.021484375
0 0.9912109375 0.458984375 0.017578125 0.025390625
0 0.6787109375 0.67431640625 0.0224609375 0.0322265625
0 0.3037109375 0.57763671875 0.0234375 0.0224609375
0 0.63134765625 0.93310546875 0.0234375 0.0419921875
0 0.8974609375 0.58837890625 0.01953125 0.03125
0 0.60546875 0.7294921875 0.01953125 0.0361328125
0 0.845703125 0.7353515625 0.0234375 0.041015625
0 0.63623046875 0.587890625 0.0126953125 0.0205078125
0 0.10595703125 0.69580078125 0.0400390625 0.046875
0 0.5595703125 0.720703125 0.025390625 0.0341796875
0 0.81787109375 0.4921875 0.0146484375 0.021484375
0 0.28369140625 0.7275390625 0.025390625 0.029296875
0 0.54150390625 0.57275390625 0.013671875 0.0205078125
0 0.638671875 0.6455078125 0.0234375 0.0322265625
0 0.52099609375 0.6982421875 0.0166015625 0.02734375
0 0.7421875 0.86083984375 0.0234375 0.041015625
0 0.55810546875 0.62890625 0.015625 0.0244140625
0 0.36767578125 0.76953125 0.0263671875 0.0341796875
0 0.369140625 0.6552734375 0.0380859375 0.052734375
0 0.68408203125 0.615234375 0.015625 0.0263671875
0 0.30029296875 0.7685546875 0.01953125 0.03125
0 0.595703125 0.611328125 0.025390625 0.029296875
0 0.0703125 0.8056640625 0.025390625 0.037109375
0 0.09619140625 0.6884765625 0.0185546875 0.0205078125
0 0.42578125 0.66748046875 0.021484375 0.029296875
0 0.931640625 0.60498046875 0.01953125 0.033203125
0 0.26953125 0.7919921875 0.01953125 0.033203125
0 0.88037109375 0.71484375 0.0185546875 0.033203125
0 0.7900390625 0.87646484375 0.0244140625 0.041015625
0 0.349609375 0.61181640625 0.015625 0.017578125
0 0.30224609375 0.6611328125 0.025390625 0.02734375
0 0.7314453125 0.5751953125 0.01953125 0.0263671875
0 0.3271484375 0.65380859375 0.0263671875 0.0263671875
0 0.841796875 0.802734375 0.025390625 0.0439453125
0 0.1748046875 0.65771484375 0.02734375 0.029296875
0 0.8388671875 0.7060546875 0.0185546875 0.0322265625
0 0.33251953125 0.76171875 0.0234375 0.0341796875
0 0.3740234375 0.60400390625 0.0166015625 0.013671875
0 0.1201171875 0.6513671875 0.021484375 0.0283203125
0 0.9423828125 0.75341796875 0.0224609375 0.04296875
0 0.95263671875 0.77294921875 0.021484375 0.04296875
0 0.2021484375 0.671875 0.0185546875 0.025390625
0 0.34716796875 0.56982421875 0.0126953125 0.0205078125
0 0.5185546875 0.53857421875 0.01171875 0.021484375
0 0.56591796875 0.51513671875 0.0126953125 0.0205078125
0 0.3583984375 0.64208984375 0.01953125 0.02734375
0 0.37939453125 0.58056640625 0.017578125 0.0234375
0 0.07763671875 0.8408203125 0.0224609375 0.0322265625
0 0.61572265625 0.59716796875 0.015625 0.0185546875
0 0.197265625 0.70068359375 0.025390625 0.0283203125
0 0.103515625 0.76123046875 0.01953125 0.0205078125
0 0.58056640625 0.51171875 0.01171875 0.0185546875
0 0.7138671875 0.56005859375 0.015625 0.0185546875
0 0.2109375 0.64697265625 0.0185546875 0.021484375
0 0.1396484375 0.7373046875 0.021484375 0.0185546875
0 0.373046875 0.650390625 0.0166015625 0.021484375
0 0.06103515625 0.7861328125 0.0146484375 0.0224609375
0 0.47265625 0.52099609375 0.0205078125 0.025390625
0 0.18994140625 0.63427734375 0.0322265625 0.0419921875
0 0.72216796875 0.5625 0.013671875 0.01953125
0 0.19287109375 0.68798828125 0.0263671875 0.025390625
0 0.16796875 0.6435546875 0.013671875 0.013671875
0 0.923828125 0.77099609375 0.0244140625 0.0419921875
0 0.4111328125 0.68896484375 0.0244140625 0.0322265625