0 0.66796875 0.67236328125 0.0322265625 0.0634765625
0 0.57470703125 0.61083984375 0.0390625 0.0576171875
0 0.89794921875 0.8544921875 0.041015625 0.0634765625
0 0.869140625 0.736328125 0.04296875 0.052734375
0 0.73388671875 0.919921875 0.04296875 0.060546875
0 0.60302734375 0.91259765625 0.0341796875 0.060546875
0 0.94091796875 0.74609375 0.0419921875 0.05078125
0 0.90478515625 0.38818359375 0.0380859375 0.04296875
0 0.525390625 0.98486328125 0.0390625 0.0302734375
0 0.916015625 0.58740234375 0.04296875 0.0546875
0 0.89990234375 0.29736328125 0.0400390625 0.0498046875
0 0.658203125 0.755859375 0.0322265625 0.0390625
0 0.87158203125 0.64892578125 0.0390625 0.046875
0 0.79541015625 0.6181640625 0.0537109375 0.0869140625
0 0.56640625 0.990234375 0.029296875 0.01953125
0 0.71435546875 0.6455078125 0.03515625 0.0615234375
0 0.8720703125 0.4697265625 0.0419921875 0.048828125
0 0.72998046875 0.615234375 0.03515625 0.046875
0 0.96337890625 0.275390625 0.03125 0.0478515625
0 0.7890625 0.97802734375 0.037109375 0.0439453125
0 0.7607421875 0.6171875 0.0322265625 0.046875
0 0.99560546875 0.4423828125 0.0087890625 0.05078125
0 0.93603515625 0.46484375 0.0595703125 0.0751953125
0 0.8369140625 0.77392578125 0.0419921875 0.0615234375
0 0.96240234375 0.45458984375 0.0380859375 0.0478515625
0 0.8427734375 0.60400390625 0.037109375 0.0458984375
0 0.765625 0.72119140625 0.0390625 0.072265625
0 0.9951171875 0.154296875 0.009765625 0.056640625
0 0.78125 0.6416015625 0.0283203125 0.0517578125
0 0.83447265625 0.44970703125 0.05078125 0.0703125
0 0.80615234375 0.580078125 0.037109375 0.056640625
0 0.599609375 0.89599609375 0.01953125 0.033203125