0 0.59375 0.23974609375 0.0439453125 0.0556640625
0 0.5068359375 0.447265625 0.0419921875 0.0380859375
0 0.4091796875 0.958984375 0.0390625 0.0390625
0 0.34716796875 0.83251953125 0.0283203125 0.05859375
0 0.67236328125 0.697265625 0.03125 0.0703125
0 0.306640625 0.5478515625 0.0546875 0.046875
0 0.68212890625 0.94384765625 0.033203125 0.0537109375
0 0.0244140625 0.783203125 0.0302734375 0.052734375
0 0.9619140625 0.6240234375 0.03125 0.0771484375
0 0.09521484375 0.96826171875 0.0478515625 0.0634765625
0 0.51904296875 0.9833984375 0.0302734375 0.033203125
0 0.44677734375 0.8291015625 0.0439453125 0.0986328125
0 0.6181640625 0.70361328125 0.0439453125 0.0771484375