0 0.8642578125 0.21484375 0.013671875 0.01953125
0 0.755859375 0.33203125 0.013671875 0.01513671875
0 0.7333984375 0.31005859375 0.0126953125 0.015625
0 0.73046875 0.681640625 0.0166015625 0.01708984375
0 0.81201171875 0.359375 0.01513671875 0.01416015625
0 0.96728515625 0.75 0.02587890625 0.02001953125
0 0.9345703125 0.75830078125 0.01904296875 0.01708984375
0 0.6826171875 0.77490234375 0.01708984375 0.017578125
0 0.68212890625 0.82080078125 0.0205078125 0.02392578125
0 0.8505859375 0.37890625 0.01318359375 0.0146484375
0 0.85205078125 0.763671875 0.01953125 0.01708984375
0 0.83447265625 0.720703125 0.0146484375 0.01611328125
0 0.97998046875 0.40771484375 0.015625 0.01416015625
0 0.8154296875 0.71337890625 0.013671875 0.01806640625
0 0.80126953125 0.77880859375 0.0146484375 0.017578125
0 0.8369140625 0.40625 0.0146484375 0.01318359375
0 0.91748046875 0.193359375 0.01416015625 0.0166015625
0 0.787109375 0.46630859375 0.01611328125 0.0146484375
0 0.7861328125 0.26171875 0.0166015625 0.0146484375
0 0.8955078125 0.78759765625 0.01708984375 0.017578125
0 0.7802734375 0.2744140625 0.01025390625 0.0185546875
0 0.76953125 0.4443359375 0.01513671875 0.01416015625
0 0.9365234375 0.50830078125 0.01513671875 0.015625
0 0.99658203125 0.1708984375 0.0068359375 0.013671875
0 0.95166015625 0.375 0.01171875 0.015625
0 0.7734375 0.52392578125 0.0146484375 0.01806640625
0 0.9326171875 0.4599609375 0.0126953125 0.01611328125
0 0.79052734375 0.38916015625 0.017578125 0.0146484375
0 0.9814453125 0.57568359375 0.01513671875 0.021484375
0 0.74609375 0.70849609375 0.01513671875 0.01708984375
0 0.701171875 0.72802734375 0.01806640625 0.021484375
0 0.83837890625 0.23291015625 0.009765625 0.017578125
0 0.73828125 0.5634765625 0.015625 0.01806640625
0 0.7109375 0.8349609375 0.01416015625 0.0234375
0 0.8369140625 0.55810546875 0.01416015625 0.01806640625
0 0.84228515625 0.85107421875 0.01806640625 0.01611328125
0 0.8046875 0.43115234375 0.01513671875 0.01416015625
0 0.93505859375 0.31005859375 0.013671875 0.01806640625
0 0.74560546875 0.7353515625 0.0166015625 0.01611328125
0 0.82958984375 0.47216796875 0.01416015625 0.017578125
0 0.806640625 0.50439453125 0.0146484375 0.015625
0 0.80908203125 0.8466796875 0.015625 0.01904296875
0 0.69091796875 0.70751953125 0.017578125 0.01708984375
0 0.90673828125 0.498046875 0.01611328125 0.0146484375
0 0.98095703125 0.30908203125 0.013671875 0.01611328125
0 0.81201171875 0.869140625 0.0166015625 0.01904296875
0 0.986328125 0.2177734375 0.01708984375 0.015625
0 0.93701171875 0.556640625 0.015625 0.015625
0 0.87353515625 0.34619140625 0.00927734375 0.01611328125
0 0.80712890625 0.3994140625 0.01513671875 0.0126953125
0 0.96533203125 0.59130859375 0.01611328125 0.01708984375
0 0.9873046875 0.46875 0.0126953125 0.01416015625
0 0.7275390625 0.6142578125 0.01611328125 0.01513671875
0 0.72900390625 0.7734375 0.0185546875 0.01904296875
0 0.82861328125 0.908203125 0.01611328125 0.01953125
0 0.81494140625 0.32080078125 0.009765625 0.0107421875
0 0.97265625 0.7998046875 0.015625 0.017578125
0 0.71142578125 0.7626953125 0.015625 0.0185546875
0 0.82421875 0.92626953125 0.0166015625 0.02197265625
0 0.84130859375 0.64453125 0.017578125 0.017578125
0 0.95458984375 0.39697265625 0.0283203125 0.017578125
0 0.98291015625 0.6474609375 0.01708984375 0.01611328125
0 0.98046875 0.67041015625 0.015625 0.01611328125
0 0.779296875 0.4912109375 0.01513671875 0.015625
0 0.806640625 0.5400390625 0.01806640625 0.015625
0 0.8203125 0.54248046875 0.0126953125 0.01416015625
0 0.86962890625 0.25634765625 0.0107421875 0.017578125
0 0.81640625 0.47509765625 0.0185546875 0.01708984375
0 0.8876953125 0.416015625 0.009765625 0.013671875
0 0.8544921875 0.232421875 0.01513671875 0.0185546875
0 0.80126953125 0.6396484375 0.015625 0.01513671875
0 0.84814453125 0.458984375 0.01171875 0.01416015625
0 0.93212890625 0.931640625 0.01416015625 0.0234375
0 0.6708984375 0.9453125 0.021484375 0.017578125
0 0.671875 0.908203125 0.02294921875 0.01904296875
0 0.962890625 0.302734375 0.0107421875 0.0146484375
0 0.9736328125 0.154296875 0.01953125 0.02099609375
0 0.98583984375 0.88427734375 0.01611328125 0.02490234375
0 0.77099609375 0.49609375 0.017578125 0.0185546875
0 0.98828125 0.90966796875 0.0234375 0.0263671875
0 0.79052734375 0.36328125 0.01025390625 0.0126953125
0 0.6396484375 0.57275390625 0.01416015625 0.02294921875
0 0.70458984375 0.54638671875 0.0126953125 0.0185546875
0 0.9892578125 0.2607421875 0.0166015625 0.015625
0 0.99658203125 0.291015625 0.00634765625 0.0146484375
0 0.71484375 0.89404296875 0.01513671875 0.0224609375
0 0.9033203125 0.82373046875 0.01513671875 0.017578125
0 0.9384765625 0.52001953125 0.01171875 0.01318359375
0 0.87060546875 0.462890625 0.0126953125 0.01318359375
0 0.9140625 0.27197265625 0.0107421875 0.013671875
0 0.91845703125 0.357421875 0.009765625 0.01171875
0 0.9013671875 0.4423828125 0.01123046875 0.01513671875
0 0.724609375 0.7109375 0.01611328125 0.01806640625
0 0.943359375 0.2724609375 0.01953125 0.02197265625
0 0.759765625 0.50146484375 0.02001953125 0.015625
0 0.9716796875 0.501953125 0.01611328125 0.02294921875
0 0.6474609375 0.958984375 0.01513671875 0.021484375
0 0.66357421875 0.728515625 0.0087890625 0.025390625
0 0.93017578125 0.583984375 0.013671875 0.01611328125
0 0.9609375 0.478515625 0.009765625 0.0146484375
0 0.78125 0.33203125 0.0126953125 0.01611328125
0 0.939453125 0.822265625 0.013671875 0.0146484375
0 0.76708984375 0.54638671875 0.00830078125 0.01806640625
0 0.9296875 0.19384765625 0.01171875 0.013671875
0 0.87890625 0.23583984375 0.00634765625 0.0166015625
0 0.9794921875 0.28759765625 0.0146484375 0.01318359375
0 0.95458984375 0.77294921875 0.01416015625 0.017578125
0 0.82568359375 0.580078125 0.01123046875 0.01708984375
0 0.873046875 0.58056640625 0.01171875 0.01806640625
0 0.7578125 0.3955078125 0.00927734375 0.01708984375
0 0.8798828125 0.57177734375 0.009765625 0.017578125
0 0.9541015625 0.439453125 0.00732421875 0.01708984375
0 0.734375 0.80615234375 0.0126953125 0.02734375
0 0.7783203125 0.5810546875 0.01220703125 0.02197265625
0 0.99755859375 0.5029296875 0.0048828125 0.01318359375
0 0.94140625 0.7763671875 0.01123046875 0.013671875
0 0.82958984375 0.43115234375 0.0126953125 0.0107421875
0 0.9580078125 0.33447265625 0.00634765625 0.01611328125
0 0.76904296875 0.552734375 0.015625 0.0244140625
0 0.68115234375 0.341796875 0.009765625 0.01220703125
0 0.99609375 0.63037109375 0.0078125 0.017578125
0 0.66259765625 0.90966796875 0.01318359375 0.01513671875
0 0.99560546875 0.90625 0.0087890625 0.02734375