0 0.30029296875 0.39404296875 0.0380859375 0.0615234375
0 0.31982421875 0.4052734375 0.03125 0.037109375
0 0.27099609375 0.56982421875 0.076171875 0.07421875
0 0.16015625 0.375 0.0546875 0.05859375
0 0.58740234375 0.375 0.0556640625 0.056640625
0 0.68017578125 0.54833984375 0.0341796875 0.0576171875
0 0.33349609375 0.1767578125 0.0341796875 0.0400390625
0 0.1953125 0.32958984375 0.04296875 0.056640625
0 0.3427734375 0.43212890625 0.041015625 0.0595703125
0 0.39013671875 0.39208984375 0.05078125 0.052734375
0 0.048828125 0.5224609375 0.0478515625 0.056640625
0 0.41943359375 0.55908203125 0.04296875 0.068359375
0 0.31640625 0.64697265625 0.0546875 0.0859375
0 0.3994140625 0.47509765625 0.03515625 0.0634765625
0 0.3369140625 0.1357421875 0.03515625 0.0419921875
0 0.6376953125 0.37841796875 0.046875 0.048828125
0 0.66748046875 0.32080078125 0.041015625 0.0419921875
0 0.353515625 0.26953125 0.037109375 0.0458984375
0 0.4951171875 0.427734375 0.048828125 0.052734375
0 0.96337890625 0.548828125 0.0380859375 0.05859375
0 0.64208984375 0.580078125 0.0400390625 0.0634765625
0 0.36865234375 0.66796875 0.056640625 0.083984375
0 0.666015625 0.265625 0.04296875 0.0478515625
0 0.22119140625 0.3076171875 0.03515625 0.052734375
0 0.7177734375 0.4453125 0.02734375 0.046875
0 0.5634765625 0.4609375 0.0478515625 0.0546875
0 0.42578125 0.4921875 0.0537109375 0.0595703125
0 0.0927734375 0.40625 0.033203125 0.0595703125
0 0.0810546875 0.5234375 0.0419921875 0.0791015625
0 0.44677734375 0.58154296875 0.0546875 0.05078125
0 0.26318359375 0.1796875 0.025390625 0.0439453125
0 0.84912109375 0.33935546875 0.044921875 0.0478515625
0 0.181640625 0.1884765625 0.02734375 0.04296875
0 0.20849609375 0.49267578125 0.0380859375 0.0703125
0 0.671875 0.37890625 0.0419921875 0.029296875
0 0.60986328125 0.33349609375 0.0302734375 0.048828125
0 0.22265625 0.4365234375 0.0400390625 0.0634765625
0 0.62890625 0.2607421875 0.0341796875 0.0419921875
0 0.18505859375 0.2060546875 0.0244140625 0.0390625
0 0.666015625 0.40478515625 0.052734375 0.0537109375
0 0.19921875 0.416015625 0.0302734375 0.060546875
0 0.66357421875 0.29736328125 0.046875 0.046875
0 0.78564453125 0.7607421875 0.0478515625 0.0703125
0 0.12255859375 0.3583984375 0.0439453125 0.0361328125
0 0.71435546875 0.28466796875 0.0478515625 0.0478515625
0 0.26318359375 0.240234375 0.0263671875 0.04296875
0 0.70947265625 0.77783203125 0.0673828125 0.08984375
0 0.0869140625 0.607421875 0.0546875 0.0615234375
0 0.16064453125 0.27783203125 0.0390625 0.033203125
0 0.6962890625 0.51025390625 0.0400390625 0.046875
0 0.6865234375 0.73974609375 0.056640625 0.078125
0 0.30224609375 0.2021484375 0.0234375 0.04296875
0 0.9716796875 0.57080078125 0.0361328125 0.0556640625
0 0.77783203125 0.3115234375 0.0302734375 0.041015625
0 0.78515625 0.4189453125 0.0361328125 0.0537109375
0 0.96630859375 0.623046875 0.0478515625 0.06640625
0 0.84228515625 0.52197265625 0.0322265625 0.052734375
0 0.67578125 0.4560546875 0.0380859375 0.03125
0 0.55078125 0.419921875 0.0361328125 0.0498046875
0 0.1240234375 0.58056640625 0.05078125 0.04296875
0 0.54248046875 0.599609375 0.0390625 0.06640625
0 0.52197265625 0.3486328125 0.0283203125 0.048828125
0 0.8291015625 0.59423828125 0.052734375 0.0693359375
0 0.5419921875 0.57275390625 0.0556640625 0.0498046875
0 0.7001953125 0.310546875 0.029296875 0.0439453125
0 0.12890625 0.22998046875 0.025390625 0.048828125
0 0.3935546875 0.224609375 0.0234375 0.0234375
0 0.7060546875 0.939453125 0.07421875 0.0576171875
0 0.85546875 0.890625 0.046875 0.0478515625
0 0.86279296875 0.6796875 0.037109375 0.052734375
0 0.09423828125 0.31396484375 0.0263671875 0.048828125
0 0.47216796875 0.19775390625 0.037109375 0.041015625
0 0.716796875 0.6328125 0.04296875 0.0361328125
0 0.24462890625 0.48291015625 0.0341796875 0.0390625
0 0.30908203125 0.154296875 0.0234375 0.0419921875
0 0.052734375 0.74462890625 0.05078125 0.09375
0 0.76904296875 0.62158203125 0.0361328125 0.0341796875
0 0.03466796875 0.57275390625 0.0419921875 0.08203125
0 0.5439453125 0.4609375 0.0380859375 0.060546875
0 0.64794921875 0.69970703125 0.0576171875 0.0810546875
0 0.0947265625 0.203125 0.021484375 0.01953125
0 0.01611328125 0.46728515625 0.03125 0.0380859375
0 0.8857421875 0.71484375 0.03515625 0.052734375
0 0.22216796875 0.6904296875 0.0380859375 0.072265625
0 0.36328125 0.33544921875 0.0244140625 0.0283203125
0 0.51611328125 0.853515625 0.0576171875 0.1025390625
0 0.48779296875 0.193359375 0.029296875 0.0537109375
0 0.78955078125 0.54345703125 0.03125 0.0341796875
0 0.14990234375 0.27685546875 0.017578125 0.01953125
0 0.03125 0.33349609375 0.015625 0.0341796875
0 0.00439453125 0.474609375 0.0087890625 0.0703125