0 0.70556640625 0.2880859375 0.04833984375 0.24169921875
0 0.52392578125 0.73095703125 0.15234375 0.203125
0 0.69677734375 0.0634765625 0.08935546875 0.12646484375
0 0.62109375 0.13037109375 0.09716796875 0.14697265625
0 0.583984375 0.18408203125 0.1220703125 0.15283203125
0 0.91357421875 0.02685546875 0.119140625 0.0517578125
0 0.5546875 0.36474609375 0.1474609375 0.0927734375
0 0.80029296875 0.048828125 0.1142578125 0.0947265625
0 0.8583984375 0.2705078125 0.1298828125 0.2109375
0 0.533203125 0.935546875 0.09375 0.12255859375
0 0.93359375 0.435546875 0.1328125 0.11865234375
0 0.6962890625 0.52880859375 0.111328125 0.0908203125
0 0.96240234375 0.330078125 0.07421875 0.17919921875
0 0.8232421875 0.6494140625 0.14697265625 0.13671875
0 0.8037109375 0.93408203125 0.15185546875 0.1318359375
0 0.90673828125 0.595703125 0.1533203125 0.1201171875
0 0.8564453125 0.501953125 0.1357421875 0.09521484375
0 0.955078125 0.951171875 0.08935546875 0.0888671875