0 0.50830078125 0.63671875 0.0205078125 0.01904296875
0 0.32275390625 0.1796875 0.0087890625 0.02685546875
0 0.34912109375 0.11474609375 0.009765625 0.02587890625
0 0.171875 0.13427734375 0.0087890625 0.02490234375
0 0.17822265625 0.19970703125 0.01025390625 0.03173828125
0 0.61279296875 0.10546875 0.01171875 0.029296875
0 0.353515625 0.576171875 0.01513671875 0.03271484375
0 0.17822265625 0.0537109375 0.00634765625 0.0234375
0 0.22607421875 0.56396484375 0.01318359375 0.03564453125
0 0.103515625 0.11328125 0.0068359375 0.0244140625
0 0.6552734375 0.27783203125 0.01318359375 0.02392578125
0 0.31591796875 0.63134765625 0.017578125 0.03466796875
0 0.14501953125 0.3525390625 0.01708984375 0.03076171875
0 0.583984375 0.53564453125 0.015625 0.03271484375
0 0.54443359375 0.0595703125 0.0146484375 0.0263671875
0 0.1201171875 0.51953125 0.013671875 0.03759765625
0 0.203125 0.5341796875 0.0146484375 0.0361328125
0 0.18212890625 0.52880859375 0.01416015625 0.0341796875
0 0.13720703125 0.45556640625 0.013671875 0.03466796875
0 0.26953125 0.1572265625 0.01318359375 0.033203125
0 0.67724609375 0.3193359375 0.0126953125 0.02880859375
0 0.380859375 0.552734375 0.0107421875 0.0341796875
0 0.3818359375 0.41650390625 0.01611328125 0.02734375
0 0.46240234375 0.400390625 0.01513671875 0.02734375
0 0.0771484375 0.14599609375 0.00732421875 0.02734375
0 0.2880859375 0.583984375 0.0107421875 0.03759765625
0 0.2294921875 0.3896484375 0.01708984375 0.03125
0 0.06787109375 0.43701171875 0.013671875 0.03076171875
0 0.0859375 0.40185546875 0.0126953125 0.03662109375
0 0.48779296875 0.5361328125 0.01708984375 0.0263671875
0 0.42236328125 0.55712890625 0.01171875 0.03125
0 0.07568359375 0.5361328125 0.013671875 0.03125
0 0.3173828125 0.2724609375 0.0087890625 0.0263671875
0 0.09130859375 0.13818359375 0.00830078125 0.0322265625
0 0.32470703125 0.4677734375 0.01513671875 0.0322265625
0 0.4462890625 0.53515625 0.01708984375 0.02783203125
0 0.359375 0.53857421875 0.01220703125 0.0341796875
0 0.060546875 0.197265625 0.0126953125 0.0341796875
0 0.3974609375 0.2451171875 0.0146484375 0.03466796875
0 0.1572265625 0.50537109375 0.013671875 0.03466796875
0 0.64404296875 0.1279296875 0.009765625 0.03271484375
0 0.07763671875 0.6240234375 0.013671875 0.03955078125
0 0.12255859375 0.3984375 0.0107421875 0.03466796875
0 0.15966796875 0.1396484375 0.00830078125 0.03076171875
0 0.1357421875 0.154296875 0.0107421875 0.03076171875
0 0.181640625 0.57568359375 0.015625 0.02294921875
0 0.447265625 0.47314453125 0.01513671875 0.033203125
0 0.45068359375 0.2392578125 0.017578125 0.033203125
0 0.25244140625 0.5390625 0.01416015625 0.0341796875
0 0.0595703125 0.1640625 0.01123046875 0.03564453125
0 0.11474609375 0.34814453125 0.01171875 0.03466796875
0 0.06396484375 0.533203125 0.01416015625 0.03076171875
0 0.3310546875 0.3115234375 0.01220703125 0.0322265625
0 0.01904296875 0.21923828125 0.013671875 0.03515625
0 0.20654296875 0.1953125 0.01318359375 0.0380859375
0 0.26318359375 0.26416015625 0.00830078125 0.02587890625
0 0.1650390625 0.22998046875 0.0107421875 0.037109375
0 0.19873046875 0.4189453125 0.01416015625 0.0302734375
0 0.32275390625 0.60302734375 0.01953125 0.0263671875
0 0.19189453125 0.197265625 0.01513671875 0.03466796875
0 0.4677734375 0.22119140625 0.013671875 0.0302734375
0 0.16162109375 0.3427734375 0.0185546875 0.02978515625
0 0.2900390625 0.056640625 0.01220703125 0.03466796875
0 0.13232421875 0.236328125 0.009765625 0.02392578125
0 0.2099609375 0.3134765625 0.01708984375 0.0390625
0 0.0498046875 0.3330078125 0.0146484375 0.0341796875
0 0.30810546875 0.01123046875 0.00927734375 0.02197265625
0 0.54833984375 0.23388671875 0.01171875 0.02734375
0 0.033203125 0.2109375 0.00830078125 0.03369140625
0 0.017578125 0.51318359375 0.01416015625 0.0439453125
0 0.31201171875 0.21044921875 0.0166015625 0.03369140625
0 0.49365234375 0.17236328125 0.0107421875 0.033203125
0 0.11279296875 0.04052734375 0.01416015625 0.017578125
0 0.1884765625 0.15234375 0.01220703125 0.0361328125
0 0.02099609375 0.0517578125 0.01220703125 0.03076171875
0 0.0634765625 0.390625 0.0107421875 0.0244140625
0 0.20166015625 0.09375 0.013671875 0.02880859375
0 0.10302734375 0.44677734375 0.01318359375 0.03173828125
0 0.15380859375 0.0595703125 0.0126953125 0.0341796875
0 0.1171875 0.30029296875 0.013671875 0.03515625
0 0.35595703125 0.0634765625 0.01513671875 0.029296875
0 0.18505859375 0.10400390625 0.01318359375 0.0419921875
0 0.37353515625 0.35400390625 0.017578125 0.03369140625
0 0.13525390625 0.11279296875 0.00830078125 0.02978515625
0 0.1083984375 0.1318359375 0.0166015625 0.0322265625
0 0.32958984375 0.0185546875 0.0146484375 0.025390625
0 0.2080078125 0.05322265625 0.0146484375 0.03076171875
0 0.07421875 0.11083984375 0.0078125 0.02880859375
0 0.517578125 0.5390625 0.009765625 0.02783203125
0 0.0966796875 0.03955078125 0.01416015625 0.03076171875
0 0.03125 0.17529296875 0.0107421875 0.0341796875
0 0.0263671875 0.015625 0.0087890625 0.01953125
0 0.2412109375 0.45458984375 0.0205078125 0.02783203125
0 0.11572265625 0.05126953125 0.01171875 0.02783203125
0 0.2734375 0.2841796875 0.02099609375 0.02734375
0 0.30712890625 0.2451171875 0.01953125 0.0400390625
0 0.0419921875 0.46435546875 0.01416015625 0.03369140625
0 0.6953125 0.4609375 0.0087890625 0.02978515625
0 0.556640625 0.564453125 0.01123046875 0.029296875
0 0.09130859375 0.017578125 0.0126953125 0.0185546875
0 0.025390625 0.1865234375 0.013671875 0.0361328125
0 0.54638671875 0.58154296875 0.017578125 0.0283203125
0 0.2060546875 0.4990234375 0.0205078125 0.02587890625
0 0.359375 0.646484375 0.01708984375 0.01708984375
0 0.50439453125 0.36474609375 0.01904296875 0.04052734375
0 0.08203125 0.2998046875 0.0234375 0.02685546875
0 0.00390625 0.34912109375 0.0068359375 0.033203125
0 0.26904296875 0.00830078125 0.0126953125 0.0166015625
0 0.1240234375 0.626953125 0.01806640625 0.03369140625
0 0.20166015625 0.0068359375 0.009765625 0.013671875
0 0.08837890625 0.5986328125 0.02001953125 0.03173828125
0 0.1455078125 0.06298828125 0.01220703125 0.03369140625
0 0.61767578125 0.01708984375 0.0185546875 0.03369140625