0 0.45947265625 0.69921875 0.0107421875 0.0283203125
0 0.4619140625 0.681640625 0.01611328125 0.0205078125
0 0.4716796875 0.6142578125 0.01806640625 0.01953125
0 0.4462890625 0.60791015625 0.01513671875 0.02587890625
0 0.44140625 0.77783203125 0.0146484375 0.0205078125
0 0.18701171875 0.685546875 0.01416015625 0.01611328125
0 0.53955078125 0.94091796875 0.013671875 0.0302734375
0 0.08251953125 0.666015625 0.009765625 0.02734375
0 0.54052734375 0.8671875 0.01171875 0.033203125
0 0.220703125 0.5224609375 0.01513671875 0.02587890625
0 0.24658203125 0.51318359375 0.01171875 0.02880859375
0 0.4970703125 0.73876953125 0.01220703125 0.0390625
0 0.0595703125 0.64306640625 0.01416015625 0.0185546875
0 0.30908203125 0.52783203125 0.0087890625 0.01806640625
0 0.21240234375 0.59521484375 0.01513671875 0.015625
0 0.2294921875 0.5498046875 0.013671875 0.0224609375
0 0.11767578125 0.4755859375 0.0146484375 0.01904296875
0 0.453125 0.67138671875 0.01416015625 0.01611328125
0 0.64892578125 0.990234375 0.0166015625 0.01953125
0 0.24609375 0.48828125 0.0078125 0.01220703125
0 0.4326171875 0.587890625 0.0185546875 0.025390625
0 0.0244140625 0.38037109375 0.01318359375 0.029296875
0 0.0166015625 0.3681640625 0.009765625 0.01953125