0 0.77197265625 0.79638671875 0.013671875 0.0146484375
0 0.84228515625 0.68994140625 0.01171875 0.01171875
0 0.873046875 0.6591796875 0.01171875 0.01171875
0 0.79931640625 0.76318359375 0.01171875 0.0126953125
0 0.8017578125 0.818359375 0.0146484375 0.0146484375
0 0.88623046875 0.51171875 0.0078125 0.009765625
0 0.90576171875 0.5400390625 0.0087890625 0.0126953125
0 0.78759765625 0.8369140625 0.0166015625 0.015625
0 0.87060546875 0.77880859375 0.0126953125 0.013671875
0 0.92724609375 0.6259765625 0.0107421875 0.01171875
0 0.99072265625 0.47607421875 0.0087890625 0.01171875
0 0.98046875 0.43505859375 0.0087890625 0.01171875
0 0.96044921875 0.6123046875 0.013671875 0.0126953125
0 0.896484375 0.49267578125 0.0078125 0.015625
0 0.908203125 0.64453125 0.0078125 0.0126953125
0 0.88427734375 0.89990234375 0.0126953125 0.0126953125
0 0.89453125 0.83447265625 0.0126953125 0.0146484375
0 0.9326171875 0.68798828125 0.0107421875 0.0126953125
0 0.93994140625 0.57373046875 0.01171875 0.0126953125
0 0.95458984375 0.693359375 0.0126953125 0.013671875
0 0.98095703125 0.60205078125 0.0107421875 0.013671875
0 0.8837890625 0.85693359375 0.013671875 0.013671875
0 0.89794921875 0.880859375 0.013671875 0.0146484375
0 0.9248046875 0.4423828125 0.0087890625 0.0126953125
0 0.95849609375 0.431640625 0.009765625 0.01171875
0 0.96630859375 0.52880859375 0.01171875 0.01171875
0 0.9306640625 0.548828125 0.0126953125 0.013671875
0 0.90771484375 0.89208984375 0.013671875 0.0146484375
0 0.96875 0.724609375 0.013671875 0.015625
0 0.9111328125 0.9482421875 0.015625 0.0146484375
0 0.94873046875 0.7216796875 0.0087890625 0.01953125
0 0.93212890625 0.537109375 0.009765625 0.01171875
0 0.912109375 0.8505859375 0.013671875 0.0166015625
0 0.96630859375 0.4609375 0.0078125 0.0166015625
0 0.95556640625 0.9384765625 0.013671875 0.013671875
0 0.97314453125 0.8408203125 0.0126953125 0.015625
0 0.96337890625 0.99169921875 0.015625 0.0166015625
0 0.89453125 0.94677734375 0.017578125 0.015625
0 0.9248046875 0.8564453125 0.013671875 0.0166015625
0 0.88818359375 0.76318359375 0.0126953125 0.015625
0 0.935546875 0.9912109375 0.0166015625 0.015625
0 0.96875 0.54248046875 0.01171875 0.013671875
0 0.9375 0.9609375 0.015625 0.0146484375
0 0.91455078125 0.99609375 0.0146484375 0.0078125
0 0.93603515625 0.935546875 0.017578125 0.015625
0 0.94873046875 0.82861328125 0.013671875 0.0146484375
0 0.9189453125 0.8017578125 0.0146484375 0.0146484375
0 0.90283203125 0.78759765625 0.0146484375 0.017578125
0 0.89892578125 0.9677734375 0.0146484375 0.021484375
0 0.96484375 0.58349609375 0.013671875 0.01953125
0 0.93798828125 0.77392578125 0.0126953125 0.0166015625
0 0.94873046875 0.96826171875 0.0166015625 0.0205078125
0 0.90234375 0.75244140625 0.013671875 0.0166015625
0 0.95751953125 0.953125 0.0166015625 0.0166015625
0 0.91015625 0.77001953125 0.01171875 0.0166015625
0 0.962890625 0.82177734375 0.013671875 0.017578125
0 0.90087890625 0.73583984375 0.0234375 0.0244140625
0 0.9521484375 0.7890625 0.015625 0.0166015625
0 0.9228515625 0.41357421875 0.01171875 0.01171875
0 0.92236328125 0.7568359375 0.01953125 0.0205078125
0 0.95947265625 0.80029296875 0.01953125 0.0185546875
0 0.935546875 0.798828125 0.015625 0.017578125
0 0.984375 0.75634765625 0.0068359375 0.0146484375