0 0.8671875 0.43017578125 0.02587890625 0.033203125
0 0.9736328125 0.23046875 0.0205078125 0.02880859375
0 0.72119140625 0.43115234375 0.02001953125 0.0283203125
0 0.77490234375 0.21337890625 0.017578125 0.03369140625
0 0.83544921875 0.56884765625 0.02099609375 0.0302734375
0 0.5546875 0.16162109375 0.0224609375 0.02783203125
0 0.658203125 0.322265625 0.01904296875 0.03466796875
0 0.599609375 0.11279296875 0.01904296875 0.037109375
0 0.98193359375 0.30712890625 0.0205078125 0.029296875
0 0.6376953125 0.34765625 0.01953125 0.029296875
0 0.8837890625 0.50390625 0.0224609375 0.02490234375
0 0.634765625 0.20947265625 0.02001953125 0.0283203125
0 0.7822265625 0.3388671875 0.013671875 0.03564453125
0 0.798828125 0.32666015625 0.013671875 0.03173828125
0 0.640625 0.11572265625 0.017578125 0.025390625
0 0.75634765625 0.3076171875 0.0126953125 0.03759765625
0 0.7822265625 0.60986328125 0.01611328125 0.03369140625
0 0.86083984375 0.57470703125 0.02001953125 0.03564453125
0 0.81005859375 0.25439453125 0.01708984375 0.0263671875
0 0.54638671875 0.22998046875 0.0185546875 0.03076171875
0 0.921875 0.4609375 0.01904296875 0.0234375
0 0.69677734375 0.40625 0.02001953125 0.02685546875
0 0.91064453125 0.5595703125 0.0224609375 0.0244140625
0 0.85888671875 0.1142578125 0.017578125 0.029296875
0 0.98876953125 0.25537109375 0.02197265625 0.0380859375
0 0.57275390625 0.05078125 0.0166015625 0.0361328125
0 0.67041015625 0.0595703125 0.0205078125 0.02978515625
0 0.89208984375 0.185546875 0.01708984375 0.02685546875
0 0.59130859375 0.314453125 0.013671875 0.03662109375
0 0.94140625 0.607421875 0.0166015625 0.0341796875
0 0.60107421875 0.02880859375 0.0166015625 0.03369140625
0 0.67138671875 0.322265625 0.01708984375 0.03271484375
0 0.73974609375 0.08837890625 0.0185546875 0.02880859375
0 0.9453125 0.00927734375 0.015625 0.0185546875
0 0.8212890625 0.0205078125 0.01708984375 0.03173828125
0 0.97900390625 0.07568359375 0.01220703125 0.03369140625
0 0.86962890625 0.26318359375 0.0166015625 0.02099609375
0 0.91259765625 0.15673828125 0.0126953125 0.02099609375
0 0.54931640625 0.591796875 0.01806640625 0.03369140625
0 0.5517578125 0.1279296875 0.01171875 0.0205078125
0 0.61376953125 0.09375 0.013671875 0.03759765625
0 0.82373046875 0.12548828125 0.01806640625 0.0234375
0 0.47412109375 0.18017578125 0.01904296875 0.03369140625
0 0.88818359375 0.126953125 0.01904296875 0.02197265625
0 0.328125 0.04443359375 0.01611328125 0.0400390625
0 0.38037109375 0.06689453125 0.01953125 0.03076171875
0 0.578125 0.140625 0.01123046875 0.0322265625
0 0.29345703125 0.02294921875 0.0126953125 0.04345703125
0 0.62255859375 0.02783203125 0.0087890625 0.03369140625
0 0.630859375 0.0087890625 0.015625 0.017578125
0 0.38818359375 0.24755859375 0.0166015625 0.0361328125
0 0.3193359375 0.32421875 0.01171875 0.033203125
0 0.4033203125 0.212890625 0.02099609375 0.02294921875