0 0.7861328125 0.17626953125 0.02490234375 0.03076171875
0 0.724609375 0.20361328125 0.01123046875 0.013671875
0 0.61083984375 0.28466796875 0.013671875 0.0166015625
0 0.90576171875 0.25244140625 0.01123046875 0.013671875
0 0.91845703125 0.7529296875 0.02734375 0.021484375
0 0.96435546875 0.408203125 0.013671875 0.0146484375
0 0.98095703125 0.59765625 0.01806640625 0.01806640625
0 0.69970703125 0.84814453125 0.01953125 0.01806640625
0 0.93212890625 0.38525390625 0.0185546875 0.01953125
0 0.9599609375 0.31689453125 0.01123046875 0.0146484375
0 0.93115234375 0.31884765625 0.0146484375 0.01513671875
0 0.83935546875 0.9072265625 0.021484375 0.0205078125
0 0.94580078125 0.71142578125 0.01708984375 0.01806640625
0 0.68896484375 0.82080078125 0.0166015625 0.0185546875
0 0.78662109375 0.791015625 0.017578125 0.0185546875
0 0.60302734375 0.4951171875 0.01708984375 0.0166015625
0 0.54248046875 0.4541015625 0.01708984375 0.0166015625
0 0.51123046875 0.43994140625 0.01611328125 0.01611328125
0 0.69873046875 0.892578125 0.02197265625 0.01904296875
0 0.9208984375 0.30517578125 0.01416015625 0.01416015625
0 0.8515625 0.96435546875 0.02001953125 0.0205078125
0 0.87646484375 0.498046875 0.0126953125 0.0185546875
0 0.89697265625 0.7734375 0.01806640625 0.02001953125
0 0.77197265625 0.1923828125 0.01123046875 0.01318359375
0 0.5322265625 0.38916015625 0.01708984375 0.02099609375
0 0.75146484375 0.2919921875 0.01611328125 0.01708984375
0 0.78466796875 0.21484375 0.0087890625 0.0126953125
0 0.89990234375 0.34814453125 0.0146484375 0.0146484375
0 0.89501953125 0.5693359375 0.01708984375 0.0185546875
0 0.87890625 0.42333984375 0.0166015625 0.01708984375
0 0.7568359375 0.20751953125 0.01318359375 0.0126953125
0 0.88916015625 0.28662109375 0.0107421875 0.01318359375
0 0.9443359375 0.638671875 0.01611328125 0.015625
0 0.7607421875 0.4150390625 0.0146484375 0.01611328125
0 0.8662109375 0.58544921875 0.015625 0.02099609375
0 0.677734375 0.5576171875 0.01416015625 0.02001953125
0 0.7197265625 0.3583984375 0.0146484375 0.0146484375
0 0.66455078125 0.80224609375 0.01806640625 0.01708984375
0 0.759765625 0.71484375 0.01806640625 0.017578125
0 0.669921875 0.962890625 0.025390625 0.0263671875
0 0.7451171875 0.22802734375 0.0107421875 0.0146484375
0 0.63232421875 0.56982421875 0.017578125 0.021484375
0 0.7734375 0.86083984375 0.02197265625 0.01806640625
0 0.88525390625 0.82421875 0.0185546875 0.0205078125
0 0.943359375 0.79541015625 0.01708984375 0.0146484375
0 0.80078125 0.4326171875 0.01611328125 0.0166015625
0 0.8095703125 0.9208984375 0.01953125 0.01904296875
0 0.7626953125 0.79296875 0.0166015625 0.0205078125
0 0.85595703125 0.61083984375 0.017578125 0.01708984375
0 0.697265625 0.1962890625 0.0185546875 0.01806640625
0 0.67236328125 0.41796875 0.01220703125 0.015625
0 0.603515625 0.5576171875 0.01904296875 0.0166015625
0 0.7060546875 0.9599609375 0.0185546875 0.02490234375
0 0.64306640625 0.6328125 0.01806640625 0.02392578125
0 0.86279296875 0.34765625 0.0126953125 0.01416015625
0 0.7548828125 0.33984375 0.01220703125 0.01611328125
0 0.79736328125 0.28076171875 0.0126953125 0.01416015625
0 0.955078125 0.93310546875 0.0185546875 0.021484375
0 0.7705078125 0.43359375 0.0283203125 0.0234375
0 0.63134765625 0.33251953125 0.01220703125 0.015625
0 0.58642578125 0.5234375 0.013671875 0.015625
0 0.66064453125 0.45751953125 0.0146484375 0.0166015625
0 0.85107421875 0.9833984375 0.02099609375 0.0224609375
0 0.9013671875 0.44580078125 0.02197265625 0.021484375
0 0.63232421875 0.84912109375 0.01904296875 0.01806640625
0 0.90625 0.43701171875 0.01416015625 0.01708984375
0 0.775390625 0.50146484375 0.01416015625 0.01513671875
0 0.642578125 0.52783203125 0.0166015625 0.01708984375
0 0.99609375 0.6201171875 0.0078125 0.015625
0 0.93603515625 0.6982421875 0.01611328125 0.01513671875
0 0.84521484375 0.33642578125 0.01220703125 0.01416015625
0 0.89501953125 0.65234375 0.01513671875 0.017578125
0 0.83056640625 0.48828125 0.0146484375 0.015625
0 0.7666015625 0.54638671875 0.0166015625 0.015625
0 0.80224609375 0.22021484375 0.01171875 0.015625
0 0.8623046875 0.3720703125 0.013671875 0.0166015625
0 0.73583984375 0.5009765625 0.01220703125 0.0146484375
0 0.7177734375 0.7294921875 0.01806640625 0.017578125
0 0.8994140625 0.67529296875 0.01611328125 0.01708984375
0 0.68017578125 0.890625 0.02099609375 0.01806640625
0 0.66796875 0.599609375 0.015625 0.0166015625
0 0.72412109375 0.25537109375 0.01123046875 0.01513671875
0 0.896484375 0.634765625 0.0146484375 0.01708984375
0 0.818359375 0.9375 0.0185546875 0.01708984375
0 0.7978515625 0.54443359375 0.015625 0.01806640625
0 0.7119140625 0.47998046875 0.009765625 0.01806640625
0 0.55517578125 0.38916015625 0.01513671875 0.02294921875
0 0.85009765625 0.28515625 0.01171875 0.01220703125
0 0.80419921875 0.33984375 0.01318359375 0.01513671875
0 0.65625 0.916015625 0.01904296875 0.017578125
0 0.84326171875 0.35546875 0.01123046875 0.01806640625
0 0.72119140625 0.63623046875 0.0185546875 0.01953125
0 0.6591796875 0.48828125 0.01611328125 0.01513671875
0 0.85498046875 0.51171875 0.01611328125 0.01611328125
0 0.9228515625 0.44677734375 0.01416015625 0.021484375
0 0.83447265625 0.36474609375 0.0185546875 0.01806640625
0 0.66845703125 0.833984375 0.01708984375 0.01611328125
0 0.70751953125 0.318359375 0.01318359375 0.01611328125
0 0.859375 0.240234375 0.01171875 0.0126953125
0 0.6044921875 0.31298828125 0.01611328125 0.02294921875
0 0.8193359375 0.322265625 0.01220703125 0.01513671875
0 0.8193359375 0.8203125 0.02197265625 0.0205078125
0 0.84033203125 0.423828125 0.01416015625 0.01318359375
0 0.8017578125 0.359375 0.01318359375 0.017578125
0 0.599609375 0.41796875 0.01220703125 0.0107421875
0 0.986328125 0.8681640625 0.02001953125 0.0224609375
0 0.8193359375 0.59033203125 0.01123046875 0.015625
0 0.5478515625 0.4736328125 0.0224609375 0.02099609375
0 0.93115234375 0.29150390625 0.0107421875 0.01171875
0 0.5751953125 0.68115234375 0.015625 0.02490234375
0 0.6220703125 0.689453125 0.01708984375 0.029296875
0 0.6328125 0.30859375 0.01025390625 0.01611328125
0 0.63623046875 0.740234375 0.01513671875 0.01806640625
0 0.69580078125 0.62890625 0.01513671875 0.01513671875
0 0.78173828125 0.4736328125 0.01171875 0.015625
0 0.5146484375 0.73046875 0.013671875 0.02392578125
0 0.6015625 0.8701171875 0.013671875 0.02734375
0 0.66259765625 0.63916015625 0.01513671875 0.01611328125
0 0.8291015625 0.52685546875 0.01513671875 0.01708984375
0 0.80859375 0.5068359375 0.01318359375 0.01416015625
0 0.841796875 0.30078125 0.01318359375 0.017578125
0 0.84765625 0.3134765625 0.01220703125 0.01318359375
0 0.82275390625 0.2412109375 0.01123046875 0.01025390625
0 0.69384765625 0.53466796875 0.01171875 0.013671875
0 0.73583984375 0.24755859375 0.01171875 0.0146484375
0 0.7744140625 0.25341796875 0.01171875 0.01220703125
0 0.6474609375 0.658203125 0.0166015625 0.0234375
0 0.78955078125 0.30126953125 0.0166015625 0.0244140625
0 0.822265625 0.51806640625 0.0166015625 0.01416015625
0 0.62060546875 0.61474609375 0.02197265625 0.0224609375
0 0.654296875 0.8603515625 0.01220703125 0.0263671875
0 0.7158203125 0.5302734375 0.01171875 0.01318359375
0 0.77197265625 0.31787109375 0.0126953125 0.013671875
0 0.82177734375 0.6181640625 0.01416015625 0.0146484375
0 0.7666015625 0.62841796875 0.01220703125 0.0146484375
0 0.8046875 0.556640625 0.01220703125 0.015625
0 0.77685546875 0.2265625 0.01025390625 0.015625
0 0.7431640625 0.3408203125 0.009765625 0.01318359375
0 0.99560546875 0.89306640625 0.0087890625 0.0224609375
0 0.75146484375 0.3212890625 0.01025390625 0.01416015625
0 0.6640625 0.5703125 0.0205078125 0.01904296875
0 0.62939453125 0.60546875 0.013671875 0.01904296875
0 0.67236328125 0.330078125 0.009765625 0.0166015625
0 0.72021484375 0.3193359375 0.01171875 0.013671875
0 0.56787109375 0.470703125 0.013671875 0.01611328125
0 0.9970703125 0.75537109375 0.00537109375 0.015625
0 0.66748046875 0.2490234375 0.01025390625 0.01513671875
0 0.880859375 0.380859375 0.0126953125 0.0166015625
0 0.6416015625 0.66796875 0.0224609375 0.01904296875
0 0.7197265625 0.41015625 0.0107421875 0.01220703125
0 0.89453125 0.4619140625 0.01123046875 0.01220703125
0 0.91796875 0.865234375 0.01318359375 0.01611328125
0 0.91796875 0.779296875 0.01416015625 0.01806640625
0 0.92822265625 0.82763671875 0.013671875 0.0166015625
0 0.71630859375 0.6611328125 0.01416015625 0.0146484375
0 0.90625 0.78955078125 0.01220703125 0.01611328125
0 0.85791015625 0.59228515625 0.0166015625 0.01611328125
0 0.5869140625 0.33203125 0.013671875 0.02099609375
0 0.6591796875 0.52001953125 0.0146484375 0.01220703125
0 0.98974609375 0.4296875 0.015625 0.01513671875
0 0.65869140625 0.25537109375 0.0126953125 0.01513671875
0 0.66943359375 0.681640625 0.01904296875 0.02490234375
0 0.76220703125 0.64111328125 0.01513671875 0.02001953125
0 0.74951171875 0.3720703125 0.00830078125 0.01513671875
0 0.7138671875 0.9228515625 0.0166015625 0.02099609375
0 0.5546875 0.52197265625 0.00830078125 0.02099609375
0 0.64599609375 0.6533203125 0.00634765625 0.01708984375
0 0.59765625 0.29296875 0.01611328125 0.01953125
0 0.7568359375 0.1015625 0.01025390625 0.01171875
0 0.46533203125 0.49755859375 0.009765625 0.0107421875
0 0.50146484375 0.44287109375 0.01318359375 0.01318359375