0 0.74951171875 0.7900390625 0.01171875 0.03564453125
0 0.90576171875 0.5986328125 0.02490234375 0.025390625
0 0.978515625 0.44580078125 0.0166015625 0.0234375
0 0.95361328125 0.50439453125 0.01611328125 0.01904296875
0 0.8408203125 0.59619140625 0.009765625 0.02587890625
0 0.81787109375 0.63232421875 0.0078125 0.02783203125
0 0.732421875 0.68115234375 0.013671875 0.03125
0 0.7509765625 0.63037109375 0.00830078125 0.025390625
0 0.7900390625 0.64892578125 0.01025390625 0.0263671875
0 0.791015625 0.6044921875 0.015625 0.02880859375
0 0.7919921875 0.966796875 0.009765625 0.02294921875
0 0.71484375 0.7294921875 0.013671875 0.029296875
0 0.73779296875 0.79541015625 0.0126953125 0.03515625
0 0.94580078125 0.51611328125 0.01708984375 0.015625