0 0.32177734375 0.8154296875 0.00830078125 0.033203125
0 0.32861328125 0.81103515625 0.00927734375 0.0322265625
0 0.16650390625 0.6884765625 0.0087890625 0.02392578125
0 0.18896484375 0.1787109375 0.01318359375 0.021484375
0 0.17041015625 0.662109375 0.00830078125 0.02490234375
0 0.154296875 0.388671875 0.00830078125 0.02197265625
0 0.30078125 0.677734375 0.0126953125 0.01904296875
0 0.03173828125 0.052734375 0.01123046875 0.02294921875
0 0.0380859375 0.171875 0.009765625 0.021484375
0 0.05126953125 0.099609375 0.01220703125 0.01806640625
0 0.2158203125 0.2001953125 0.00732421875 0.025390625
0 0.0146484375 0.07080078125 0.01416015625 0.01708984375
0 0.091796875 0.060546875 0.00830078125 0.0234375
0 0.15771484375 0.1025390625 0.01171875 0.01513671875
0 0.07763671875 0.029296875 0.01171875 0.02099609375
0 0.21435546875 0.830078125 0.01171875 0.02197265625
0 0.28515625 0.81689453125 0.01123046875 0.029296875
0 0.150390625 0.1220703125 0.0078125 0.03076171875
0 0.07861328125 0.4765625 0.0107421875 0.029296875
0 0.3046875 0.44482421875 0.009765625 0.02880859375
0 0.14453125 0.46826171875 0.00634765625 0.02783203125
0 0.0986328125 0.5205078125 0.00732421875 0.025390625
0 0.3408203125 0.7724609375 0.0068359375 0.029296875
0 0.107421875 0.49755859375 0.00732421875 0.02880859375
0 0.10107421875 0.4462890625 0.0078125 0.02685546875
0 0.08203125 0.544921875 0.01416015625 0.01416015625
0 0.2099609375 0.36328125 0.00634765625 0.02294921875
0 0.18017578125 0.12548828125 0.01611328125 0.021484375
0 0.330078125 0.8984375 0.01220703125 0.0263671875