0 0.31103515625 0.83642578125 0.044921875 0.064453125
0 0.29833984375 0.796875 0.025390625 0.05078125
0 0.14306640625 0.59228515625 0.03125 0.0556640625
0 0.7451171875 0.42138671875 0.0400390625 0.0634765625
0 0.1953125 0.31396484375 0.0341796875 0.0810546875
0 0.89404296875 0.03271484375 0.0322265625 0.0654296875
0 0.8046875 0.0546875 0.041015625 0.0888671875
0 0.63427734375 0.32177734375 0.037109375 0.0771484375
0 0.76416015625 0.18212890625 0.033203125 0.08203125
0 0.951171875 0.8271484375 0.0302734375 0.0771484375
0 0.64501953125 0.904296875 0.0458984375 0.0546875
0 0.10009765625 0.24853515625 0.0390625 0.0400390625
0 0.4970703125 0.50634765625 0.0341796875 0.080078125
0 0.25732421875 0.27880859375 0.037109375 0.072265625
0 0.71923828125 0.02294921875 0.0283203125 0.0458984375
0 0.14990234375 0.72216796875 0.033203125 0.06640625
0 0.06005859375 0.60595703125 0.0361328125 0.0498046875
0 0.94287109375 0.24853515625 0.046875 0.052734375
0 0.224609375 0.0537109375 0.0234375 0.0546875
0 0.58203125 0.69921875 0.0390625 0.060546875
0 0.25537109375 0.42431640625 0.03125 0.0576171875
0 0.25 0.4677734375 0.0439453125 0.05078125
0 0.94677734375 0.71826171875 0.0419921875 0.05078125
0 0.5888671875 0.83056640625 0.0400390625 0.0517578125
0 0.87744140625 0.88232421875 0.0380859375 0.0859375
0 0.80810546875 0.92138671875 0.033203125 0.0615234375
0 0.39794921875 0.6171875 0.0361328125 0.0693359375
0 0.8701171875 0.93701171875 0.0390625 0.0556640625
0 0.271484375 0.75537109375 0.0458984375 0.0478515625
0 0.73583984375 0.9140625 0.0419921875 0.0400390625
0 0.212890625 0.96875 0.041015625 0.0625
0 0.455078125 0.8125 0.046875 0.0751953125
0 0.765625 0.8779296875 0.0341796875 0.07421875
0 0.06591796875 0.80859375 0.0205078125 0.0556640625
0 0.3251953125 0.380859375 0.0419921875 0.046875
0 0.6298828125 0.654296875 0.0390625 0.0712890625
0 0.244140625 0.71337890625 0.0400390625 0.0458984375
0 0.5673828125 0.68212890625 0.0126953125 0.0205078125
0 0.76904296875 0.7705078125 0.044921875 0.06640625
0 0.15283203125 0.8037109375 0.029296875 0.068359375
0 0.74169921875 0.9326171875 0.046875 0.029296875
0 0.38525390625 0.5927734375 0.0107421875 0.01953125
0 0.76123046875 0.71826171875 0.046875 0.05078125