0 0.5009765625 0.61083984375 0.0126953125 0.0576171875
0 0.24560546875 0.5107421875 0.02294921875 0.05126953125
0 0.65576171875 0.7744140625 0.033203125 0.04345703125
0 0.80078125 0.55908203125 0.02587890625 0.0234375
0 0.693359375 0.82421875 0.0166015625 0.0478515625
0 0.38671875 0.619140625 0.02294921875 0.0517578125
0 0.7119140625 0.57080078125 0.0283203125 0.0263671875
0 0.232421875 0.4765625 0.0234375 0.0361328125
0 0.7666015625 0.5732421875 0.02685546875 0.029296875
0 0.3720703125 0.5751953125 0.03466796875 0.025390625
0 0.9111328125 0.95751953125 0.01513671875 0.046875
0 0.2529296875 0.458984375 0.03076171875 0.02978515625
0 0.1044921875 0.15380859375 0.02490234375 0.05517578125
0 0.185546875 0.2578125 0.0166015625 0.0537109375