0 0.31591796875 0.029296875 0.0126953125 0.0244140625
0 0.39404296875 0.04150390625 0.0107421875 0.0234375
0 0.16552734375 0.0185546875 0.009765625 0.0322265625
0 0.48388671875 0.64794921875 0.01171875 0.0390625
0 0.28515625 0.044921875 0.009765625 0.0302734375
0 0.21435546875 0.8369140625 0.0146484375 0.048828125
0 0.201171875 0.13427734375 0.009765625 0.033203125
0 0.1318359375 0.71435546875 0.015625 0.0439453125
0 0.42822265625 0.287109375 0.009765625 0.02734375
0 0.16064453125 0.13720703125 0.0087890625 0.0322265625
0 0.28857421875 0.5830078125 0.0126953125 0.041015625
0 0.25537109375 0.59619140625 0.021484375 0.041015625
0 0.12109375 0.07373046875 0.009765625 0.0322265625
0 0.17578125 0.7509765625 0.0146484375 0.046875
0 0.55029296875 0.68505859375 0.0126953125 0.0419921875
0 0.25439453125 0.05712890625 0.0078125 0.029296875
0 0.0810546875 0.65234375 0.0146484375 0.0390625
0 0.380859375 0.09326171875 0.0087890625 0.0234375
0 0.3955078125 0.083984375 0.009765625 0.02734375
0 0.4609375 0.6337890625 0.0185546875 0.03515625
0 0.0498046875 0.04833984375 0.0126953125 0.0302734375
0 0.0810546875 0.0849609375 0.015625 0.033203125
0 0.44873046875 0.2509765625 0.009765625 0.02734375
0 0.29248046875 0.11767578125 0.0087890625 0.029296875
0 0.42236328125 0.345703125 0.01953125 0.03125
0 0.3037109375 0.14453125 0.013671875 0.029296875
0 0.2802734375 0.07958984375 0.015625 0.0263671875
0 0.31494140625 0.5498046875 0.0234375 0.033203125
0 0.318359375 0.17578125 0.015625 0.0283203125
0 0.03369140625 0.0615234375 0.01171875 0.029296875
0 0.302734375 0.0263671875 0.0078125 0.029296875
0 0.3466796875 0.5625 0.017578125 0.033203125
0 0.2578125 0.23095703125 0.01171875 0.03515625
0 0.30615234375 0.115234375 0.009765625 0.033203125
0 0.26220703125 0.4765625 0.01953125 0.03515625
0 0.42822265625 0.248046875 0.017578125 0.0341796875
0 0.51220703125 0.72265625 0.01171875 0.041015625
0 0.1416015625 0.60107421875 0.01953125 0.033203125
0 0.25439453125 0.30078125 0.01171875 0.02734375
0 0.142578125 0.099609375 0.0087890625 0.029296875
0 0.18603515625 0.1435546875 0.0107421875 0.03125
0 0.2685546875 0.27978515625 0.013671875 0.0380859375
0 0.046875 0.0126953125 0.0166015625 0.025390625
0 0.2822265625 0.24951171875 0.01171875 0.03125
0 0.3837890625 0.12255859375 0.0087890625 0.0263671875
0 0.2568359375 0.205078125 0.009765625 0.02734375
0 0.13037109375 0.2060546875 0.01171875 0.0283203125
0 0.35302734375 0.13818359375 0.0234375 0.03125
0 0.283203125 0.529296875 0.017578125 0.025390625
0 0.49560546875 0.6435546875 0.01171875 0.033203125
0 0.46337890625 0.31787109375 0.0107421875 0.052734375
0 0.05859375 0.0234375 0.009765625 0.03125
0 0.19482421875 0.033203125 0.01171875 0.02734375
0 0.27197265625 0.09521484375 0.015625 0.033203125
0 0.28662109375 0.275390625 0.015625 0.0390625
0 0.45166015625 0.27587890625 0.015625 0.0234375
0 0.2294921875 0.87353515625 0.021484375 0.0390625
0 0.1474609375 0.17919921875 0.009765625 0.03125
0 0.154296875 0.166015625 0.01171875 0.029296875