0 0.13916015625 0.416015625 0.0185546875 0.0185546875
0 0.1435546875 0.43212890625 0.015625 0.021484375
0 0.58837890625 0.89697265625 0.01953125 0.0224609375
0 0.392578125 0.46337890625 0.0166015625 0.0234375
0 0.142578125 0.50537109375 0.0146484375 0.01953125
0 0.60009765625 0.7998046875 0.0146484375 0.0244140625
0 0.01953125 0.60400390625 0.015625 0.02734375
0 0.36865234375 0.46240234375 0.015625 0.021484375
0 0.578125 0.7763671875 0.0185546875 0.0263671875
0 0.4736328125 0.75341796875 0.0185546875 0.025390625
0 0.35302734375 0.44873046875 0.017578125 0.0244140625
0 0.23291015625 0.41796875 0.009765625 0.01953125
0 0.47216796875 0.68115234375 0.017578125 0.025390625
0 0.38720703125 0.546875 0.015625 0.029296875
0 0.38818359375 0.52880859375 0.0166015625 0.0205078125
0 0.3779296875 0.5224609375 0.0146484375 0.01953125
0 0.16943359375 0.41259765625 0.0166015625 0.033203125
0 0.57421875 0.88623046875 0.015625 0.03515625
0 0.15673828125 0.45654296875 0.0166015625 0.0244140625
0 0.1240234375 0.60009765625 0.0146484375 0.01953125
0 0.41943359375 0.56005859375 0.013671875 0.0322265625
0 0.03466796875 0.40966796875 0.0166015625 0.0224609375
0 0.16943359375 0.392578125 0.0107421875 0.0166015625
0 0.37060546875 0.61865234375 0.017578125 0.0302734375