0 0.93115234375 0.76953125 0.0546875 0.0615234375
0 0.7880859375 0.7470703125 0.02783203125 0.0322265625
0 0.70166015625 0.70458984375 0.0263671875 0.029296875
0 0.08154296875 0.94287109375 0.02880859375 0.0283203125
0 0.7509765625 0.927734375 0.04443359375 0.03662109375
0 0.7919921875 0.98681640625 0.04638671875 0.025390625
0 0.537109375 0.67138671875 0.02587890625 0.025390625
0 0.37939453125 0.7373046875 0.02734375 0.02685546875
0 0.59228515625 0.89599609375 0.0556640625 0.046875
0 0.26171875 0.650390625 0.01904296875 0.01904296875
0 0.193359375 0.8515625 0.041015625 0.037109375
0 0.0361328125 0.7705078125 0.02880859375 0.02734375
0 0.1455078125 0.94287109375 0.03955078125 0.04931640625
0 0.439453125 0.64990234375 0.0205078125 0.02099609375
0 0.71435546875 0.8349609375 0.04052734375 0.04052734375
0 0.50048828125 0.693359375 0.021484375 0.0244140625
0 0.0703125 0.7958984375 0.029296875 0.03076171875
0 0.017578125 0.896484375 0.03076171875 0.0419921875
0 0.66650390625 0.85791015625 0.0322265625 0.0341796875
0 0.39404296875 0.6904296875 0.0205078125 0.02197265625
0 0.57080078125 0.70849609375 0.02880859375 0.02783203125
0 0.201171875 0.9296875 0.03955078125 0.04248046875
0 0.11572265625 0.73779296875 0.0263671875 0.0244140625
0 0.4794921875 0.80908203125 0.03759765625 0.0341796875
0 0.087890625 0.98095703125 0.03515625 0.03759765625
0 0.38671875 0.8427734375 0.02734375 0.03515625
0 0.765625 0.74365234375 0.01318359375 0.0341796875
0 0.654296875 0.71435546875 0.02880859375 0.03173828125
0 0.630859375 0.7021484375 0.0234375 0.03076171875
0 0.24609375 0.6806640625 0.02001953125 0.02294921875
0 0.021484375 0.67919921875 0.017578125 0.0205078125
0 0.046875 0.8203125 0.02880859375 0.03076171875
0 0.3388671875 0.97998046875 0.0498046875 0.0400390625
0 0.73583984375 0.802734375 0.021484375 0.037109375
0 0.44140625 0.68798828125 0.02197265625 0.01953125
0 0.384765625 0.943359375 0.04638671875 0.0498046875
0 0.083984375 0.716796875 0.02294921875 0.02197265625
0 0.57666015625 0.798828125 0.03515625 0.03759765625
0 0.56005859375 0.73291015625 0.02880859375 0.02734375
0 0.1298828125 0.8330078125 0.0400390625 0.03271484375
0 0.6796875 0.984375 0.05322265625 0.0302734375
0 0.72998046875 0.7626953125 0.0361328125 0.0341796875
0 0.5947265625 0.8095703125 0.03125 0.03564453125
0 0.28515625 0.96875 0.03662109375 0.03564453125
0 0.5166015625 0.9443359375 0.03466796875 0.044921875
0 0.296875 0.9462890625 0.03076171875 0.048828125
0 0.68408203125 0.7490234375 0.03271484375 0.0322265625
0 0.03125 0.83447265625 0.01806640625 0.01708984375
0 0.60205078125 0.73779296875 0.0322265625 0.03076171875
0 0.27734375 0.67041015625 0.01416015625 0.0205078125
0 0.2958984375 0.6611328125 0.01806640625 0.0224609375
0 0.36474609375 0.919921875 0.03515625 0.04638671875
0 0.177734375 0.787109375 0.02734375 0.013671875
0 0.30615234375 0.8583984375 0.037109375 0.0361328125
0 0.13818359375 0.6494140625 0.015625 0.01318359375
0 0.162109375 0.6396484375 0.01953125 0.02099609375
0 0.3095703125 0.771484375 0.0302734375 0.02783203125
0 0.03466796875 0.6572265625 0.01953125 0.0205078125
0 0.119140625 0.61279296875 0.01708984375 0.01708984375
0 0.2197265625 0.7548828125 0.017578125 0.0244140625
0 0.0341796875 0.61376953125 0.01611328125 0.015625
0 0.10791015625 0.798828125 0.03125 0.02783203125
0 0.1650390625 0.919921875 0.0361328125 0.04296875
0 0.162109375 0.77880859375 0.02978515625 0.02783203125
0 0.181640625 0.63671875 0.01416015625 0.01953125
0 0.25 0.8603515625 0.03759765625 0.0380859375
0 0.0595703125 0.66015625 0.01953125 0.01806640625
0 0.09375 0.67041015625 0.01708984375 0.01953125
0 0.255859375 0.833984375 0.0322265625 0.025390625
0 0.07763671875 0.63916015625 0.01416015625 0.01025390625
0 0.16259765625 0.62744140625 0.01806640625 0.01611328125
0 0.66943359375 0.76953125 0.03076171875 0.03369140625
0 0.64697265625 0.74853515625 0.02978515625 0.03076171875
0 0.1064453125 0.67333984375 0.0166015625 0.02099609375
0 0.421875 0.701171875 0.01513671875 0.021484375
0 0.107421875 0.703125 0.01318359375 0.0244140625
0 0.4521484375 0.77587890625 0.0234375 0.0283203125
0 0.1513671875 0.75927734375 0.02587890625 0.02294921875
0 0.56201171875 0.689453125 0.01708984375 0.021484375
0 0.3203125 0.7841796875 0.02880859375 0.0244140625
0 0.0390625 0.630859375 0.01904296875 0.0185546875
0 0.75830078125 0.83544921875 0.02099609375 0.03369140625
0 0.64453125 0.76904296875 0.0263671875 0.03076171875
0 0.28125 0.85302734375 0.02978515625 0.0361328125
0 0.28125 0.78125 0.02490234375 0.0205078125
0 0.5205078125 0.78564453125 0.02734375 0.0361328125
0 0.287109375 0.7138671875 0.02587890625 0.02490234375
0 0.4013671875 0.91845703125 0.04296875 0.0498046875
0 0.27685546875 0.70703125 0.02001953125 0.02294921875
0 0.09912109375 0.630859375 0.01904296875 0.02197265625
0 0.11279296875 0.642578125 0.0126953125 0.01904296875
0 0.0419921875 0.7265625 0.021484375 0.02490234375
0 0.42578125 0.9150390625 0.0390625 0.0498046875
0 0.052734375 0.62158203125 0.0126953125 0.01708984375
0 0.572265625 0.85400390625 0.021484375 0.04345703125
0 0.7138671875 0.75634765625 0.0146484375 0.0322265625
0 0.4755859375 0.763671875 0.029296875 0.03173828125
0 0.5068359375 0.744140625 0.025390625 0.02587890625
0 0.5166015625 0.76806640625 0.03173828125 0.033203125
0 0.4736328125 0.74072265625 0.02392578125 0.0244140625
0 0.0068359375 0.77880859375 0.013671875 0.02294921875
0 0.77734375 0.7529296875 0.01513671875 0.01513671875
0 0.2919921875 0.69970703125 0.01904296875 0.017578125
0 0.14501953125 0.62451171875 0.009765625 0.0068359375
0 0.49609375 0.66259765625 0.02099609375 0.02197265625
0 0.13623046875 0.91748046875 0.01416015625 0.0185546875
0 0.005859375 0.87109375 0.01123046875 0.03076171875
0 0.697265625 0.837890625 0.013671875 0.03466796875
0 0.916015625 0.99462890625 0.01611328125 0.009765625