0 0.771484375 0.07373046875 0.00634765625 0.01904296875
0 0.884765625 0.2529296875 0.01171875 0.02490234375
0 0.68408203125 0.1455078125 0.0087890625 0.0205078125
0 0.7197265625 0.20751953125 0.01171875 0.01708984375
0 0.7421875 0.21484375 0.005859375 0.01904296875
0 0.7392578125 0.19921875 0.01123046875 0.01220703125
0 0.68896484375 0.15771484375 0.0087890625 0.01904296875
0 0.9931640625 0.11572265625 0.00732421875 0.01611328125
0 0.71630859375 0.126953125 0.0107421875 0.02197265625
0 0.70556640625 0.17919921875 0.0126953125 0.02392578125
0 0.73095703125 0.17724609375 0.0087890625 0.0224609375
0 0.80859375 0.10546875 0.01025390625 0.017578125
0 0.7158203125 0.150390625 0.01708984375 0.01708984375
0 0.79638671875 0.125 0.0087890625 0.02392578125
0 0.919921875 0.04541015625 0.0068359375 0.01953125
0 0.638671875 0.2275390625 0.0146484375 0.02490234375
0 0.71875 0.1708984375 0.013671875 0.02001953125
0 0.80322265625 0.27294921875 0.017578125 0.0244140625
0 0.97216796875 0.0673828125 0.0078125 0.01513671875
0 0.91796875 0.13525390625 0.00830078125 0.013671875
0 0.86962890625 0.126953125 0.01611328125 0.01611328125
0 0.76123046875 0.19384765625 0.01171875 0.02099609375
0 0.9462890625 0.02783203125 0.0078125 0.0146484375
0 0.93310546875 0.15966796875 0.0087890625 0.0166015625
0 0.8583984375 0.1865234375 0.00732421875 0.0146484375
0 0.7978515625 0.326171875 0.013671875 0.033203125
0 0.82568359375 0.30224609375 0.02001953125 0.02392578125
0 0.68310546875 0.2294921875 0.02001953125 0.02294921875
0 0.97802734375 0.03173828125 0.00732421875 0.01708984375
0 0.8095703125 0.408203125 0.02099609375 0.025390625
0 0.9638671875 0.0380859375 0.00732421875 0.01318359375
0 0.95068359375 0.00927734375 0.00732421875 0.013671875