0 0.68212890625 0.287109375 0.02099609375 0.04345703125
0 0.37109375 0.19921875 0.02392578125 0.048828125
0 0.5537109375 0.58984375 0.01708984375 0.037109375
0 0.3525390625 0.49609375 0.02001953125 0.0341796875
0 0.23095703125 0.37744140625 0.01806640625 0.03857421875
0 0.7392578125 0.89404296875 0.0224609375 0.02685546875
0 0.01025390625 0.380859375 0.01806640625 0.03857421875
0 0.28369140625 0.576171875 0.0185546875 0.037109375
0 0.015625 0.58642578125 0.0205078125 0.03076171875
0 0.11669921875 0.7412109375 0.0224609375 0.03466796875
0 0.15576171875 0.79833984375 0.0185546875 0.03271484375
0 0.203125 0.66650390625 0.013671875 0.029296875
0 0.12109375 0.66162109375 0.01953125 0.02880859375
0 0.52392578125 0.61328125 0.01513671875 0.03466796875
0 0.267578125 0.4677734375 0.01904296875 0.041015625
0 0.8671875 0.98095703125 0.02197265625 0.02734375
0 0.29248046875 0.51513671875 0.01611328125 0.04150390625
0 0.13134765625 0.61328125 0.0185546875 0.03662109375
0 0.24658203125 0.43701171875 0.021484375 0.0380859375
0 0.02490234375 0.93505859375 0.0146484375 0.02783203125
0 0.02685546875 0.89404296875 0.015625 0.03515625
0 0.88720703125 0.9130859375 0.02294921875 0.02880859375
0 0.8115234375 0.7470703125 0.02294921875 0.02587890625
0 0.9052734375 0.982421875 0.0205078125 0.03271484375
0 0.23681640625 0.69189453125 0.02392578125 0.0400390625
0 0.1357421875 0.84912109375 0.01953125 0.03515625
0 0.1259765625 0.8349609375 0.015625 0.02783203125
0 0.767578125 0.9912109375 0.009765625 0.0166015625
0 0.04248046875 0.892578125 0.0107421875 0.0361328125
0 0.19189453125 0.63427734375 0.01513671875 0.02685546875
0 0.048828125 0.69482421875 0.0322265625 0.04443359375
0 0.51513671875 0.6337890625 0.009765625 0.03076171875
0 0.84033203125 0.5625 0.01708984375 0.03564453125
0 0.15380859375 0.85595703125 0.01806640625 0.0322265625
0 0.80029296875 0.35986328125 0.01416015625 0.0302734375
0 0.15185546875 0.88232421875 0.02001953125 0.03076171875
0 0.54150390625 0.798828125 0.0166015625 0.02001953125
0 0.76123046875 0.34716796875 0.00927734375 0.0302734375
0 0.5390625 0.6337890625 0.01318359375 0.029296875
0 0.80322265625 0.95654296875 0.0146484375 0.03076171875
0 0.171875 0.98876953125 0.01708984375 0.0185546875
0 0.8271484375 0.6640625 0.01611328125 0.0400390625