0 0.11572265625 0.4365234375 0.01416015625 0.01806640625
0 0.01416015625 0.2890625 0.0146484375 0.01953125
0 0.07080078125 0.33544921875 0.017578125 0.01318359375
0 0.06494140625 0.7763671875 0.01904296875 0.02001953125
0 0.14404296875 0.2880859375 0.00927734375 0.01904296875
0 0.052734375 0.04345703125 0.017578125 0.01708984375
0 0.05419921875 0.19140625 0.01904296875 0.01806640625
0 0.10693359375 0.30712890625 0.013671875 0.01416015625
0 0.0859375 0.203125 0.021484375 0.01953125
0 0.0341796875 0.0263671875 0.01904296875 0.013671875
0 0.029296875 0.9462890625 0.01806640625 0.02197265625
0 0.0712890625 0.1103515625 0.01611328125 0.01416015625
0 0.06982421875 0.44189453125 0.013671875 0.0126953125
0 0.03564453125 0.42138671875 0.01416015625 0.0166015625
0 0.03564453125 0.89599609375 0.02587890625 0.03173828125
0 0.08837890625 0.9375 0.02978515625 0.03564453125
0 0.115234375 0.19921875 0.0185546875 0.01708984375
0 0.0302734375 0.0888671875 0.01904296875 0.01318359375
0 0.0947265625 0.40673828125 0.01416015625 0.01953125
0 0.029296875 0.1259765625 0.0146484375 0.01416015625
0 0.05322265625 0.091796875 0.0146484375 0.0146484375
0 0.17822265625 0.36572265625 0.00732421875 0.02587890625
0 0.04345703125 0.16552734375 0.01318359375 0.0185546875
0 0.08935546875 0.041015625 0.01416015625 0.01611328125
0 0.1015625 0.37109375 0.0166015625 0.0185546875
0 0.0185546875 0.16845703125 0.01171875 0.0126953125
0 0.0595703125 0.005859375 0.0263671875 0.01123046875
0 0.02001953125 0.15380859375 0.0146484375 0.0146484375
0 0.0556640625 0.16357421875 0.0126953125 0.01708984375
0 0.103515625 0.03125 0.01123046875 0.0205078125
0 0.0791015625 0.15673828125 0.01904296875 0.0146484375
0 0.00634765625 0.3681640625 0.01171875 0.017578125
0 0.0322265625 0.142578125 0.01220703125 0.01171875
0 0.15087890625 0.29541015625 0.01123046875 0.0205078125