0 0.44873046875 0.37841796875 0.033203125 0.04931640625
0 0.783203125 0.81640625 0.017578125 0.06103515625
0 0.4736328125 0.458984375 0.0234375 0.0654296875
0 0.6064453125 0.47509765625 0.017578125 0.06689453125
0 0.8369140625 0.5751953125 0.03076171875 0.041015625
0 0.33984375 0.1962890625 0.0380859375 0.0439453125
0 0.98583984375 0.62060546875 0.0263671875 0.0361328125
0 0.97021484375 0.57763671875 0.03173828125 0.02099609375
0 0.328125 0.224609375 0.02294921875 0.05810546875
0 0.337890625 0.291015625 0.02685546875 0.0634765625
0 0.7568359375 0.73974609375 0.0244140625 0.04736328125