0 0.81494140625 0.7529296875 0.0078125 0.0283203125
0 0.7822265625 0.78564453125 0.0107421875 0.02880859375
0 0.6982421875 0.67919921875 0.00927734375 0.02978515625
0 0.6953125 0.73193359375 0.009765625 0.0263671875
0 0.74169921875 0.3505859375 0.01806640625 0.0185546875
0 0.2421875 0.82177734375 0.013671875 0.02587890625
0 0.9208984375 0.62548828125 0.01123046875 0.02734375
0 0.86669921875 0.4697265625 0.0107421875 0.02587890625
0 0.5546875 0.6279296875 0.01025390625 0.02392578125
0 0.96533203125 0.875 0.0087890625 0.02587890625
0 0.939453125 0.85400390625 0.00927734375 0.03955078125
0 0.5322265625 0.71484375 0.0078125 0.0234375
0 0.43310546875 0.462890625 0.015625 0.02099609375
0 0.33203125 0.71826171875 0.013671875 0.0263671875
0 0.478515625 0.408203125 0.01318359375 0.0283203125
0 0.7578125 0.67236328125 0.009765625 0.02392578125
0 0.3291015625 0.57421875 0.01513671875 0.0263671875
0 0.7880859375 0.81689453125 0.01513671875 0.0224609375
0 0.68115234375 0.826171875 0.009765625 0.02490234375
0 0.9462890625 0.34814453125 0.01513671875 0.0224609375
0 0.53955078125 0.369140625 0.0166015625 0.02197265625
0 0.19140625 0.71484375 0.0185546875 0.02685546875
0 0.939453125 0.65869140625 0.00927734375 0.02490234375
0 0.6142578125 0.63427734375 0.009765625 0.02294921875
0 0.3486328125 0.375 0.01416015625 0.0302734375
0 0.93212890625 0.3984375 0.0146484375 0.0166015625
0 0.4375 0.43798828125 0.009765625 0.02490234375
0 0.486328125 0.7705078125 0.0087890625 0.02734375
0 0.58251953125 0.36865234375 0.01025390625 0.02392578125
0 0.29736328125 0.6201171875 0.00927734375 0.02197265625
0 0.1640625 0.744140625 0.009765625 0.03125
0 0.76904296875 0.86181640625 0.0166015625 0.02099609375
0 0.373046875 0.3818359375 0.01123046875 0.03369140625
0 0.20751953125 0.5498046875 0.0107421875 0.0244140625
0 0.390625 0.453125 0.01123046875 0.03173828125
0 0.4013671875 0.654296875 0.01513671875 0.02978515625
0 0.7451171875 0.560546875 0.017578125 0.02001953125
0 0.52587890625 0.5419921875 0.0107421875 0.02978515625
0 0.36328125 0.53271484375 0.0107421875 0.0263671875
0 0.2177734375 0.4873046875 0.01025390625 0.03125
0 0.55615234375 0.94775390625 0.009765625 0.02783203125
0 0.60546875 0.61865234375 0.0185546875 0.021484375
0 0.474609375 0.34765625 0.01416015625 0.03076171875
0 0.513671875 0.88623046875 0.009765625 0.02978515625
0 0.51171875 0.365234375 0.01611328125 0.025390625
0 0.45703125 0.7880859375 0.0126953125 0.03125
0 0.48974609375 0.357421875 0.01220703125 0.0322265625
0 0.56884765625 0.44287109375 0.0107421875 0.0341796875
0 0.431640625 0.625 0.01123046875 0.0302734375
0 0.79638671875 0.7509765625 0.009765625 0.0341796875
0 0.88037109375 0.40625 0.013671875 0.03125
0 0.64208984375 0.48876953125 0.0107421875 0.0263671875
0 0.625 0.43359375 0.009765625 0.0244140625
0 0.68896484375 0.4228515625 0.009765625 0.03173828125
0 0.81787109375 0.79052734375 0.00830078125 0.037109375
0 0.708984375 0.578125 0.00830078125 0.0322265625
0 0.78515625 0.505859375 0.01123046875 0.029296875
0 0.81982421875 0.568359375 0.0107421875 0.02783203125
0 0.38134765625 0.5693359375 0.00927734375 0.02734375
0 0.66796875 0.6435546875 0.009765625 0.03173828125
0 0.6083984375 0.697265625 0.01171875 0.02783203125
0 0.541015625 0.42626953125 0.0107421875 0.029296875
0 0.255859375 0.3486328125 0.01708984375 0.025390625
0 0.939453125 0.4765625 0.0078125 0.0244140625
0 0.65771484375 0.794921875 0.01318359375 0.0302734375
0 0.87841796875 0.8544921875 0.01220703125 0.03173828125
0 0.68359375 0.6962890625 0.0126953125 0.02783203125
0 0.67041015625 0.4609375 0.00927734375 0.02734375
0 0.67626953125 0.79541015625 0.01123046875 0.033203125
0 0.7275390625 0.41455078125 0.00927734375 0.029296875
0 0.54736328125 0.68017578125 0.0107421875 0.02880859375
0 0.72705078125 0.82080078125 0.01025390625 0.0302734375
0 0.58984375 0.740234375 0.0107421875 0.0361328125
0 0.8271484375 0.607421875 0.00927734375 0.02685546875
0 0.56201171875 0.97998046875 0.01123046875 0.029296875
0 0.68994140625 0.51416015625 0.0078125 0.0302734375
0 0.72021484375 0.47509765625 0.01220703125 0.03125
0 0.701171875 0.478515625 0.009765625 0.0302734375
0 0.72021484375 0.62939453125 0.009765625 0.03076171875
0 0.794921875 0.5771484375 0.0107421875 0.02734375
0 0.66259765625 0.669921875 0.01025390625 0.02880859375
0 0.4599609375 0.9072265625 0.01025390625 0.03466796875
0 0.62060546875 0.8515625 0.0107421875 0.029296875
0 0.96240234375 0.7353515625 0.01123046875 0.03125
0 0.74609375 0.73828125 0.0087890625 0.0341796875
0 0.78173828125 0.85888671875 0.01220703125 0.02734375
0 0.7568359375 0.48046875 0.00830078125 0.0283203125
0 0.63330078125 0.810546875 0.01220703125 0.033203125
0 0.79638671875 0.85546875 0.013671875 0.0283203125
0 0.84423828125 0.43505859375 0.00927734375 0.03271484375
0 0.3759765625 0.66943359375 0.01171875 0.03515625
0 0.560546875 0.89599609375 0.009765625 0.03125
0 0.57568359375 0.498046875 0.0087890625 0.03125
0 0.3486328125 0.599609375 0.00927734375 0.0361328125
0 0.75634765625 0.8662109375 0.01123046875 0.0361328125
0 0.5498046875 0.47705078125 0.00927734375 0.029296875
0 0.8330078125 0.65234375 0.0107421875 0.03466796875
0 0.7158203125 0.8486328125 0.013671875 0.03857421875
0 0.93212890625 0.8212890625 0.01123046875 0.03466796875
0 0.97900390625 0.78662109375 0.01171875 0.029296875
0 0.54638671875 0.595703125 0.0107421875 0.03125
0 0.810546875 0.470703125 0.01025390625 0.029296875
0 0.9384765625 0.623046875 0.0126953125 0.029296875
0 0.5458984375 0.8271484375 0.00927734375 0.03857421875
0 0.55908203125 0.65087890625 0.01171875 0.02978515625
0 0.7802734375 0.443359375 0.0126953125 0.02978515625
0 0.7421875 0.787109375 0.00927734375 0.03369140625
0 0.46044921875 0.65283203125 0.00927734375 0.0283203125
0 0.5849609375 0.537109375 0.0078125 0.03076171875
0 0.8466796875 0.5546875 0.01171875 0.03125
0 0.94189453125 0.443359375 0.009765625 0.025390625
0 0.88525390625 0.681640625 0.01123046875 0.033203125
0 0.91015625 0.447265625 0.013671875 0.02587890625
0 0.85009765625 0.4541015625 0.00732421875 0.03369140625
0 0.94091796875 0.51513671875 0.0107421875 0.02880859375
0 0.68408203125 0.74560546875 0.0087890625 0.02587890625
0 0.79150390625 0.49658203125 0.01171875 0.0263671875
0 0.93017578125 0.58154296875 0.0078125 0.03173828125
0 0.8408203125 0.501953125 0.0126953125 0.02294921875
0 0.92626953125 0.66357421875 0.01025390625 0.029296875
0 0.8583984375 0.5458984375 0.0107421875 0.02685546875
0 0.90625 0.56982421875 0.0126953125 0.029296875
0 0.99658203125 0.43115234375 0.00634765625 0.0283203125
0 0.953125 0.427734375 0.0087890625 0.03466796875
0 0.47705078125 0.806640625 0.0107421875 0.0322265625
0 0.8203125 0.521484375 0.009765625 0.029296875
0 0.84521484375 0.64990234375 0.0107421875 0.029296875
0 0.9013671875 0.8818359375 0.01318359375 0.02978515625
0 0.9716796875 0.70361328125 0.01416015625 0.0322265625
0 0.87255859375 0.904296875 0.01025390625 0.02978515625
0 0.8154296875 0.4296875 0.01220703125 0.0302734375
0 0.90283203125 0.4697265625 0.009765625 0.0302734375
0 0.708984375 0.7294921875 0.0107421875 0.029296875
0 0.1357421875 0.892578125 0.0224609375 0.02734375
0 0.73974609375 0.439453125 0.0126953125 0.025390625
0 0.77978515625 0.6064453125 0.01025390625 0.03076171875
0 0.83349609375 0.6962890625 0.009765625 0.02734375
0 0.93017578125 0.91162109375 0.01220703125 0.03759765625
0 0.97509765625 0.56982421875 0.009765625 0.03076171875
0 0.93798828125 0.58544921875 0.0126953125 0.03369140625
0 0.98095703125 0.6123046875 0.01318359375 0.0302734375
0 0.98583984375 0.55810546875 0.01025390625 0.033203125
0 0.99462890625 0.6875 0.0107421875 0.025390625
0 0.94970703125 0.607421875 0.00927734375 0.03125
0 0.990234375 0.75732421875 0.015625 0.03466796875
0 0.869140625 0.609375 0.015625 0.03564453125
0 0.146484375 0.8720703125 0.01904296875 0.02294921875
0 0.99658203125 0.89501953125 0.00634765625 0.03466796875
0 0.9951171875 0.76220703125 0.009765625 0.041015625
0 0.970703125 0.6640625 0.01123046875 0.02734375
0 0.99755859375 0.6708984375 0.0048828125 0.0263671875
0 0.7744140625 0.77294921875 0.0146484375 0.03271484375
0 0.77685546875 0.7490234375 0.01513671875 0.03076171875
0 0.9423828125 0.26220703125 0.00927734375 0.0126953125