0 0.22216796875 0.326171875 0.107421875 0.1162109375
0 0.22900390625 0.03173828125 0.0888671875 0.0634765625
0 0.07666015625 0.4365234375 0.1044921875 0.1416015625
0 0.07958984375 0.23974609375 0.0732421875 0.1474609375
0 0.15869140625 0.376953125 0.09765625 0.09765625
0 0.35791015625 0.05810546875 0.0830078125 0.1162109375
0 0.21923828125 0.2421875 0.111328125 0.0830078125
0 0.39697265625 0.0380859375 0.0927734375 0.076171875
0 0.21923828125 0.1328125 0.0595703125 0.1416015625
0 0.30078125 0.2080078125 0.091796875 0.09765625
0 0.294921875 0.05810546875 0.056640625 0.1162109375
0 0.447265625 0.0341796875 0.056640625 0.068359375