0 0.681640625 0.583984375 0.0458984375 0.052734375
0 0.5478515625 0.9189453125 0.06103515625 0.0439453125
0 0.0478515625 0.73779296875 0.03759765625 0.03564453125
0 0.0888671875 0.560546875 0.0224609375 0.03955078125
0 0.01123046875 0.634765625 0.02197265625 0.03515625
0 0.66748046875 0.919921875 0.04248046875 0.0380859375
0 0.60986328125 0.599609375 0.0302734375 0.03662109375
0 0.3662109375 0.5615234375 0.0322265625 0.03955078125
0 0.3896484375 0.22900390625 0.0380859375 0.05419921875
0 0.025390625 0.0537109375 0.02197265625 0.048828125
0 0.4921875 0.6572265625 0.0283203125 0.02734375
0 0.70556640625 0.4501953125 0.0244140625 0.0322265625
0 0.11328125 0.37744140625 0.03271484375 0.0390625
0 0.22802734375 0.25390625 0.03466796875 0.03857421875
0 0.4609375 0.4873046875 0.025390625 0.03369140625
0 0.0673828125 0.291015625 0.02685546875 0.04052734375
0 0.34619140625 0.3994140625 0.03466796875 0.0302734375
0 0.1298828125 0.75732421875 0.02880859375 0.06005859375
0 0.189453125 0.794921875 0.0244140625 0.0263671875
0 0.6181640625 0.29541015625 0.02783203125 0.02734375
0 0.15087890625 0.458984375 0.02099609375 0.0498046875
0 0.29931640625 0.31005859375 0.0224609375 0.02978515625
0 0.20654296875 0.56640625 0.029296875 0.03662109375
0 0.0703125 0.62890625 0.02099609375 0.04736328125
0 0.265625 0.611328125 0.0244140625 0.04736328125
0 0.20263671875 0.45166015625 0.0205078125 0.0380859375
0 0.33251953125 0.0517578125 0.029296875 0.03466796875
0 0.19189453125 0.1953125 0.05419921875 0.052734375
0 0.39599609375 0.29052734375 0.0302734375 0.0263671875
0 0.5576171875 0.14697265625 0.0322265625 0.0458984375
0 0.091796875 0.78662109375 0.03466796875 0.046875
0 0.11376953125 0.927734375 0.0283203125 0.06591796875
0 0.45556640625 0.02685546875 0.0234375 0.0234375
0 0.60595703125 0.888671875 0.0283203125 0.05029296875
0 0.15283203125 0.51123046875 0.02880859375 0.04736328125
0 0.4140625 0.14404296875 0.0458984375 0.072265625
0 0.1552734375 0.5498046875 0.029296875 0.0419921875
0 0.56103515625 0.2236328125 0.02880859375 0.04443359375
0 0.0546875 0.4658203125 0.02734375 0.0458984375
0 0.47705078125 0.24658203125 0.037109375 0.04248046875
0 0.15576171875 0.025390625 0.0224609375 0.02490234375
0 0.36474609375 0.1494140625 0.05859375 0.04638671875
0 0.01171875 0.33154296875 0.02197265625 0.02783203125
0 0.06689453125 0.189453125 0.02099609375 0.03662109375
0 0.4677734375 0.40380859375 0.0390625 0.04541015625
0 0.3271484375 0.52294921875 0.01513671875 0.0419921875
0 0.4169921875 0.09130859375 0.0341796875 0.0341796875
0 0.19677734375 0.11865234375 0.0302734375 0.03662109375
0 0.09765625 0.95556640625 0.02490234375 0.03466796875
0 0.61328125 0.15966796875 0.021484375 0.0322265625
0 0.390625 0.53759765625 0.02880859375 0.02490234375
0 0.16943359375 0.32373046875 0.017578125 0.03759765625
0 0.3994140625 0.12744140625 0.0185546875 0.0341796875
0 0.17626953125 0.17724609375 0.0283203125 0.02587890625
0 0.33349609375 0.5029296875 0.03271484375 0.0341796875
0 0.08642578125 0.5107421875 0.02685546875 0.03466796875
0 0.537109375 0.9521484375 0.025390625 0.03857421875
0 0.37158203125 0.49072265625 0.02001953125 0.02880859375
0 0.47265625 0.02099609375 0.0615234375 0.0361328125
0 0.06689453125 0.990234375 0.0185546875 0.0185546875
0 0.15576171875 0.697265625 0.0185546875 0.02001953125
0 0.19287109375 0.67333984375 0.015625 0.01708984375
0 0.525390625 0.1806640625 0.01611328125 0.0283203125