0 0.029296875 0.35791015625 0.0419921875 0.064453125
0 0.30615234375 0.08984375 0.0302734375 0.0458984375
0 0.29541015625 0.05615234375 0.0341796875 0.033203125
0 0.208984375 0.564453125 0.0419921875 0.0830078125
0 0.49755859375 0.29296875 0.0439453125 0.056640625
0 0.455078125 0.13134765625 0.0302734375 0.05078125
0 0.4326171875 0.25244140625 0.0400390625 0.044921875
0 0.25048828125 0.53076171875 0.0361328125 0.0751953125
0 0.48486328125 0.3955078125 0.0390625 0.0703125
0 0.1494140625 0.49267578125 0.0341796875 0.0751953125
0 0.42333984375 0.12646484375 0.03125 0.0517578125
0 0.00390625 0.1044921875 0.0078125 0.025390625
0 0.56103515625 0.19970703125 0.0302734375 0.0595703125
0 0.455078125 0.29833984375 0.033203125 0.060546875
0 0.41748046875 0.16796875 0.04296875 0.0576171875
0 0.30078125 0.13818359375 0.0234375 0.046875
0 0.1279296875 0.71435546875 0.041015625 0.080078125
0 0.38671875 0.275390625 0.04296875 0.0498046875
0 0.51953125 0.4501953125 0.037109375 0.0693359375
0 0.41845703125 0.0302734375 0.03515625 0.0498046875
0 0.400390625 0.35546875 0.02734375 0.0634765625
0 0.11279296875 0.09814453125 0.0419921875 0.0439453125
0 0.11279296875 0.2216796875 0.0234375 0.03125