0 0.19189453125 0.66162109375 0.02197265625 0.02197265625
0 0.2685546875 0.681640625 0.017578125 0.01806640625
0 0.2421875 0.462890625 0.01513671875 0.02587890625
0 0.298828125 0.42626953125 0.01123046875 0.029296875
0 0.28125 0.6328125 0.0107421875 0.0263671875
0 0.3857421875 0.232421875 0.01171875 0.03271484375
0 0.3564453125 0.2177734375 0.01513671875 0.02001953125
0 0.41796875 0.15576171875 0.00927734375 0.02783203125
0 0.19775390625 0.70361328125 0.0087890625 0.03271484375
0 0.4296875 0.1962890625 0.0166015625 0.0322265625
0 0.3515625 0.306640625 0.0087890625 0.03173828125
0 0.427734375 0.17578125 0.01123046875 0.01953125
0 0.3798828125 0.19921875 0.01123046875 0.0244140625
0 0.4169921875 0.1220703125 0.01171875 0.03564453125
0 0.2939453125 0.23779296875 0.01123046875 0.03076171875
0 0.43994140625 0.18505859375 0.00634765625 0.01220703125
0 0.4013671875 0.00732421875 0.00732421875 0.013671875