0 0.330078125 0.25830078125 0.0859375 0.24609375
0 0.4404296875 0.724609375 0.1826171875 0.224609375
0 0.37353515625 0.0537109375 0.1083984375 0.107421875
0 0.43798828125 0.1162109375 0.119140625 0.16015625
0 0.46630859375 0.1748046875 0.14453125 0.169921875
0 0.46728515625 0.35791015625 0.16015625 0.1142578125
0 0.27392578125 0.03125 0.1279296875 0.0625
0 0.18212890625 0.21728515625 0.1611328125 0.228515625
0 0.39892578125 0.9248046875 0.111328125 0.1357421875
0 0.08203125 0.36865234375 0.1494140625 0.1376953125
0 0.3017578125 0.49755859375 0.1240234375 0.107421875
0 0.06982421875 0.259765625 0.1015625 0.1884765625
0 0.1572265625 0.59716796875 0.1669921875 0.158203125
0 0.13232421875 0.88134765625 0.1708984375 0.154296875
0 0.083984375 0.5302734375 0.16796875 0.142578125
0 0.1474609375 0.4462890625 0.1494140625 0.115234375
0 0.015625 0.8740234375 0.03125 0.1015625