0 0.37109375 0.92822265625 0.05078125 0.044921875
0 0.44921875 0.82666015625 0.0390625 0.0380859375
0 0.7666015625 0.9423828125 0.05078125 0.048828125
0 0.75537109375 0.86962890625 0.0400390625 0.0478515625
0 0.80126953125 0.73681640625 0.01953125 0.0380859375
0 0.86865234375 0.84619140625 0.041015625 0.0478515625
0 0.5146484375 0.779296875 0.033203125 0.0341796875
0 0.96044921875 0.89697265625 0.05078125 0.0537109375
0 0.9970703125 0.73583984375 0.005859375 0.0341796875
0 0.74658203125 0.7216796875 0.0283203125 0.0283203125
0 0.80078125 0.8525390625 0.03515625 0.0390625
0 0.10986328125 0.96875 0.0244140625 0.04296875
0 0.97607421875 0.71044921875 0.029296875 0.0341796875
0 0.83837890625 0.92431640625 0.0244140625 0.05859375
0 0.83203125 0.74365234375 0.0224609375 0.0400390625
0 0.87451171875 0.69873046875 0.021484375 0.033203125
0 0.97900390625 0.77880859375 0.041015625 0.044921875
0 0.87548828125 0.7724609375 0.03125 0.0390625
0 0.52392578125 0.75634765625 0.0244140625 0.0361328125
0 0.60546875 0.82373046875 0.01953125 0.0341796875
0 0.37841796875 0.947265625 0.0302734375 0.044921875
0 0.81201171875 0.72705078125 0.0166015625 0.0244140625
0 0.5673828125 0.8388671875 0.029296875 0.021484375
0 0.85791015625 0.75634765625 0.0341796875 0.0390625
0 0.35888671875 0.81396484375 0.04296875 0.04296875
0 0.75439453125 0.91357421875 0.025390625 0.0244140625
0 0.47900390625 0.7646484375 0.01171875 0.0283203125
0 0.04296875 0.90869140625 0.0185546875 0.0283203125
0 0.8486328125 0.76220703125 0.0146484375 0.021484375