0 0.5595703125 0.62109375 0.013671875 0.01708984375
0 0.5478515625 0.623046875 0.013671875 0.0166015625
0 0.8740234375 0.6220703125 0.01611328125 0.0185546875
0 0.87841796875 0.609375 0.0146484375 0.01708984375
0 0.65185546875 0.60986328125 0.01123046875 0.01416015625
0 0.35888671875 0.7021484375 0.01513671875 0.01953125
0 0.267578125 0.794921875 0.0166015625 0.02197265625
0 0.3896484375 0.7421875 0.0146484375 0.01806640625
0 0.79833984375 0.61279296875 0.01318359375 0.01611328125
0 0.671875 0.623046875 0.01123046875 0.01806640625
0 0.0849609375 0.7265625 0.0126953125 0.0185546875
0 0.0703125 0.73046875 0.01416015625 0.015625
0 0.822265625 0.611328125 0.01220703125 0.0146484375
0 0.2724609375 0.76318359375 0.01025390625 0.0205078125
0 0.24169921875 0.810546875 0.01708984375 0.021484375
0 0.2392578125 0.68701171875 0.0126953125 0.015625
0 0.283203125 0.681640625 0.0146484375 0.017578125
0 0.36083984375 0.64697265625 0.01318359375 0.0166015625
0 0.2041015625 0.68994140625 0.01123046875 0.01611328125
0 0.1796875 0.697265625 0.01513671875 0.0166015625
0 0.5888671875 0.68212890625 0.0087890625 0.01904296875
0 0.6162109375 0.6123046875 0.009765625 0.01513671875
0 0.4873046875 0.62353515625 0.0087890625 0.0166015625
0 0.4228515625 0.6298828125 0.00927734375 0.01513671875
0 0.6953125 0.625 0.01318359375 0.01708984375
0 0.37109375 0.66015625 0.00830078125 0.01904296875
0 0.4326171875 0.626953125 0.0087890625 0.0146484375
0 0.26416015625 0.6904296875 0.01708984375 0.02294921875
0 0.1669921875 0.7158203125 0.01025390625 0.01220703125
0 0.64404296875 0.62060546875 0.01025390625 0.015625
0 0.0439453125 0.7744140625 0.01513671875 0.01953125
0 0.1611328125 0.7724609375 0.017578125 0.01953125
0 0.3212890625 0.78076171875 0.02099609375 0.0224609375
0 0.4033203125 0.7021484375 0.0087890625 0.01904296875
0 0.02197265625 0.74169921875 0.00830078125 0.01953125
0 0.25390625 0.67626953125 0.0087890625 0.01416015625
0 0.322265625 0.66357421875 0.00830078125 0.0107421875
0 0.3193359375 0.759765625 0.0078125 0.01806640625