0 0.7158203125 0.47802734375 0.02880859375 0.02490234375
0 0.52587890625 0.55322265625 0.0166015625 0.0322265625
0 0.15234375 0.4150390625 0.013671875 0.03369140625
0 0.79833984375 0.64794921875 0.02001953125 0.03564453125
0 0.69384765625 0.8505859375 0.01953125 0.0390625
0 0.5458984375 0.67431640625 0.01318359375 0.03173828125
0 0.9677734375 0.94873046875 0.01806640625 0.03515625
0 0.59716796875 0.876953125 0.01416015625 0.03759765625
0 0.5 0.58447265625 0.015625 0.03125
0 0.728515625 0.79248046875 0.0146484375 0.0419921875
0 0.671875 0.87548828125 0.0244140625 0.0380859375
0 0.4150390625 0.560546875 0.013671875 0.0302734375
0 0.89794921875 0.71923828125 0.01806640625 0.03564453125
0 0.4755859375 0.826171875 0.01708984375 0.0380859375
0 0.50244140625 0.95556640625 0.0166015625 0.03857421875
0 0.94189453125 0.74560546875 0.01513671875 0.0390625
0 0.4208984375 0.91845703125 0.025390625 0.03125
0 0.4169921875 0.755859375 0.013671875 0.041015625
0 0.4697265625 0.87109375 0.01806640625 0.0419921875
0 0.25341796875 0.626953125 0.025390625 0.04150390625
0 0.32275390625 0.55615234375 0.01416015625 0.02978515625
0 0.01171875 0.6220703125 0.01513671875 0.0341796875
0 0.3330078125 0.62255859375 0.015625 0.0322265625
0 0.22216796875 0.8447265625 0.013671875 0.02685546875
0 0.0185546875 0.53564453125 0.0126953125 0.03466796875
0 0.08203125 0.56201171875 0.01025390625 0.0244140625
0 0.4462890625 0.630859375 0.01123046875 0.0400390625
0 0.31298828125 0.708984375 0.01904296875 0.03076171875
0 0.0751953125 0.60595703125 0.01416015625 0.0322265625
0 0.15625 0.92529296875 0.0234375 0.0234375
0 0.18408203125 0.68701171875 0.01171875 0.03515625
0 0.06787109375 0.81884765625 0.01806640625 0.03466796875
0 0.080078125 0.861328125 0.01611328125 0.04052734375
0 0.04638671875 0.57421875 0.0107421875 0.03466796875
0 0.2802734375 0.7177734375 0.01123046875 0.03466796875
0 0.47021484375 0.5712890625 0.01123046875 0.0322265625
0 0.09521484375 0.822265625 0.01513671875 0.03515625
0 0.326171875 0.84619140625 0.01220703125 0.0380859375
0 0.1328125 0.8203125 0.01318359375 0.0361328125
0 0.10693359375 0.96533203125 0.01611328125 0.03857421875
0 0.0224609375 0.8505859375 0.01513671875 0.046875
0 0.2021484375 0.92724609375 0.01513671875 0.03662109375
0 0.19287109375 0.712890625 0.02294921875 0.03857421875
0 0.19775390625 0.59814453125 0.0224609375 0.0205078125
0 0.337890625 0.9755859375 0.01123046875 0.04052734375
0 0.2958984375 0.66552734375 0.013671875 0.03466796875
0 0.5263671875 0.70654296875 0.0126953125 0.03759765625
0 0.18017578125 0.59521484375 0.01416015625 0.03466796875
0 0.14208984375 0.93212890625 0.0166015625 0.03759765625
0 0.32421875 0.67529296875 0.0146484375 0.03271484375
0 0.01806640625 0.974609375 0.03369140625 0.05029296875
0 0.33251953125 0.81494140625 0.009765625 0.03857421875
0 0.22998046875 0.74365234375 0.0087890625 0.03466796875
0 0.1484375 0.72509765625 0.00830078125 0.03662109375
0 0.26953125 0.85595703125 0.0087890625 0.0419921875
0 0.1640625 0.6005859375 0.009765625 0.03564453125
0 0.482421875 0.90625 0.01220703125 0.03955078125
0 0.18701171875 0.56787109375 0.01171875 0.02880859375
0 0.00732421875 0.5927734375 0.0107421875 0.0380859375
0 0.26806640625 0.9873046875 0.0205078125 0.025390625
0 0.29931640625 0.775390625 0.01123046875 0.03466796875
0 0.28955078125 0.6201171875 0.00830078125 0.03369140625
0 0.23046875 0.68994140625 0.00830078125 0.03466796875
0 0.48974609375 0.78564453125 0.01025390625 0.0361328125
0 0.26220703125 0.7275390625 0.0087890625 0.03955078125
0 0.8095703125 0.87255859375 0.0185546875 0.03759765625
0 0.4052734375 0.89306640625 0.01123046875 0.04296875
0 0.12548828125 0.7734375 0.0078125 0.03662109375
0 0.14501953125 0.68408203125 0.00830078125 0.03759765625
0 0.40087890625 0.486328125 0.02197265625 0.02734375
0 0.24365234375 0.62890625 0.0078125 0.03564453125
0 0.1884765625 0.98779296875 0.015625 0.0244140625
0 0.2392578125 0.9892578125 0.01611328125 0.02099609375
0 0.908203125 0.603515625 0.01513671875 0.03564453125
0 0.16943359375 0.724609375 0.0078125 0.0400390625
0 0.28662109375 0.80078125 0.01220703125 0.04296875
0 0.3037109375 0.748046875 0.01220703125 0.02978515625
0 0.39404296875 0.46875 0.0126953125 0.02490234375
0 0.009765625 0.98779296875 0.013671875 0.0244140625