0 0.51611328125 0.01513671875 0.0341796875 0.0302734375
0 0.40966796875 0.328125 0.0380859375 0.0693359375
0 0.416015625 0.4697265625 0.03515625 0.083984375
0 0.439453125 0.19189453125 0.0439453125 0.0791015625
0 0.203125 0.3662109375 0.033203125 0.0673828125
0 0.255859375 0.2802734375 0.0576171875 0.072265625
0 0.0703125 0.42626953125 0.044921875 0.0703125
0 0.18603515625 0.369140625 0.037109375 0.05859375
0 0.41943359375 0.00390625 0.0498046875 0.0078125
0 0.6484375 0.0302734375 0.0244140625 0.025390625
0 0.166015625 0.27392578125 0.0478515625 0.0693359375
0 0.26513671875 0.02978515625 0.0419921875 0.0595703125
0 0.5576171875 0.08935546875 0.03125 0.033203125
0 0.3955078125 0.49609375 0.044921875 0.099609375
0 0.14306640625 0.31201171875 0.0400390625 0.05859375