0 0.54931640625 0.4501953125 0.09716796875 0.2451171875
0 0.34130859375 0.42578125 0.0791015625 0.24365234375
0 0.50439453125 0.3876953125 0.0810546875 0.19384765625
0 0.31591796875 0.29833984375 0.130859375 0.158203125
0 0.39306640625 0.0703125 0.10400390625 0.138671875
0 0.56005859375 0.22802734375 0.115234375 0.142578125
0 0.0810546875 0.509765625 0.1171875 0.25390625
0 0.7216796875 0.52734375 0.11669921875 0.17919921875
0 0.24609375 0.7197265625 0.0849609375 0.2900390625
0 0.57421875 0.75146484375 0.06884765625 0.287109375
0 0.06689453125 0.85693359375 0.12744140625 0.28515625
0 0.95361328125 0.53662109375 0.09228515625 0.20654296875
0 0.91845703125 0.6962890625 0.1591796875 0.13623046875
0 0.7578125 0.830078125 0.13232421875 0.14404296875
0 0.7060546875 0.62939453125 0.11181640625 0.12353515625
0 0.21142578125 0.0830078125 0.0751953125 0.16357421875
0 0.74365234375 0.4326171875 0.11376953125 0.11865234375
0 0.85888671875 0.75732421875 0.1572265625 0.1435546875
0 0.73828125 0.9462890625 0.08154296875 0.10546875
0 0.904296875 0.087890625 0.13427734375 0.16845703125
0 0.81201171875 0.33984375 0.12890625 0.09814453125
0 0.064453125 0.08251953125 0.103515625 0.16259765625
0 0.44921875 0.59033203125 0.0625 0.2099609375
0 0.2998046875 0.9560546875 0.06640625 0.08740234375
0 0.11572265625 0.9375 0.0810546875 0.125