0 0.1728515625 0.783203125 0.02734375 0.0341796875
0 0.11474609375 0.6923828125 0.0205078125 0.0234375
0 0.0703125 0.771484375 0.03076171875 0.0361328125
0 0.2607421875 0.7470703125 0.017578125 0.0322265625
0 0.140625 0.791015625 0.01806640625 0.0380859375
0 0.08642578125 0.70751953125 0.02197265625 0.0234375
0 0.095703125 0.6787109375 0.0205078125 0.02197265625
0 0.572265625 0.74609375 0.02734375 0.0380859375
0 0.029296875 0.73583984375 0.02294921875 0.03125
0 0.74169921875 0.7451171875 0.0185546875 0.01953125
0 0.1015625 0.66796875 0.009765625 0.01171875
0 0.0205078125 0.72265625 0.02197265625 0.01318359375