0 0.39404296875 0.2626953125 0.0224609375 0.041015625
0 0.2177734375 0.48583984375 0.0380859375 0.052734375
0 0.38134765625 0.7412109375 0.0419921875 0.0537109375
0 0.38671875 0.552734375 0.03515625 0.056640625
0 0.32373046875 0.45068359375 0.03515625 0.0498046875
0 0.330078125 0.587890625 0.0390625 0.0537109375
0 0.51611328125 0.62939453125 0.04296875 0.0595703125
0 0.09716796875 0.57666015625 0.0478515625 0.0546875
0 0.37841796875 0.40087890625 0.029296875 0.0517578125
0 0.3310546875 0.65576171875 0.048828125 0.056640625
0 0.11181640625 0.529296875 0.0302734375 0.0517578125
0 0.3408203125 0.63232421875 0.04296875 0.0537109375
0 0.06640625 0.44775390625 0.0263671875 0.0458984375
0 0.568359375 0.33203125 0.033203125 0.0458984375
0 0.8037109375 0.85107421875 0.064453125 0.08984375
0 0.40283203125 0.4169921875 0.03125 0.046875
0 0.287109375 0.56005859375 0.0244140625 0.0537109375
0 0.63720703125 0.6220703125 0.037109375 0.0634765625
0 0.14306640625 0.4892578125 0.0380859375 0.048828125
0 0.27294921875 0.462890625 0.0341796875 0.0439453125
0 0.1591796875 0.3232421875 0.02734375 0.0458984375
0 0.4765625 0.56787109375 0.0234375 0.0546875
0 0.05126953125 0.36083984375 0.0263671875 0.037109375
0 0.42626953125 0.43115234375 0.033203125 0.052734375
0 0.31591796875 0.36865234375 0.033203125 0.0498046875
0 0.5634765625 0.375 0.0341796875 0.0400390625
0 0.53564453125 0.28076171875 0.0283203125 0.04296875
0 0.73095703125 0.90478515625 0.0673828125 0.078125
0 0.162109375 0.4619140625 0.0224609375 0.0458984375
0 0.34423828125 0.26953125 0.0205078125 0.0400390625
0 0.51025390625 0.29052734375 0.0361328125 0.0380859375
0 0.2802734375 0.2783203125 0.01953125 0.037109375
0 0.1328125 0.53955078125 0.0166015625 0.0361328125
0 0.01708984375 0.466796875 0.0341796875 0.03125
0 0.29931640625 0.27490234375 0.0146484375 0.0361328125
0 0.14990234375 0.26904296875 0.0146484375 0.0419921875
0 0.10986328125 0.41015625 0.017578125 0.0322265625
0 0.09521484375 0.27685546875 0.013671875 0.0390625
0 0.15087890625 0.34814453125 0.0234375 0.021484375
0 0.326171875 0.34326171875 0.025390625 0.0302734375
0 0.0107421875 0.28173828125 0.0205078125 0.025390625
0 0.56884765625 0.75927734375 0.0341796875 0.0615234375
0 0.1689453125 0.4169921875 0.01953125 0.0263671875
0 0.044921875 0.6513671875 0.0185546875 0.0478515625
0 0.54736328125 0.404296875 0.0205078125 0.05859375
0 0.4677734375 0.37744140625 0.0234375 0.0380859375
0 0.13427734375 0.57275390625 0.017578125 0.0458984375
0 0.24853515625 0.7197265625 0.025390625 0.0751953125
0 0.08349609375 0.97412109375 0.0361328125 0.0517578125
0 0.78076171875 0.794921875 0.02734375 0.06640625
0 0.1015625 0.77294921875 0.03125 0.0517578125
0 0.14208984375 0.59326171875 0.0234375 0.0498046875
0 0.3857421875 0.40576171875 0.015625 0.029296875
0 0.26220703125 0.4521484375 0.015625 0.02734375