0 0.33056640625 0.1494140625 0.0078125 0.02001953125
0 0.33642578125 0.04248046875 0.0107421875 0.01904296875
0 0.34814453125 0.13427734375 0.0087890625 0.02099609375
0 0.400390625 0.1201171875 0.0078125 0.01904296875
0 0.36376953125 0.07421875 0.00732421875 0.01904296875
0 0.37890625 0.0859375 0.00830078125 0.02197265625
0 0.39599609375 0.16748046875 0.0078125 0.021484375
0 0.65771484375 0.0498046875 0.00634765625 0.021484375
0 0.8623046875 0.181640625 0.0068359375 0.0185546875
0 0.55712890625 0.251953125 0.009765625 0.0224609375
0 0.412109375 0.05517578125 0.009765625 0.0185546875
0 0.82861328125 0.0634765625 0.009765625 0.0205078125
0 0.76171875 0.2548828125 0.0107421875 0.01806640625
0 0.341796875 0.009765625 0.0185546875 0.01953125
0 0.83203125 0.21923828125 0.01123046875 0.0244140625
0 0.5 0.2255859375 0.0078125 0.0205078125
0 0.8046875 0.01806640625 0.0107421875 0.01513671875
0 0.587890625 0.2451171875 0.0087890625 0.0166015625
0 0.32275390625 0.00732421875 0.0126953125 0.01416015625
0 0.48974609375 0.2177734375 0.01025390625 0.0244140625
0 0.61328125 0.08154296875 0.00732421875 0.01953125
0 0.56591796875 0.2109375 0.0087890625 0.0234375
0 0.6142578125 0.24609375 0.0087890625 0.0205078125
0 0.470703125 0.0185546875 0.01220703125 0.02294921875
0 0.82080078125 0.00830078125 0.01171875 0.0146484375
0 0.5341796875 0.0537109375 0.00634765625 0.025390625
0 0.71826171875 0.2177734375 0.01318359375 0.01953125
0 0.82373046875 0.1220703125 0.00634765625 0.01806640625
0 0.5869140625 0.17578125 0.00634765625 0.02001953125
0 0.45068359375 0.228515625 0.0078125 0.01953125
0 0.79443359375 0.15087890625 0.009765625 0.01806640625
0 0.72314453125 0.251953125 0.01123046875 0.017578125
0 0.509765625 0.19384765625 0.0087890625 0.021484375
0 0.45654296875 0.060546875 0.0087890625 0.02001953125
0 0.79833984375 0.232421875 0.00732421875 0.0166015625
0 0.63818359375 0.24267578125 0.00927734375 0.02099609375
0 0.435546875 0.138671875 0.0166015625 0.0244140625
0 0.7841796875 0.21484375 0.0078125 0.01708984375
0 0.48291015625 0.09375 0.0068359375 0.021484375
0 0.81591796875 0.162109375 0.0068359375 0.02001953125
0 0.8466796875 0.2060546875 0.00732421875 0.01806640625
0 0.5595703125 0.0146484375 0.01171875 0.02294921875
0 0.76318359375 0.15673828125 0.01025390625 0.0205078125
0 0.47216796875 0.05517578125 0.00830078125 0.02001953125
0 0.587890625 0.13134765625 0.00732421875 0.015625
0 0.7265625 0.240234375 0.009765625 0.01953125
0 0.439453125 0.04248046875 0.0078125 0.017578125
0 0.755859375 0.0810546875 0.0126953125 0.0283203125
0 0.70556640625 0.19384765625 0.00830078125 0.02001953125
0 0.6220703125 0.19970703125 0.0078125 0.025390625
0 0.71630859375 0.166015625 0.00830078125 0.01953125
0 0.43310546875 0.06689453125 0.00927734375 0.021484375
0 0.44091796875 0.0888671875 0.00830078125 0.02001953125
0 0.4716796875 0.14794921875 0.00634765625 0.01904296875
0 0.38916015625 0.02001953125 0.00830078125 0.017578125
0 0.72998046875 0.15771484375 0.00732421875 0.02197265625
0 0.45556640625 0.17822265625 0.00732421875 0.01904296875
0 0.4267578125 0.14111328125 0.00439453125 0.02001953125
0 0.59716796875 0.2080078125 0.00927734375 0.02099609375
0 0.818359375 0.08251953125 0.0078125 0.02294921875
0 0.458984375 0.126953125 0.0068359375 0.02001953125
0 0.8056640625 0.20361328125 0.00634765625 0.015625
0 0.7373046875 0.02587890625 0.0068359375 0.0185546875
0 0.5126953125 0.173828125 0.0078125 0.02001953125
0 0.5478515625 0.1806640625 0.00830078125 0.02099609375
0 0.73583984375 0.14404296875 0.00927734375 0.01513671875
0 0.64208984375 0.20947265625 0.0087890625 0.02197265625
0 0.5126953125 0.146484375 0.0087890625 0.02197265625
0 0.498046875 0.146484375 0.0087890625 0.0205078125
0 0.72607421875 0.1865234375 0.00830078125 0.01904296875
0 0.45556640625 0.1005859375 0.00830078125 0.02001953125
0 0.81982421875 0.2021484375 0.005859375 0.01953125
0 0.7197265625 0.0322265625 0.01171875 0.01708984375
0 0.5888671875 0.22216796875 0.00927734375 0.01611328125
0 0.66748046875 0.2275390625 0.00927734375 0.02294921875
0 0.62744140625 0.05712890625 0.00830078125 0.0234375
0 0.779296875 0.04345703125 0.01123046875 0.01220703125
0 0.60888671875 0.11572265625 0.0166015625 0.02294921875
0 0.79052734375 0.076171875 0.0068359375 0.021484375
0 0.56884765625 0.16796875 0.00830078125 0.02197265625
0 0.673828125 0.17529296875 0.00830078125 0.021484375
0 0.69091796875 0.10986328125 0.00830078125 0.02490234375
0 0.69482421875 0.0244140625 0.0126953125 0.01953125
0 0.79052734375 0.19677734375 0.00927734375 0.0205078125
0 0.68505859375 0.1328125 0.00830078125 0.0263671875
0 0.73583984375 0.1103515625 0.00830078125 0.02392578125
0 0.80419921875 0.068359375 0.00732421875 0.0224609375
0 0.51904296875 0.109375 0.0078125 0.02001953125
0 0.6474609375 0.19677734375 0.00732421875 0.0224609375
0 0.48876953125 0.01123046875 0.01171875 0.02197265625
0 0.6552734375 0.16650390625 0.01171875 0.01806640625
0 0.7001953125 0.0556640625 0.01025390625 0.01708984375
0 0.56298828125 0.03857421875 0.01220703125 0.02392578125
0 0.52880859375 0.197265625 0.00732421875 0.0205078125
0 0.796875 0.18310546875 0.00927734375 0.01025390625
0 0.77978515625 0.17919921875 0.009765625 0.02001953125
0 0.74755859375 0.03125 0.0087890625 0.01318359375
0 0.69677734375 0.24462890625 0.009765625 0.01220703125
0 0.4853515625 0.1201171875 0.0068359375 0.0234375
0 0.69482421875 0.07958984375 0.01220703125 0.02783203125
0 0.63134765625 0.12255859375 0.009765625 0.025390625
0 0.537109375 0.173828125 0.0087890625 0.021484375
0 0.7685546875 0.04638671875 0.009765625 0.0126953125
0 0.638671875 0.140625 0.009765625 0.0205078125
0 0.783203125 0.09619140625 0.00927734375 0.02294921875
0 0.64794921875 0.08349609375 0.009765625 0.02587890625
0 0.7138671875 0.06103515625 0.01025390625 0.01025390625
0 0.62158203125 0.1484375 0.00830078125 0.0234375
0 0.47412109375 0.11279296875 0.01123046875 0.0185546875
0 0.685546875 0.05029296875 0.01171875 0.02001953125
0 0.60009765625 0.14794921875 0.0087890625 0.02294921875
0 0.61669921875 0.00830078125 0.01123046875 0.0166015625
0 0.7470703125 0.1162109375 0.01171875 0.02294921875
0 0.66162109375 0.1259765625 0.0087890625 0.02197265625
0 0.55126953125 0.1435546875 0.009765625 0.021484375
0 0.33056640625 0.04931640625 0.01416015625 0.01806640625
0 0.64697265625 0.13525390625 0.0087890625 0.0224609375
0 0.3974609375 0.00732421875 0.009765625 0.01318359375
0 0.580078125 0.06494140625 0.0107421875 0.025390625
0 0.65576171875 0.22216796875 0.01123046875 0.02197265625
0 0.58203125 0.04736328125 0.01171875 0.01904296875
0 0.50244140625 0.107421875 0.0087890625 0.0283203125
0 0.79443359375 0.0947265625 0.0107421875 0.01416015625
0 0.5615234375 0.1279296875 0.009765625 0.02197265625
0 0.7177734375 0.087890625 0.0087890625 0.01953125
0 0.50146484375 0.0859375 0.00830078125 0.0205078125
0 0.595703125 0.17529296875 0.0078125 0.0185546875
0 0.53466796875 0.09765625 0.00830078125 0.0224609375
0 0.6025390625 0.05322265625 0.01171875 0.02587890625
0 0.8310546875 0.19091796875 0.0107421875 0.01416015625
0 0.63330078125 0.16259765625 0.0078125 0.0205078125
0 0.5625 0.08642578125 0.01171875 0.03369140625
0 0.49169921875 0.09716796875 0.0087890625 0.02490234375
0 0.60693359375 0.0849609375 0.01123046875 0.0234375
0 0.57763671875 0.130859375 0.00927734375 0.021484375
0 0.59228515625 0.04638671875 0.01171875 0.021484375
0 0.63037109375 0.0078125 0.01025390625 0.015625
0 0.5478515625 0.11279296875 0.01123046875 0.0224609375
0 0.580078125 0.08935546875 0.009765625 0.02685546875
0 0.5185546875 0.01806640625 0.0078125 0.025390625
0 0.6533203125 0.23974609375 0.009765625 0.01953125
0 0.802734375 0.2333984375 0.0078125 0.0146484375
0 0.83056640625 0.00439453125 0.00830078125 0.0087890625
0 0.640625 0.107421875 0.009765625 0.0302734375
0 0.59228515625 0.23974609375 0.01025390625 0.01318359375
0 0.54052734375 0.05322265625 0.00927734375 0.02294921875
0 0.52197265625 0.09814453125 0.009765625 0.01904296875
0 0.8271484375 0.1064453125 0.009765625 0.0166015625
0 0.6640625 0.04638671875 0.00732421875 0.021484375
0 0.6953125 0.03564453125 0.0107421875 0.01513671875